1.644532799720764160e+00
3.763410449028015137e-01
5.339072346687316895e-01
1.830025315284729004e+00
2.651705026626586914e+00
2.181229889392852783e-01
2.924401760101318359e-01
-1.042528867721557617e+00
1.882795333862304688e+00
-1.950981259346008301e+00
1.896602064371109009e-01
-1.525610536336898804e-01
4.778241813182830811e-01
1.778002619743347168e+00
-2.253600358963012695e-01
1.655188679695129395e+00
7.997797727584838867e-01
1.644719958305358887e+00
9.696772694587707520e-02
2.363485395908355713e-01
-1.626057783141732216e-04
-2.250003963708877563e-01
-7.371177673339843750e-01
6.925181746482849121e-01
1.542138218879699707e+00
-1.268535256385803223e+00
6.216961145401000977e-01
-7.602905035018920898e-01
-1.946894884109497070e+00
1.172353744506835938e+00
-1.533846735954284668e+00
1.037959575653076172e+00
5.323004722595214844e-01
5.548430681228637695e-01
7.057650685310363770e-01
-6.330351233482360840e-01
9.624775052070617676e-01
1.912354826927185059e-01
-1.640486478805541992e+00
5.162669345736503601e-02
-1.990552783012390137e+00
1.400820970535278320e+00
-1.590239644050598145e+00
-1.081131219863891602e+00
3.192784070968627930e+00
-1.105697989463806152e+00
1.946141719818115234e+00
-9.095893502235412598e-01
-3.172028064727783203e-01
-2.910124957561492920e-01
-3.999778628349304199e-01
-1.039583921432495117e+00
-3.773975744843482971e-02
1.372965216636657715e+00
5.702182650566101074e-01
-9.927775263786315918e-01
1.236313357949256897e-01
-7.576533555984497070e-01
2.398956120014190674e-01
-7.260439991950988770e-01
2.149150222539901733e-01
-5.596942901611328125e-01
-1.174122095108032227e-01
1.476987153291702271e-01
-7.462187409400939941e-01
-1.842044711112976074e+00
-5.679594352841377258e-02
-3.334118425846099854e-01
5.272886157035827637e-01
1.784474551677703857e-01
-4.535188972949981689e-01
-8.514238893985748291e-02
-1.525624155998229980e+00
-2.349826544523239136e-01
4.051254987716674805e-01
1.395874023437500000e+00
8.896509408950805664e-01
-5.477079153060913086e-01
1.125212669372558594e+00
-1.775738447904586792e-01
2.769838571548461914e+00
2.761987447738647461e-01
3.332826197147369385e-01
2.500000000000000000e-01
8.867517709732055664e-01
-1.176870584487915039e+00
5.829991102218627930e-01
-6.672284007072448730e-01
-2.018203884363174438e-01
-6.182361245155334473e-01
3.662428557872772217e-01
-7.969679832458496094e-01
-1.013362333178520203e-01
5.176703929901123047e-01
-2.443914264440536499e-01
-5.118864774703979492e-02
-3.060745894908905029e-01
1.099424958229064941e+00
6.562635302543640137e-01
1.242293566465377808e-01
-1.163865327835083008e+00
4.186750352382659912e-01
9.042776823043823242e-01
-7.731209993362426758e-01
-5.657351613044738770e-01
-1.895118653774261475e-01
-4.965301752090454102e-01
9.792532324790954590e-01
1.143527269363403320e+00
-1.794894337654113770e+00
-3.402022719383239746e-01
-1.261912226676940918e+00
-1.046082377433776855e+00
1.159297466278076172e+00
-2.120849370956420898e+00
-1.074916243553161621e+00
2.091457605361938477e+00
5.136025696992874146e-02
1.088739156723022461e+00
1.644721388816833496e+00
-9.518517255783081055e-01
-8.937600255012512207e-01
-9.657328128814697266e-01
-8.170182704925537109e-01
2.975997626781463623e-01
7.340322732925415039e-01
1.483947932720184326e-01
-3.267264604568481445e+00
1.131696462631225586e+00
-1.036624550819396973e+00
-6.194615960121154785e-01
-1.385909557342529297e+00
-1.757451891899108887e+00
1.997426897287368774e-01
7.958703637123107910e-01
-1.771121770143508911e-01
7.740899920463562012e-01
1.179168894886970520e-01
4.725052714347839355e-01
2.170122385025024414e+00
-1.037435293197631836e+00
-1.056384682655334473e+00
1.286037325859069824e+00
2.571711838245391846e-01
5.013225674629211426e-01
4.921514093875885010e-01
-9.048293232917785645e-01
-5.277479812502861023e-02
7.343774437904357910e-01
-1.135662317276000977e+00
9.559779167175292969e-01
4.295092225074768066e-01
-7.409756779670715332e-01
-8.102188706398010254e-01
-5.406630635261535645e-01
-1.257611751556396484e+00
6.681744009256362915e-02
-1.291668415069580078e-01
-2.062344402074813843e-01
1.085032939910888672e+00
-5.400075316429138184e-01
-3.920730948448181152e-01
1.033316254615783691e-01
-1.141492605209350586e+00
1.686319231986999512e+00
-6.920796036720275879e-01
3.761487007141113281e-01
-8.878969550132751465e-01
9.252030253410339355e-01
4.401654005050659180e-01
1.804971456527709961e+00
1.342900991439819336e+00
8.734816908836364746e-01
4.038565754890441895e-01
1.290740251541137695e+00
-2.196321785449981689e-01
-9.893842339515686035e-01
-3.857850730419158936e-01
-3.608874678611755371e-01
2.966549694538116455e-01
-2.050736397504806519e-01
-2.711638249456882477e-02
7.666062116622924805e-01
1.219205617904663086e+00
1.180629968643188477e+00
-3.467494547367095947e-01
-2.056281089782714844e+00
4.737085998058319092e-01
-4.173108935356140137e-01
1.095393657684326172e+00
-4.577588438987731934e-01
-8.165628910064697266e-01
-3.068343877792358398e+00
-1.605898439884185791e-01
-1.382042527198791504e+00
-1.270803451538085938e+00
-1.814412474632263184e-01
9.015024304389953613e-01
-8.840962052345275879e-01
-5.295927524566650391e-01
-2.654067575931549072e-01
1.071071624755859375e+00
8.962697386741638184e-01
6.427154541015625000e-01
1.937498599290847778e-01
2.008499950170516968e-01
8.981782197952270508e-01
-6.226109862327575684e-01
1.196675181388854980e+00
-4.386098086833953857e-01
-1.248286247253417969e+00
-2.519297599792480469e-01
-4.193519353866577148e-01
5.372170805931091309e-01
-4.989686608314514160e-01
1.779255747795104980e+00
-1.140938043594360352e+00
1.358038187026977539e+00
2.704730331897735596e-01
-3.040047585964202881e-01
5.604528784751892090e-01
4.830489307641983032e-02
-4.225713312625885010e-01
-3.243255317211151123e-01
1.457447528839111328e+00
-9.994260668754577637e-01
-5.752526521682739258e-01
1.383823156356811523e+00
-1.762387037277221680e+00
2.579555511474609375e+00
-2.260693162679672241e-01
-2.084585666656494141e+00
-7.359840869903564453e-01
-6.815582513809204102e-01
1.142234563827514648e+00
2.865049242973327637e-01
-1.277293443679809570e+00
-2.335303068161010742e+00
1.745623499155044556e-01
-2.408987879753112793e-01
1.798416674137115479e-01
-9.209101647138595581e-02
-7.740290164947509766e-01
-1.579313278198242188e+00
-9.665325284004211426e-01
-5.848637223243713379e-01
-5.309981703758239746e-01
-5.182996988296508789e-01
-9.466382861137390137e-01
-2.591560184955596924e-01
1.048158168792724609e+00
3.800685107707977295e-01
-1.801531076431274414e+00
1.582519173622131348e+00
-1.101841330528259277e+00
-1.835327893495559692e-01
1.526326537132263184e+00
-2.161633223295211792e-01
1.163790583610534668e+00
1.249803900718688965e+00
6.889693737030029297e-01
3.324518501758575439e-01
-1.226527214050292969e+00
-3.920517265796661377e-01
3.914000988006591797e-01
4.773623645305633545e-01
-3.281050622463226318e-01
1.863090693950653076e-01
-1.870936989784240723e+00
-5.891432985663414001e-02
7.059729695320129395e-01
-7.874886989593505859e-01
-2.676672935485839844e-01
1.956074833869934082e+00
8.563702702522277832e-01
3.321817219257354736e-01
2.483527362346649170e-01
-6.944623589515686035e-01
-6.070847511291503906e-01
1.633154511451721191e+00
-1.430260539054870605e+00
1.889937520027160645e+00
5.679189562797546387e-01
-8.121675252914428711e-01
1.667758464813232422e+00
6.085018068552017212e-02
2.469872832298278809e-01
2.429177165031433105e-01
2.395895868539810181e-01
6.265567541122436523e-01
-1.271568775177001953e+00
-2.605412006378173828e-01
2.590093910694122314e-01
-3.769957721233367920e-01
-1.442071646451950073e-01
-8.491867184638977051e-01
1.112478137016296387e+00
-1.202537193894386292e-01
4.702787995338439941e-01
-5.176084041595458984e-01
-4.971378445625305176e-01
6.628739088773727417e-02
1.215713739395141602e+00
4.525811076164245605e-01
-4.871466755867004395e-01
2.093946933746337891e-01
-3.006045818328857422e-01
-1.915654987096786499e-01
-7.683533709496259689e-03
-1.256560444831848145e+00
-7.576979398727416992e-01
-3.753238543868064880e-02
-4.208615422248840332e-01
1.156511783599853516e+00
1.343795776367187500e+00
7.235970497131347656e-01
-1.504017114639282227e-01
1.690263152122497559e-01
-9.896466135978698730e-01
1.742033958435058594e+00
1.230963230133056641e+00
-6.908591389656066895e-01
4.391034692525863647e-02
-5.147027373313903809e-01
8.864632993936538696e-02
-1.399776488542556763e-01
-3.786111772060394287e-01
-7.690700888633728027e-01
2.138623476028442383e+00
-1.624180376529693604e-01
1.558055639266967773e+00
7.492911219596862793e-01
1.212024828419089317e-03
6.974391341209411621e-01
-9.871029257774353027e-01
1.218808531761169434e+00
2.232166081666946411e-01
-4.574214667081832886e-02
-1.650189042091369629e+00
-5.262490734457969666e-02
-8.310492038726806641e-01
4.904127717018127441e-01
-1.436408042907714844e+00
4.416328668594360352e-01
-3.194913566112518311e-01
-3.672857880592346191e-01
-2.358871847391128540e-01
-2.916206791996955872e-02
-1.165311694145202637e+00
1.050000935792922974e-01
3.210583925247192383e-01
8.599184155464172363e-01
1.548345804214477539e+00
8.067406415939331055e-01
1.255729347467422485e-01
-4.328167438507080078e-01
-1.592547893524169922e+00
8.948098421096801758e-01
1.243574142456054688e+00
3.126070499420166016e-01
1.390899538993835449e+00
-2.286478042602539062e+00
5.299896001815795898e-01
4.508884251117706299e-02
1.574129760265350342e-01
-1.239748358726501465e+00
-6.862569451332092285e-01
1.804595351219177246e+00
-6.419936418533325195e-01
1.281171321868896484e+00
3.132438659667968750e-01
-1.007449388504028320e+00
-5.993166565895080566e-01
-9.197269380092620850e-02
-7.792301774024963379e-01
-1.697848588228225708e-01
-1.683150649070739746e+00
2.284310817718505859e+00
9.116579890251159668e-01
-3.210698068141937256e-01
-8.627319931983947754e-01
3.626784384250640869e-01
1.119055986404418945e+00
-4.164328053593635559e-02
-3.373014628887176514e-01
-3.486559391021728516e-01
6.367900371551513672e-01
9.715977907180786133e-01
-3.200440406799316406e-01
-5.508303046226501465e-01
8.165665864944458008e-01
1.335209608078002930e+00
2.255101948976516724e-01
1.251489639282226562e+00
5.693410038948059082e-01
1.558111071586608887e+00
6.250355243682861328e-01
-1.370877861976623535e+00
-1.133627772331237793e+00
1.394405215978622437e-01
1.314155817031860352e+00
-1.714316904544830322e-01
-1.057658195495605469e-01
-2.370467662811279297e+00
-1.028003334999084473e+00
-7.562126517295837402e-01
-3.250612691044807434e-02
3.594779968261718750e-01
-4.211918711662292480e-01
-1.630582094192504883e+00
-1.238782182335853577e-01
-7.394662499427795410e-02
-1.277114033699035645e+00
-3.134977519512176514e-01
-1.384065002202987671e-01
2.677083492279052734e+00
2.283082753419876099e-01
-1.685058772563934326e-01
-1.535029649734497070e+00
-1.172900557518005371e+00
-1.087235927581787109e+00
7.155422568321228027e-01
1.958522349596023560e-01
-1.023331046104431152e+00
-1.763215065002441406e+00
-8.311871886253356934e-01
1.578419655561447144e-01
-8.444871008396148682e-02
7.282446622848510742e-01
1.469957351684570312e+00
-2.700834274291992188e-01
-4.512934088706970215e-01
-9.957611560821533203e-01
7.260991334915161133e-01
7.828413844108581543e-01
9.017075896263122559e-01
2.315938025712966919e-01
-1.707869470119476318e-01
2.513801753520965576e-01
-6.271679997444152832e-01
-7.413414120674133301e-01
6.884666681289672852e-01
-1.635402441024780273e+00
3.603745996952056885e-02
-1.253352034837007523e-02
4.423502385616302490e-01
-8.134945631027221680e-01
-3.149706721305847168e-01
2.177868127822875977e+00
5.025706887245178223e-01
1.063465233892202377e-02
1.684955835342407227e+00
-8.958116173744201660e-01
-2.088398188352584839e-01
4.652186632156372070e-01
-4.388558864593505859e-01
-1.260235309600830078e+00
3.955139219760894775e-01
1.638908267021179199e+00
-5.858979821205139160e-01
6.036442704498767853e-03
3.682970106601715088e-01
7.064175605773925781e-01
7.842900156974792480e-01
2.824820876121520996e-01
-6.517032980918884277e-01
9.021311998367309570e-01
2.839353799819946289e+00
-4.264418482780456543e-01
4.272468090057373047e-01
7.673158049583435059e-01
6.691383719444274902e-01
-1.668637156486511230e+00
9.075707197189331055e-01
-3.819063678383827209e-02
-4.811500906944274902e-01
2.408537715673446655e-01
-6.111467480659484863e-01
4.098378121852874756e-01
1.204355597496032715e+00
-1.454071164131164551e+00
8.225936293601989746e-01
-6.631792187690734863e-01
-2.880565822124481201e-02
-2.201523780822753906e+00
1.444740146398544312e-01
1.594031214714050293e+00
-8.087600469589233398e-01
-3.185220956802368164e+00
3.868829011917114258e-01
5.058734416961669922e-01
-9.212911725044250488e-01
-1.319227218627929688e-01
-7.326614856719970703e-02
7.065631747245788574e-01
1.182155534625053406e-01
2.409577369689941406e-01
1.717111766338348389e-01
-2.539546694606542587e-04
-1.150983214378356934e+00
4.162599742412567139e-01
1.692342638969421387e+00
1.641547679901123047e+00
-2.301639318466186523e-01
8.447602987289428711e-01
-1.545790672302246094e+00
-1.257899850606918335e-01
-1.592630147933959961e-01
3.689878582954406738e-01
1.615367978811264038e-01
2.428585141897201538e-01
-1.083350539207458496e+00
-4.121401011943817139e-01
9.182056784629821777e-01
-6.432239413261413574e-01
1.061337590217590332e+00
6.019878983497619629e-01
-2.527638673782348633e-01
2.092194557189941406e-02
2.547657191753387451e-01
5.988231301307678223e-01
7.857118248939514160e-01
9.001603722572326660e-01
9.348704814910888672e-01
1.065343260765075684e+00
4.449560642242431641e-01
2.530806660652160645e-01
3.953446149826049805e-01
-1.670728623867034912e-01
-6.399222016334533691e-01
-3.238173723220825195e-01
-5.677425861358642578e-01
6.808661222457885742e-01
1.623056769371032715e+00
-3.544956073164939880e-02
-7.127671688795089722e-02
6.072137951850891113e-01
5.006048083305358887e-01
-1.664102077484130859e+00
5.385169982910156250e-01
-3.410300612449645996e-01
-3.353372514247894287e-01
-1.195375025272369385e-01
6.148225069046020508e-01
-4.155650436878204346e-01
1.610305905342102051e+00
5.434275865554809570e-01
6.781607270240783691e-01
3.212848445400595665e-03
1.109889745712280273e+00
-2.804897725582122803e-01
5.292353685945272446e-03
6.823599338531494141e-03
-1.037599682807922363e+00
1.012025475502014160e+00
8.101463913917541504e-01
5.128635168075561523e-01
-1.430194377899169922e-01
7.017496824264526367e-01
3.110162615776062012e-01
-7.562746405601501465e-01
1.602505564689636230e+00
-8.170892596244812012e-01
6.114252209663391113e-01
-4.647455513477325439e-01
-9.420064091682434082e-01
1.389797449111938477e+00
-9.089806079864501953e-01
3.587970510125160217e-02
-3.526490032672882080e-01
9.338715672492980957e-01
2.090721279382705688e-01
-1.538105249404907227e+00
1.024132132530212402e+00
-3.928167819976806641e-01
5.735607147216796875e-01
1.948398709297180176e+00
-1.228846430778503418e+00
-9.375132918357849121e-01
-5.499584600329399109e-02
3.576267510652542114e-02
1.036160826683044434e+00
-1.428827643394470215e-01
-6.792950630187988281e-01
6.261689066886901855e-01
-1.161649346351623535e+00
-5.614206194877624512e-01
1.927631616592407227e+00
3.337336182594299316e-01
-1.683450639247894287e-01
1.199662461876869202e-01
-4.695630967617034912e-01
-8.023592233657836914e-01
-1.067535281181335449e+00
1.849608302116394043e+00
1.163834705948829651e-01
-2.942979037761688232e-01
-1.177801132202148438e+00
-5.009949207305908203e-01
9.338938593864440918e-01
1.131598234176635742e+00
-9.965894222259521484e-01
2.012157887220382690e-01
1.007295727729797363e+00
-4.061315655708312988e-01
8.522970080375671387e-01
-7.554447054862976074e-01
3.234011828899383545e-01
7.905309200286865234e-01
-1.829110026359558105e+00
1.717283844947814941e+00
-4.068988263607025146e-01
4.604160413146018982e-02
1.291135311126708984e+00
2.409156858921051025e-01
1.033193469047546387e-01
-1.075276851654052734e+00
2.979510463774204254e-02
3.251736164093017578e-01
-1.283267855644226074e+00
-6.747089624404907227e-01
1.428611874580383301e+00
5.315845608711242676e-01
-6.875321865081787109e-01
1.390392184257507324e+00
-1.358898758888244629e+00
-2.941895127296447754e-01
8.663601875305175781e-01
-3.928800225257873535e-01
8.778355717658996582e-01
-3.431997299194335938e-01
-1.325919777154922485e-01
1.385592937469482422e+00
6.424049139022827148e-01
-4.807483255863189697e-01
2.089512586593627930e+00
9.754837155342102051e-01
1.327529430389404297e+00
1.440536618232727051e+00
-3.205003142356872559e-01
5.745177865028381348e-01
-2.465839624404907227e+00
8.852674365043640137e-01
-3.703289330005645752e-01
5.036254525184631348e-01
4.446797370910644531e-01
2.925146818161010742e-01
-1.089130997657775879e+00
1.674374938011169434e+00
1.457555651664733887e+00
-1.698384881019592285e+00
-1.510506719350814819e-01
1.105468750000000000e+00
5.725896954536437988e-01
6.268127560615539551e-01
5.177652239799499512e-01
1.258230805397033691e+00
-1.574293017387390137e+00
-1.848921626806259155e-01
2.471209615468978882e-01
-1.149469375610351562e+00
-3.453438580036163330e-01
-4.763796925544738770e-01
6.804040074348449707e-01
2.638860642910003662e-01
-2.655571997165679932e-01
-5.221019387245178223e-01
-1.914912581443786621e+00
-1.881142735481262207e+00
-3.100801408290863037e-01
5.650830268859863281e-01
-2.648994028568267822e-01
7.401695847511291504e-02
1.593011021614074707e-01
1.754906654357910156e+00
-1.296992450952529907e-01
1.083450838923454285e-01
1.623896718025207520e+00
-1.799776196479797363e+00
-7.469078898429870605e-01
-1.204526543617248535e+00
-4.327121675014495850e-01
-7.772049903869628906e-01
-1.953620195388793945e+00
-4.523950219154357910e-01
3.903324007987976074e-01
2.927387356758117676e-01
8.035625219345092773e-01
-6.646855473518371582e-01
3.486283719539642334e-01
2.646165490150451660e-01
2.524372100830078125e+00
-8.119852542877197266e-01
-2.150238275527954102e+00
-5.099367499351501465e-01
-4.470216333866119385e-01
-9.507572054862976074e-01
7.246717214584350586e-01
2.261342555284500122e-01
-1.265945434570312500e-01
1.651233077049255371e+00
1.841919779777526855e+00
-2.641309984028339386e-02
8.442596793174743652e-01
-2.053408384323120117e+00
-1.281145095825195312e+00
1.721045188605785370e-02
-1.603086709976196289e+00
2.086764872074127197e-01
7.743665575981140137e-01
1.552529096603393555e+00
-9.223271012306213379e-01
-1.740461111068725586e+00
1.109822273254394531e+00
1.005132794380187988e+00
-8.078001141548156738e-01
-5.431331396102905273e-01
1.317418694496154785e+00
-4.869308471679687500e-01
-3.881500959396362305e-01
4.450386166572570801e-01
-1.315373420715332031e+00
-9.742366075515747070e-01
8.051013201475143433e-02
2.598150968551635742e-01
2.086106538772583008e+00
1.431769505143165588e-02
1.757893562316894531e-01
-1.882434248924255371e+00
2.390408217906951904e-01
-6.375599503517150879e-01
1.529158592224121094e+00
2.260538339614868164e-01
-3.555871248245239258e-01
1.021850824356079102e+00
-7.330387830734252930e-01
7.810313105583190918e-01
-1.369876384735107422e+00
1.352482676506042480e+00
3.232396543025970459e-01
-2.893542647361755371e-01
2.530318200588226318e-01
3.258078992366790771e-01
1.872041106224060059e+00
-8.338921703398227692e-03
1.488770842552185059e-01
3.859891593456268311e-01
5.091697350144386292e-02
4.079889357089996338e-01
2.999331057071685791e-01
-1.871260881423950195e+00
1.981631755828857422e+00
-2.668838500976562500e-01
1.597392320632934570e+00
1.220010757446289062e+00
2.450479567050933838e-01
3.943164944648742676e-01
-1.661858677864074707e+00
1.221867203712463379e+00
-5.691170692443847656e-01
-1.950486660003662109e+00
1.386280775070190430e+00
8.827771991491317749e-02
-3.944483697414398193e-01
-4.633841216564178467e-01
-1.219458460807800293e+00
-1.608024358749389648e+00
-2.053174525499343872e-01
1.301251500844955444e-01
7.350264191627502441e-01
7.310565114021301270e-01
-1.189245939254760742e+00
-1.786530613899230957e+00
8.330865949392318726e-02
1.635143160820007324e+00
3.582226485013961792e-02
1.370243787765502930e+00
7.389315962791442871e-01
1.108682632446289062e+00
9.881488680839538574e-01
5.689005851745605469e-01
1.022198677062988281e+00
4.167879223823547363e-01
-1.296079754829406738e+00
-9.278317689895629883e-01
-5.363248586654663086e-01
7.361065149307250977e-01
-6.350541114807128906e-01
-3.075795173645019531e+00
2.120400428771972656e+00
8.067210912704467773e-01
3.852343857288360596e-01
-7.930411100387573242e-01
1.497865915298461914e-01
-2.884843051433563232e-01
3.151983022689819336e-01
-1.369441002607345581e-01
5.478956699371337891e-01
1.626806616783142090e+00
-3.970942497253417969e-01
