-1.084626555442810059e+00
-4.614930152893066406e-01
-7.610509991645812988e-01
1.883524656295776367e+00
1.718452125787734985e-01
2.394703179597854614e-01
-1.314395546913146973e+00
1.365231424570083618e-01
-7.323563694953918457e-01
3.936198353767395020e-01
4.464079737663269043e-01
1.939142681658267975e-02
-1.121681481599807739e-01
2.186136007308959961e+00
-3.708739280700683594e-01
1.423016309738159180e+00
-1.893115639686584473e-01
-8.044461011886596680e-01
-7.662729620933532715e-01
1.274369508028030396e-01
-5.877370238304138184e-01
2.177420377731323242e+00
6.256651878356933594e-02
-9.883507490158081055e-01
9.778778254985809326e-02
-3.694901466369628906e-01
1.367464959621429443e-01
-9.606071710586547852e-01
1.502260267734527588e-01
7.157251238822937012e-02
-1.892361640930175781e+00
-2.116698622703552246e-01
-1.719057202339172363e+00
9.491491913795471191e-01
1.094181537628173828e+00
-9.218602776527404785e-01
1.595251634716987610e-02
-1.311838388442993164e+00
2.507163882255554199e-01
6.294896453619003296e-02
5.489798784255981445e-01
-1.314352393150329590e+00
-3.046544790267944336e-01
-3.236564993858337402e-01
-1.230714678764343262e+00
7.159416675567626953e-01
-4.702730774879455566e-01
-1.104968786239624023e+00
-1.523092240095138550e-01
1.063274860382080078e+00
1.091188788414001465e+00
-2.906625866889953613e-01
-1.521609306335449219e+00
3.428103327751159668e-01
3.468008935451507568e-01
8.657343685626983643e-02
2.081818431615829468e-01
-3.509588539600372314e-01
1.567830801010131836e+00
-1.916517972946166992e+00
7.388488054275512695e-01
1.000947237014770508e+00
2.797671318054199219e+00
-1.821246504783630371e+00
5.048362016677856445e-01
-9.285917878150939941e-02
4.661798775196075439e-01
3.502198308706283569e-02
1.543942928314208984e+00
2.775298655033111572e-01
1.132166385650634766e+00
-1.624860316514968872e-01
-3.275049626827239990e-01
-8.246470689773559570e-01
-1.722810387611389160e+00
-1.193778038024902344e+00
-6.822378039360046387e-01
-1.257826387882232666e-01
-1.448383808135986328e+00
-1.788655519485473633e+00
5.993291735649108887e-02
-1.751527041196823120e-01
3.417582213878631592e-01
5.565907955169677734e-01
-1.358849644660949707e+00
-5.428618192672729492e-02
-1.399193406105041504e-01
-3.785574436187744141e-01
-7.027871012687683105e-01
7.506144791841506958e-02
-2.102693170309066772e-01
2.443593502044677734e+00
1.277969956398010254e+00
1.224394321441650391e+00
8.372946381568908691e-01
-9.038645029067993164e-01
1.718335151672363281e-01
1.587406516075134277e+00
1.227132081985473633e+00
-1.173505544662475586e+00
1.547259092330932617e-01
-4.208482503890991211e-01
1.081166505813598633e+00
-1.668444395065307617e+00
-1.535001158714294434e+00
-8.874145150184631348e-01
1.148080229759216309e+00
-2.125843316316604614e-01
2.950509786605834961e-01
-3.704620003700256348e-01
1.603400468826293945e+00
1.326567530632019043e+00
1.809784173965454102e-01
-1.139003485441207886e-01
1.776761263608932495e-01
8.678058385848999023e-01
-1.637774258852005005e-01
-5.223464965820312500e-01
7.901130318641662598e-01
-1.965057402849197388e-01
3.532956838607788086e-01
-1.080965161323547363e+00
4.827069640159606934e-01
-2.152665257453918457e-01
6.546415090560913086e-01
-2.407379746437072754e-01
1.722450375556945801e+00
3.183243423700332642e-02
4.863607883453369141e-01
-3.821731209754943848e-01
-1.277762293815612793e+00
-5.483990311622619629e-01
2.289590239524841309e-01
-2.120606154203414917e-01
1.182268500328063965e+00
5.877224802970886230e-01
-1.379800558090209961e+00
-7.114489078521728516e-01
2.061976045370101929e-01
-3.070435822010040283e-01
-3.846047222614288330e-01
-9.121043682098388672e-01
-1.582547783851623535e+00
8.553642630577087402e-01
-3.177092373371124268e-01
-5.175232291221618652e-01
1.388993740081787109e+00
1.978679418563842773e+00
-2.044951468706130981e-01
2.622301876544952393e-01
-9.361596703529357910e-01
-6.047134399414062500e-01
1.254504203796386719e+00
8.673129677772521973e-01
3.026609122753143311e-01
-1.220043540000915527e+00
-7.397803068161010742e-01
2.269698977470397949e-01
1.180996417999267578e+00
6.679309606552124023e-01
3.027938604354858398e-01
1.323673844337463379e+00
9.451407790184020996e-01
7.044455409049987793e-01
-1.259318351745605469e+00
-1.074059128761291504e+00
2.226304560899734497e-01
-2.617369890213012695e-01
5.615143775939941406e-01
3.554510474205017090e-01
-6.516491174697875977e-01
1.025420784950256348e+00
1.460112780332565308e-01
-3.011832237243652344e-01
2.681084275245666504e-01
-8.910650610923767090e-01
7.051995396614074707e-01
1.419462442398071289e+00
-1.361295133829116821e-01
3.148704171180725098e-01
-1.745389103889465332e-01
-5.238511562347412109e-01
7.498649358749389648e-01
-9.097931385040283203e-01
4.808927476406097412e-01
-5.756766200065612793e-01
2.201095104217529297e+00
6.018229126930236816e-01
1.885320544242858887e-01
1.947633981704711914e+00
7.611322402954101562e-01
-1.068959236145019531e+00
-5.432629585266113281e-01
7.625706791877746582e-01
-1.818143129348754883e-01
-4.491710066795349121e-01
-8.002598881721496582e-01
-7.430581450462341309e-01
6.674326658248901367e-01
1.198630928993225098e+00
-4.955992102622985840e-01
-1.777272373437881470e-01
-8.780719637870788574e-01
-3.193076848983764648e-01
2.084799289703369141e+00
6.252522468566894531e-01
-4.313884973526000977e-01
8.799577131867408752e-03
1.770386934280395508e+00
1.213017344474792480e+00
2.824296653270721436e-01
7.466239482164382935e-02
-8.097788095474243164e-01
-6.081808209419250488e-01
1.061304211616516113e+00
-2.793486714363098145e-01
-2.076564282178878784e-01
-2.042152404785156250e+00
-4.296936392784118652e-01
-5.184509754180908203e-01
-2.462996691465377808e-01
-6.185026168823242188e-01
-3.039776980876922607e-01
-5.187205672264099121e-01
-4.422808885574340820e-01
-4.539367556571960449e-01
-9.070505499839782715e-01
-1.074952602386474609e+00
9.605630040168762207e-01
3.991536498069763184e-01
9.887266159057617188e-01
2.320727109909057617e+00
-2.214912652969360352e+00
1.043124198913574219e+00
-1.806080341339111328e-01
1.270392537117004395e-01
7.453747987747192383e-01
1.181360706686973572e-01
-4.879511594772338867e-01
-1.385227590799331665e-01
-4.053594470024108887e-01
1.237157344818115234e+00
1.150984406471252441e+00
5.466690063476562500e-01
-7.930869460105895996e-01
-1.003806114196777344e+00
-8.495264649391174316e-01
-1.160346865653991699e+00
-2.106924772262573242e+00
3.600452244281768799e-01
-1.650417894124984741e-01
-5.460469126701354980e-01
-6.386408805847167969e-01
9.900490045547485352e-01
7.686249017715454102e-01
1.115991234779357910e+00
-1.614505410194396973e+00
-1.307286977767944336e+00
-5.013089179992675781e-01
-2.191211700439453125e+00
-2.875522375106811523e-01
-7.666798681020736694e-02
6.571896672248840332e-01
-5.057288408279418945e-01
1.955126821994781494e-01
1.142773628234863281e+00
-2.139808386564254761e-01
-7.576328516006469727e-01
-4.197092354297637939e-01
4.607640206813812256e-01
-5.680656433105468750e-01
1.863296180963516235e-01
-1.212265253067016602e+00
1.410656452178955078e+00
-2.194432914257049561e-01
5.031188949942588806e-02
-7.588755488395690918e-01
-1.140679478645324707e+00
6.310483217239379883e-01
2.235420197248458862e-01
-3.679139316082000732e-01
-5.347971320152282715e-01
-1.203672409057617188e+00
3.601174354553222656e-01
-1.385536193847656250e+00
1.161861777305603027e+00
-2.648114971816539764e-02
-1.913170814514160156e-01
5.936636924743652344e-01
-9.626371860504150391e-01
-1.156854867935180664e+00
-1.289140701293945312e+00
7.660024613142013550e-02
-7.475083470344543457e-01
-6.734421104192733765e-02
4.673533141613006592e-02
1.118554115295410156e+00
-9.292511343955993652e-01
-1.366177916526794434e+00
-1.449485659599304199e+00
7.761228680610656738e-01
-2.030566215515136719e+00
-3.000346124172210693e-01
-1.641119122505187988e+00
3.399116992950439453e-01
7.689705491065979004e-01
-3.687287494540214539e-02
3.460163995623588562e-02
-1.487436294555664062e+00
5.000000000000000000e-01
1.316089153289794922e+00
-2.289993613958358765e-01
-2.895286560058593750e+00
-1.898173838853836060e-01
-1.086867973208427429e-01
-1.342050313949584961e+00
3.584018051624298096e-01
-8.918815851211547852e-01
4.547621905803680420e-01
-3.769070208072662354e-01
-2.542318701744079590e-01
-1.385046124458312988e+00
-6.412521004676818848e-03
-1.344280719757080078e+00
6.441181302070617676e-01
-4.414366185665130615e-01
1.468279004096984863e+00
-2.024783372879028320e+00
-9.566807150840759277e-01
1.686235308647155762e+00
1.433268785476684570e+00
3.958136588335037231e-02
-1.185575246810913086e+00
-2.163329362869262695e+00
4.124299585819244385e-01
-2.549959719181060791e-01
-1.196460247039794922e+00
6.042243838310241699e-01
5.809271335601806641e-01
9.997680187225341797e-01
2.427051961421966553e-01
3.336883783340454102e-01
-1.055032968521118164e+00
-3.321264684200286865e-01
-5.135759711265563965e-01
-1.199483498930931091e-01
-9.500595331192016602e-01
4.379917681217193604e-01
-8.083074688911437988e-01
6.537170410156250000e-01
-4.983703494071960449e-01
1.429725050926208496e+00
1.234808087348937988e+00
8.606941699981689453e-01
-6.961609125137329102e-01
-1.085663437843322754e+00
-7.728825211524963379e-01
2.845943450927734375e+00
2.570920288562774658e-01
1.035805583000183105e+00
-7.356770634651184082e-01
9.155135750770568848e-01
1.750758409500122070e+00
2.139009237289428711e+00
2.907413244247436523e-01
7.203873991966247559e-01
1.534539818763732910e+00
-1.529673933982849121e+00
7.229716777801513672e-01
5.916382670402526855e-01
-7.948476076126098633e-01
3.242618143558502197e-01
-4.927070736885070801e-01
-4.724733904004096985e-02
-1.229535490274429321e-01
-3.772480487823486328e-01
8.527541160583496094e-01
-7.819769531488418579e-02
-8.589312434196472168e-01
7.740172743797302246e-01
-1.624742865562438965e+00
-6.957824826240539551e-01
-4.495813250541687012e-01
-9.840708971023559570e-01
3.041441440582275391e-01
1.289151430130004883e+00
5.350937247276306152e-01
-4.070922434329986572e-01
-6.836806535720825195e-01
1.463331818580627441e+00
-7.079659700393676758e-01
2.823326736688613892e-02
1.134521126747131348e+00
1.019940257072448730e+00
-1.008438467979431152e+00
-9.329184889793395996e-01
6.536620259284973145e-01
1.022292971611022949e+00
5.613788366317749023e-01
7.333422452211380005e-02
-5.596929192543029785e-01
6.961088511161506176e-04
3.549772799015045166e-01
-2.451488375663757324e-01
2.882291972637176514e-01
1.864196658134460449e-01
-1.353808164596557617e+00
1.092713713645935059e+00
-1.493277400732040405e-01
1.555538415908813477e+00
1.216393828392028809e+00
4.307888746261596680e-01
-6.644720677286386490e-03
-6.621849536895751953e-01
4.612757563591003418e-01
1.648269057273864746e+00
6.014972925186157227e-01
-2.830599434673786163e-02
-3.687375783920288086e-01
-1.076647162437438965e+00
1.239174008369445801e+00
2.577400803565979004e-01
1.614168882369995117e+00
-1.207733273506164551e+00
7.658579349517822266e-01
8.091195821762084961e-01
6.073983311653137207e-01
7.588682174682617188e-01
5.025016069412231445e-01
-1.618482828140258789e+00
-3.901644051074981689e-02
-4.972118735313415527e-01
2.456666231155395508e-01
2.048868894577026367e+00
5.271331407129764557e-03
-1.195151954889297485e-01
1.548772454261779785e+00
2.025929927825927734e+00
7.232436537742614746e-01
3.464646339416503906e-01
-8.711294531822204590e-01
-1.600843071937561035e+00
3.748930990695953369e-01
-1.678111255168914795e-01
9.726689755916595459e-02
-7.665144205093383789e-01
-5.593013763427734375e-01
3.150076046586036682e-02
5.511342287063598633e-01
1.093464136123657227e+00
1.069957971572875977e+00
1.309390962123870850e-01
1.239821791648864746e+00
3.206001520156860352e-01
9.206442236900329590e-01
-1.581354439258575439e-01
6.521834135055541992e-01
5.018366128206253052e-02
9.810647964477539062e-01
-6.626814603805541992e-01
-3.673939108848571777e-01
-4.773009717464447021e-01
1.235102891921997070e+00
-1.052547618746757507e-01
-7.300215214490890503e-02
4.135813415050506592e-01
-1.085589230060577393e-01
-9.995964169502258301e-01
5.959464311599731445e-01
-5.614635348320007324e-01
-3.660194575786590576e-01
-5.604360103607177734e-01
2.659666776657104492e+00
5.362294316291809082e-01
1.901113311760127544e-03
-2.016719341278076172e+00
6.182080507278442383e-01
3.238965570926666260e-01
-1.247398704290390015e-01
4.388936460018157959e-01
-3.228673636913299561e-01
1.260387778282165527e+00
1.884302973747253418e+00
1.496882081031799316e+00
9.718998074531555176e-01
5.334104299545288086e-01
-1.074234008789062500e+00
-2.223107814788818359e+00
-4.284669756889343262e-01
-6.836715340614318848e-01
4.311069846153259277e-01
-5.642009377479553223e-01
-1.892258167266845703e+00
-4.330447316169738770e-01
2.061415672302246094e+00
-6.660531163215637207e-01
-1.780927479267120361e-01
-4.867046773433685303e-01
-1.228568315505981445e+00
-3.224059045314788818e-01
7.281620502471923828e-01
-2.508201897144317627e-01
4.974199235439300537e-01
-2.222531329607591033e-04
6.659603714942932129e-01
1.543085694313049316e+00
5.711687207221984863e-01
4.189106523990631104e-01
-3.231281414628028870e-02
-4.764887690544128418e-01
-5.270586609840393066e-01
3.347151577472686768e-01
2.106510400772094727e-01
-2.185937464237213135e-01
6.996721029281616211e-01
-2.180420309305191040e-01
-1.357034891843795776e-01
1.187108531594276428e-01
1.567860007286071777e+00
-4.870655015110969543e-02
-6.053774356842041016e-01
1.787937164306640625e+00
-7.419899702072143555e-01
-1.701494336128234863e+00
-8.756825327873229980e-01
-3.205396533012390137e-01
5.371327400207519531e-01
1.349860191345214844e+00
1.054970264434814453e+00
1.021562099456787109e+00
5.470341444015502930e-01
7.330214381217956543e-01
5.342814922332763672e-01
-2.925312817096710205e-01
-3.085546791553497314e-01
-3.361688852310180664e-01
-4.253103435039520264e-01
1.199068188667297363e+00
-9.231968224048614502e-02
1.043286681175231934e+00
1.016748309135437012e+00
2.191038131713867188e+00
-1.212543845176696777e+00
2.960612773895263672e-01
-6.430162191390991211e-01
2.296499490737915039e+00
-1.792990803718566895e+00
1.840441972017288208e-01
1.212670326232910156e+00
-5.163139104843139648e-01
-6.870766878128051758e-01
4.512771070003509521e-01
1.632675051689147949e+00
-3.191289901733398438e-01
-1.266017317771911621e+00
-7.539056539535522461e-01
-4.384434521198272705e-01
7.618069052696228027e-01
-7.231662869453430176e-01
1.072156429290771484e-02
1.852374970912933350e-01
-7.432673573493957520e-01
6.484832614660263062e-02
5.525240898132324219e-01
-1.103695988655090332e+00
-4.860501289367675781e-01
2.018605470657348633e+00
-1.208314180374145508e+00
6.555258631706237793e-01
-2.529839798808097839e-02
-3.885360434651374817e-02
1.194770038127899170e-01
-2.916542887687683105e-01
-9.671300649642944336e-01
5.858555436134338379e-02
-6.978215575218200684e-01
-5.092454552650451660e-01
-5.752378702163696289e-01
4.557631015777587891e-01
8.449237942695617676e-01
-5.694777965545654297e-01
-1.307736039161682129e+00
1.573867917060852051e+00
6.454855203628540039e-01
1.494970560073852539e+00
7.595759630203247070e-01
1.219309046864509583e-01
-5.938620567321777344e-01
5.448039770126342773e-01
-9.540311992168426514e-02
1.246944785118103027e+00
3.797154724597930908e-01
4.116019606590270996e-01
-6.524803489446640015e-02
1.012643337249755859e+00
4.813079535961151123e-01
-1.013234972953796387e+00
7.382076382637023926e-01
2.202164679765701294e-01
6.839107871055603027e-01
-5.704163759946823120e-02
-7.773374915122985840e-01
-3.424219787120819092e-01
-1.103785395622253418e+00
8.642286062240600586e-01
1.414494276046752930e+00
-9.191800951957702637e-01
5.654366016387939453e-01
-6.240886449813842773e-01
1.093621492385864258e+00
2.102988481521606445e+00
2.318128108978271484e+00
-8.974849581718444824e-01
3.806266188621520996e-01
1.865197777748107910e+00
1.115467071533203125e+00
-6.641922593116760254e-01
-1.849470138549804688e+00
-7.330653071403503418e-02
1.025863528251647949e+00
2.065742492675781250e+00
-2.301831245422363281e+00
1.060296058654785156e+00
2.006497085094451904e-01
-2.769384533166885376e-02
3.306068181991577148e-01
1.190593019127845764e-01
-7.646863162517547607e-02
-4.799352884292602539e-01
1.059902429580688477e+00
-7.884439229965209961e-01
-9.692126512527465820e-01
8.815356492996215820e-01
-4.489537775516510010e-01
-1.418521404266357422e+00
-8.503233790397644043e-01
2.922664880752563477e-01
-4.741562902927398682e-01
-4.866169095039367676e-01
2.462806738913059235e-02
6.433643698692321777e-01
4.425613880157470703e-01
7.570603489875793457e-01
-1.754815936088562012e+00
6.661385893821716309e-01
-2.021500766277313232e-01
-1.377788037061691284e-01
-1.995577335357666016e+00
1.800904512405395508e+00
7.753672599792480469e-01
6.814581751823425293e-01
4.709784686565399170e-01
1.142422080039978027e+00
1.678078770637512207e-01
1.867413818836212158e-01
-1.826385378837585449e+00
-1.921230554580688477e+00
5.319805741310119629e-01
-3.703376352787017822e-01
2.399353832006454468e-01
6.809276342391967773e-01
-1.288334727287292480e-01
3.007326126098632812e-01
8.668791651725769043e-01
6.605857610702514648e-01
6.385871171951293945e-01
1.118232846260070801e+00
2.577357888221740723e-01
-4.411541819572448730e-01
2.710778415203094482e-01
-1.238555788993835449e+00
7.910879850387573242e-01
6.285655498504638672e-02
-1.062723517417907715e+00
-6.552937626838684082e-02
9.789283275604248047e-01
-1.610206007957458496e+00
-1.297891974449157715e+00
-1.008440330624580383e-01
1.482040762901306152e+00
-6.154326796531677246e-01
-6.139325499534606934e-01
8.366749286651611328e-01
1.555004954338073730e+00
-2.992682531476020813e-02
2.255005836486816406e+00
-1.329440236091613770e+00
4.741964042186737061e-01
-1.281964182853698730e+00
-2.213689833879470825e-01
-3.544209897518157959e-01
-6.270645260810852051e-01
6.449335813522338867e-01
1.916409969329833984e+00
-4.276077449321746826e-01
6.623155474662780762e-01
5.050314068794250488e-01
-2.930195927619934082e-01
-1.042831540107727051e+00
-2.958060979843139648e+00
-1.243775129318237305e+00
1.903840154409408569e-01
-4.461865723133087158e-01
3.096860945224761963e-01
8.391082286834716797e-01
-4.783018827438354492e-01
1.066499114036560059e+00
3.627246916294097900e-01
-7.208824157714843750e-01
-3.007686436176300049e-01
-6.962860375642776489e-02
-1.848893165588378906e+00
-2.250363081693649292e-01
-2.965204417705535889e-01
-3.495024517178535461e-02
1.406546115875244141e+00
-4.161981493234634399e-02
4.498348832130432129e-01
-1.527207374572753906e+00
8.242351412773132324e-01
3.287996649742126465e-01
2.941325426101684570e+00
-9.307458996772766113e-01
-9.711987972259521484e-01
1.277300119400024414e+00
-1.686244159936904907e-01
-1.912334442138671875e+00
-5.232756733894348145e-01
-2.043835163116455078e+00
7.706959247589111328e-01
5.322964191436767578e-01
-1.658241510391235352e+00
-2.618216276168823242e-01
-3.685281872749328613e-01
-1.697602152824401855e+00
-8.722327947616577148e-01
1.180447697639465332e+00
1.196176290512084961e+00
-4.955508112907409668e-01
1.718186855316162109e+00
9.798992425203323364e-02
4.316967129707336426e-01
-3.578330576419830322e-01
-7.864819765090942383e-01
-4.368902444839477539e-01
7.921601533889770508e-01
-4.728610217571258545e-01
-5.159197449684143066e-01
6.554965674877166748e-02
-1.339132905006408691e+00
-1.618815183639526367e+00
8.608711957931518555e-01
8.663858175277709961e-01
-2.101289480924606323e-01
-1.370391696691513062e-01
5.980404615402221680e-01
-5.463604331016540527e-01
8.163752034306526184e-03
5.065354052931070328e-03
-9.453052878379821777e-01
7.887976169586181641e-01
1.295533180236816406e+00
-2.552843391895294189e-01
-1.432279586791992188e+00
-7.673426866531372070e-01
6.770191248506307602e-03
2.446897774934768677e-01
1.914178878068923950e-01
-1.167801395058631897e-02
-1.403245236724615097e-02
7.602999806404113770e-01
1.991960406303405762e+00
8.242017626762390137e-01
6.266936063766479492e-01
2.220536231994628906e+00
-9.360188841819763184e-01
3.480249270796775818e-02
4.751533269882202148e-01
-7.701134085655212402e-01
1.486377716064453125e+00
-8.246772885322570801e-01
6.667166948318481445e-01
1.111172661185264587e-01
-2.512640953063964844e-01
5.571751594543457031e-01
-1.147204995155334473e+00
9.127464890480041504e-01
8.887799978256225586e-01
-9.661822579801082611e-03
-6.776583790779113770e-01
-7.260571122169494629e-01
7.738366723060607910e-01
-7.723142504692077637e-01
-5.371445417404174805e-01
2.781510591506958008e+00
1.386392712593078613e+00
2.553648650646209717e-01
3.600616157054901123e-01
-1.139124631881713867e+00
1.661906003952026367e+00
