8.584938645362854004e-01
4.609209597110748291e-01
-1.682446718215942383e+00
-6.255240440368652344e-01
7.730899453163146973e-01
-7.674781680107116699e-01
9.344008564949035645e-01
-2.691598236560821533e-01
-2.096296846866607666e-01
4.753049612045288086e-01
9.733716249465942383e-01
-3.255363702774047852e-01
1.204029202461242676e+00
7.438215613365173340e-02
4.803273081779479980e-01
5.334505438804626465e-01
-4.342958927154541016e-01
2.926070243120193481e-02
4.201262816786766052e-02
4.664146006107330322e-01
6.763392090797424316e-01
1.713234543800354004e+00
6.223112940788269043e-01
1.013447523117065430e+00
5.950036048889160156e-01
5.185201764106750488e-01
-1.708834767341613770e-01
4.413545727729797363e-01
-1.131322264671325684e+00
-1.494027733802795410e+00
-4.129901528358459473e-01
9.956528246402740479e-02
1.897237420082092285e+00
2.046568870544433594e+00
-6.937803030014038086e-01
1.207357883453369141e+00
-4.838113486766815186e-01
-1.489752054214477539e+00
-2.284078486263751984e-02
9.834857583045959473e-01
-4.160068333148956299e-01
1.504632711410522461e+00
6.133100390434265137e-01
-5.184746980667114258e-01
9.998056888580322266e-01
2.315573543310165405e-01
3.514386117458343506e-01
-4.813818931579589844e-01
-1.774362176656723022e-01
1.324635148048400879e+00
7.672287821769714355e-01
1.222895026206970215e+00
-1.335927993059158325e-01
6.035677194595336914e-01
-6.842429637908935547e-01
1.946238875389099121e+00
1.827451139688491821e-01
-9.850694537162780762e-01
-9.268447160720825195e-01
-2.716318964958190918e-01
1.854926705360412598e+00
1.620929688215255737e-01
-4.944320917129516602e-01
-4.486344456672668457e-01
-3.255699574947357178e-01
1.401822924613952637e+00
-9.888460636138916016e-01
-1.816341280937194824e+00
-1.418089747428894043e+00
3.019940555095672607e-01
-1.080753803253173828e+00
2.068244218826293945e+00
-1.840286850929260254e-01
-1.342803835868835449e+00
8.401622176170349121e-01
-5.094441771507263184e-01
-7.621021270751953125e-01
-3.854008018970489502e-01
-1.437581300735473633e+00
8.255956172943115234e-01
4.706929624080657959e-01
-1.033247351646423340e+00
-2.794656276702880859e+00
2.918803989887237549e-01
1.176751613616943359e+00
-4.587226212024688721e-01
-1.138807535171508789e-01
4.975415766239166260e-01
1.541333198547363281e+00
1.014829397201538086e+00
5.681211948394775391e-01
-1.120418310165405273e+00
-3.464537262916564941e-01
-3.971556425094604492e-01
-3.398658037185668945e-01
6.325139999389648438e-01
9.763207435607910156e-01
5.620038509368896484e-01
1.416405320167541504e+00
-1.884989291429519653e-01
-7.735130190849304199e-01
-5.579372644424438477e-01
-1.085847020149230957e+00
-1.631277203559875488e+00
1.725758194923400879e+00
-5.643408298492431641e-01
-1.657118678092956543e+00
5.731226503849029541e-02
-1.164888262748718262e+00
-2.146077305078506470e-01
-1.090247273445129395e+00
-3.557459115982055664e-01
5.930730700492858887e-01
-3.444633483886718750e-01
9.831861853599548340e-01
-3.700471818447113037e-01
-1.499404430389404297e+00
4.481615424156188965e-01
1.129163980484008789e+00
3.453844189643859863e-01
1.149810627102851868e-01
1.097503006458282471e-01
5.197358727455139160e-01
-2.136614322662353516e-01
6.971526741981506348e-01
-1.248284459114074707e+00
-6.813018918037414551e-01
1.180195063352584839e-01
-6.443365216255187988e-01
-3.529037237167358398e-01
-1.169160962104797363e+00
-2.165852636098861694e-01
1.027623414993286133e+00
4.470252096652984619e-01
5.756394267082214355e-01
-3.152906179428100586e+00
-5.927702784538269043e-01
4.274333715438842773e-01
6.949397325515747070e-01
-1.347485184669494629e+00
5.533310174942016602e-01
-4.610129296779632568e-01
5.761328935623168945e-01
-2.328407764434814453e+00
-1.832720518112182617e+00
1.652503728866577148e+00
-7.696906924247741699e-01
-2.673963308334350586e+00
-4.281263351440429688e-01
-1.215727925300598145e+00
-1.227982878684997559e+00
5.876483917236328125e-01
1.006291627883911133e+00
-1.653760433197021484e+00
-9.815269708633422852e-01
-1.469761878252029419e-01
-8.116553425788879395e-01
1.048646450042724609e+00
-1.318606376647949219e+00
4.482063055038452148e-01
-3.578160703182220459e-02
2.114593982696533203e+00
-3.349005877971649170e-01
-4.062087535858154297e-01
5.998142063617706299e-02
6.117835044860839844e-01
-7.037841081619262695e-01
-3.811188340187072754e-01
5.944321751594543457e-01
4.769408702850341797e-01
5.352768301963806152e-01
-4.514653384685516357e-01
-9.522104263305664062e-01
2.478926628828048706e-01
-2.906229496002197266e-01
-3.466776311397552490e-01
-1.052529141306877136e-01
2.148577123880386353e-01
-7.925471663475036621e-01
2.535432100296020508e+00
-9.756276011466979980e-01
3.443528413772583008e-01
-4.666401445865631104e-01
-8.064522147178649902e-01
-1.952301979064941406e+00
-7.773713469505310059e-01
-1.151728034019470215e+00
-1.568741798400878906e+00
-5.528836846351623535e-01
-1.220113635063171387e+00
8.761736750602722168e-01
-2.787907421588897705e-01
-7.294089198112487793e-01
4.322194680571556091e-02
5.131317973136901855e-01
-1.362422943115234375e+00
2.991282343864440918e-01
5.900456309318542480e-01
-2.698048949241638184e-01
-6.234002709388732910e-01
4.526193737983703613e-01
9.917323589324951172e-01
4.446346461772918701e-01
-1.150051712989807129e+00
-8.077085018157958984e-01
5.172321200370788574e-01
8.749594092369079590e-01
3.755668699741363525e-01
1.771015167236328125e+00
-1.427331209182739258e+00
2.995343804359436035e-01
-1.224037170410156250e+00
1.340630173683166504e+00
1.630917906761169434e+00
-1.436492323875427246e+00
1.432345151901245117e+00
-8.907071948051452637e-01
3.903256962075829506e-03
-1.354366421699523926e+00
1.259985715150833130e-01
-4.275617301464080811e-01
7.844598293304443359e-01
-5.493291020393371582e-01
-2.474798262119293213e-01
-4.669407904148101807e-01
-2.876367568969726562e-01
5.751406550407409668e-01
-5.745541453361511230e-01
-7.381128668785095215e-01
-5.473220348358154297e-01
-2.461364865303039551e-01
8.084926605224609375e-01
-2.380114644765853882e-01
-2.105183601379394531e-01
4.409080147743225098e-01
1.110446691513061523e+00
1.081436127424240112e-01
-1.801122307777404785e+00
2.037222385406494141e-01
2.221036434173583984e+00
-7.134551405906677246e-01
-3.433244526386260986e-01
1.469767928123474121e+00
-1.198898315429687500e+00
-1.856757879257202148e+00
-3.937836363911628723e-02
1.836150527000427246e+00
-1.471427083015441895e-01
-7.640891671180725098e-01
-7.220666855573654175e-02
-6.842870712280273438e-01
9.597248435020446777e-01
-1.699828356504440308e-01
1.401409506797790527e-02
-9.557483345270156860e-02
1.065750122070312500e+00
-1.792892231605947018e-03
5.028591752052307129e-01
-1.815563082695007324e+00
-8.713985085487365723e-01
4.537101387977600098e-01
-1.230755209922790527e+00
2.088900804519653320e+00
-1.118115782737731934e+00
2.230373024940490723e-01
-4.618183970451354980e-01
-1.700439333915710449e+00
-2.442743062973022461e+00
1.223237514495849609e-01
-2.418905019760131836e+00
-4.891496896743774414e-01
-2.059924453496932983e-01
1.157342553138732910e+00
-1.528589427471160889e-01
7.754194140434265137e-01
-6.506479978561401367e-01
1.297088153660297394e-02
-1.020827703177928925e-02
1.723159790039062500e+00
2.924452349543571472e-02
1.667258739471435547e+00
3.141081333160400391e-02
-2.394799470901489258e+00
3.485555052757263184e-01
-1.216061472892761230e+00
-1.777474403381347656e+00
1.176235675811767578e+00
6.388625502586364746e-01
-7.841020822525024414e-01
1.056695699691772461e+00
-1.363347172737121582e-01
4.716466739773750305e-02
6.337672472000122070e-01
9.820191264152526855e-01
-5.864113569259643555e-01
-2.678446054458618164e+00
4.899851232767105103e-02
-2.496905803680419922e+00
9.560373425483703613e-01
-1.374550312757492065e-01
4.143493771553039551e-01
6.211392283439636230e-01
6.875099241733551025e-02
-3.728742301464080811e-01
1.188716217875480652e-01
-2.003234863281250000e+00
6.984437704086303711e-01
-5.001706480979919434e-01
-8.384879678487777710e-02
-4.101585224270820618e-02
-3.333247005939483643e-01
5.310060977935791016e-01
3.175359219312667847e-02
3.251579701900482178e-01
-2.046712160110473633e+00
7.035869359970092773e-01
-2.011147022247314453e+00
1.354073762893676758e+00
1.651017665863037109e-01
-1.855358332395553589e-01
6.502849608659744263e-02
4.429355561733245850e-01
3.693209588527679443e-01
6.979424357414245605e-01
-3.131061196327209473e-01
9.258118867874145508e-01
-1.125249147415161133e+00
1.696595549583435059e-01
1.704601764678955078e+00
-2.683619022369384766e+00
-9.820954799652099609e-01
-8.830551505088806152e-01
-3.434969112277030945e-02
-1.415323913097381592e-01
7.605915889143943787e-03
1.134926974773406982e-01
-1.692531406879425049e-01
-2.306341648101806641e+00
3.575512021780014038e-02
5.672850608825683594e-01
-8.812217116355895996e-01
1.611163258552551270e+00
-7.103018760681152344e-01
-2.262899637222290039e+00
-2.902569472789764404e-01
-1.698167085647583008e+00
-2.513130903244018555e-01
-1.176937460899353027e+00
-2.575981616973876953e-01
7.733738422393798828e-01
5.504894256591796875e-01
-1.231794238090515137e+00
1.344235181808471680e+00
1.899346232414245605e+00
5.954563021659851074e-01
1.398066520690917969e+00
-1.277993798255920410e+00
3.392197191715240479e-03
-3.097792565822601318e-01
-7.749424576759338379e-01
-5.339569449424743652e-01
-4.885367751121520996e-01
-8.848257362842559814e-02
7.571303248405456543e-01
3.484691679477691650e-01
-5.511309504508972168e-01
7.837913036346435547e-01
-1.835849434137344360e-01
-1.086015701293945312e+00
-1.284084796905517578e+00
-8.142518997192382812e-01
-1.442391753196716309e+00
8.319022059440612793e-01
1.995399355888366699e+00
6.119565293192863464e-02
-1.311946988105773926e+00
-1.500131964683532715e+00
-6.354370713233947754e-01
-1.486848592758178711e+00
1.148360729217529297e+00
5.433977246284484863e-01
3.864032626152038574e-01
1.037394642829895020e+00
-1.865268945693969727e+00
6.299480795860290527e-02
5.829708576202392578e-01
-1.915157437324523926e+00
4.552869796752929688e-01
-8.814858198165893555e-01
-1.363935619592666626e-01
3.205768465995788574e-01
-6.856539845466613770e-01
-4.823117554187774658e-01
-2.505345344543457031e-01
5.505270361900329590e-01
-7.794622182846069336e-01
-3.116088867187500000e+00
1.764633774757385254e+00
2.420619875192642212e-01
1.782370448112487793e+00
3.930876553058624268e-01
-9.633173942565917969e-01
-3.782794177532196045e-01
-1.022133111953735352e+00
-3.769795894622802734e-01
1.086626052856445312e-01
1.525083184242248535e-01
-9.104926586151123047e-01
8.172048628330230713e-02
3.168563246726989746e-01
-1.235554367303848267e-01
1.582351326942443848e-01
1.455638051033020020e+00
2.797695398330688477e-01
-1.010364770889282227e+00
-4.174752235412597656e-01
2.831180989742279053e-01
9.125411510467529297e-01
-2.265334576368331909e-01
-1.684914231300354004e+00
2.375320434570312500e+00
5.370234847068786621e-01
1.380347490310668945e+00
-3.969733417034149170e-01
1.248462438583374023e+00
-6.948152780532836914e-01
-4.465663135051727295e-01
5.695647597312927246e-01
-7.497529387474060059e-01
1.074997305870056152e+00
1.021136403083801270e+00
4.693616628646850586e-01
-5.641281604766845703e-01
-4.432850480079650879e-01
-3.056645691394805908e-01
1.059399485588073730e+00
-8.170480728149414062e-01
1.309502720832824707e+00
3.094728663563728333e-02
1.038158535957336426e-01
-4.119440913200378418e-02
-1.835432499647140503e-01
-5.807951092720031738e-01
-4.158416092395782471e-01
-7.394515872001647949e-01
2.205597460269927979e-01
-7.358178496360778809e-01
-1.674291849136352539e+00
3.035405278205871582e-01
-7.013038396835327148e-01
5.669490694999694824e-01
1.198085546493530273e+00
6.488291025161743164e-01
1.888639479875564575e-01
1.298653960227966309e+00
7.692117244005203247e-02
-1.865432620048522949e+00
1.379307266324758530e-02
-1.046610713005065918e+00
-4.626042246818542480e-01
-4.334224462509155273e-01
2.831955254077911377e-01
-8.105468153953552246e-01
1.805967986583709717e-01
4.468846917152404785e-01
-2.202652394771575928e-01
1.196367025375366211e+00
-4.475941061973571777e-01
1.470042347908020020e+00
1.600582003593444824e+00
2.760393545031547546e-02
1.095214247703552246e+00
4.653700888156890869e-01
9.538668394088745117e-01
5.457825064659118652e-01
-3.298729360103607178e-01
9.356111288070678711e-01
-2.246833801269531250e+00
-1.190917372703552246e+00
-1.946509256958961487e-02
7.025154773145914078e-03
-8.318570852279663086e-01
8.125281333923339844e-01
-5.854235887527465820e-01
1.102116942405700684e+00
7.471458911895751953e-01
-2.691063880920410156e-01
-1.261487126350402832e+00
8.116577863693237305e-01
1.114412903785705566e+00
1.308945536613464355e+00
-2.595674693584442139e-01
3.275055289268493652e-01
-1.924651861190795898e+00
-4.479419440031051636e-02
9.685099124908447266e-02
2.314729541540145874e-01
-2.070206880569458008e+00
-2.111139297485351562e+00
-4.075543582439422607e-01
9.395089149475097656e-01
7.399382442235946655e-02
1.912021398544311523e+00
-4.571129754185676575e-02
1.571123600006103516e-01
-4.200938344001770020e-01
-1.964780241250991821e-01
-6.771956682205200195e-01
4.543032050132751465e-01
-2.310101389884948730e-01
3.955494463443756104e-01
1.838657498359680176e+00
2.010626316070556641e+00
4.406720399856567383e-01
-1.482681155204772949e+00
-3.863024115562438965e-01
5.161053538322448730e-01
-1.807416826486587524e-01
7.853075265884399414e-01
-3.514791727066040039e-01
-3.912858664989471436e-01
-8.985719680786132812e-01
4.766370728611946106e-02
-4.297961592674255371e-01
1.507276654243469238e+00
4.561944007873535156e-01
-4.043392837047576904e-01
-1.139930009841918945e+00
-1.258727192878723145e+00
-5.092590451240539551e-01
-2.426299333572387695e+00
-1.430215537548065186e-01
-9.082435965538024902e-01
-2.038085937500000000e+00
9.311891198158264160e-01
2.458374053239822388e-01
-1.230490803718566895e+00
6.608086824417114258e-01
1.133477911353111267e-01
7.820429801940917969e-01
-1.053190350532531738e+00
7.279558181762695312e-01
1.343535900115966797e+00
1.328495621681213379e+00
1.825451016426086426e+00
3.878893256187438965e-01
6.368480324745178223e-01
2.681462094187736511e-02
-5.622425079345703125e-01
-1.845678389072418213e-01
2.107222080230712891e-01
-6.681622862815856934e-01
-1.814690530300140381e-01
-3.371390998363494873e-01
1.136543601751327515e-01
-4.077147543430328369e-01
-3.534391224384307861e-01
-1.262326478958129883e+00
2.107899338006973267e-01
-1.667764425277709961e+00
3.545058071613311768e-01
1.301302313804626465e+00
1.197595819830894470e-01
1.248347163200378418e+00
1.716488003730773926e+00
-6.940544843673706055e-01
-1.866069883108139038e-01
2.732481360435485840e-01
7.606244087219238281e-01
3.527606725692749023e-01
-2.157892435789108276e-01
-2.006155252456665039e+00
3.433128073811531067e-02
-9.720838665962219238e-01
1.468468070030212402e+00
6.900347471237182617e-01
-2.241379618644714355e-01
1.375035196542739868e-01
-2.180697172880172729e-01
-2.845108509063720703e-01
1.055616617202758789e+00
3.541921079158782959e-01
-4.374198988080024719e-02
2.729448676109313965e-01
1.291245222091674805e+00
3.301848173141479492e-01
7.799862623214721680e-01
-3.687646090984344482e-01
-8.010622262954711914e-01
-1.225089669227600098e+00
1.165252447128295898e+00
-1.420616060495376587e-01
6.392318010330200195e-01
8.516415357589721680e-01
6.082534790039062500e-01
1.781887888908386230e+00
-3.581266477704048157e-02
1.674545556306838989e-01
7.318341135978698730e-01
8.501501083374023438e-01
9.429826140403747559e-01
1.550022840499877930e+00
-3.897148966789245605e-01
-1.580706715583801270e+00
-1.433168649673461914e+00
1.008305430412292480e+00
-8.159115314483642578e-01
-1.651345342397689819e-01
-4.231464564800262451e-01
-2.131583690643310547e+00
-3.840613961219787598e-01
8.276957869529724121e-01
1.731560468673706055e+00
-3.832728862762451172e-01
1.013141632080078125e+00
-9.127723574638366699e-01
-2.197571694850921631e-01
-1.315467804670333862e-01
-2.033041000366210938e+00
-5.131847262382507324e-01
-4.756934940814971924e-01
1.049119114875793457e+00
-5.677689984440803528e-02
-7.394875884056091309e-01
2.784803509712219238e-01
3.433190882205963135e-01
-1.344388276338577271e-01
7.110175490379333496e-01
-8.745614886283874512e-01
-6.137734651565551758e-01
7.433246355503797531e-03
2.186432331800460815e-01
-6.517599821090698242e-01
1.656510472297668457e+00
6.945003867149353027e-01
9.156211465597152710e-02
-6.860070824623107910e-01
1.553844064474105835e-01
8.736032843589782715e-01
5.466684699058532715e-01
-2.597284317016601562e-01
2.057355165481567383e+00
-1.135492682456970215e+00
2.207103967666625977e-01
1.535028696060180664e+00
1.202177330851554871e-01
6.267822980880737305e-01
-3.726142048835754395e-01
-2.682172060012817383e-01
-1.772459149360656738e-01
-3.286707103252410889e-01
-1.699715018272399902e+00
1.646949648857116699e-01
2.483657002449035645e-01
9.826472401618957520e-01
-1.207985520362854004e+00
2.194173336029052734e+00
-6.480492949485778809e-01
-1.316115856170654297e-01
1.994694113731384277e+00
7.971702516078948975e-02
8.354032039642333984e-01
-3.978739678859710693e-01
-6.945110559463500977e-01
8.506754040718078613e-01
6.776162385940551758e-01
5.662708878517150879e-01
-1.022712945938110352e+00
-1.369951367378234863e+00
-2.546773433685302734e+00
-3.613597750663757324e-01
2.765575647354125977e-01
-9.542051553726196289e-01
1.269372820854187012e+00
-3.192321583628654480e-02
1.434669733047485352e+00
-1.391647338867187500e+00
-1.026691079139709473e+00
-3.239510655403137207e-01
-4.009023904800415039e-01
5.743348598480224609e-01
-4.204308390617370605e-01
5.390796661376953125e-01
-1.487312465906143188e-01
-1.020419478416442871e+00
1.880638480186462402e+00
-7.401682138442993164e-01
-1.000406622886657715e+00
-7.901710271835327148e-01
-5.917220115661621094e-01
7.599937263876199722e-03
-1.787783026695251465e+00
-1.923121362924575806e-01
1.703672051429748535e+00
1.327567696571350098e-01
-6.254827380180358887e-01
-1.864419579505920410e+00
2.801394164562225342e-01
-1.992139697074890137e+00
-1.150274395942687988e+00
-7.324318289756774902e-01
-7.020279765129089355e-01
5.926962494850158691e-01
-1.488963887095451355e-02
-1.024387497454881668e-02
-2.106253862380981445e+00
-5.839372873306274414e-01
-6.398986577987670898e-01
1.608452081680297852e+00
-7.116252090781927109e-03
2.326931655406951904e-01
-7.555015683174133301e-01
2.590048313140869141e-02
-9.594872593879699707e-01
2.974771261215209961e-01
3.338656723499298096e-01
1.035143852233886719e+00
2.970612645149230957e-01
-3.475416898727416992e-01
5.664724111557006836e-01
1.528064608573913574e+00
-1.907148241996765137e+00
-1.292524039745330811e-01
5.505632162094116211e-01
2.449188679456710815e-01
6.647218465805053711e-01
-7.554251551628112793e-01
6.655272841453552246e-01
3.305529356002807617e-01
-1.089362978935241699e+00
-1.280444860458374023e+00
-3.795783519744873047e-01
-8.021227717399597168e-01
-6.340355873107910156e-01
9.126009345054626465e-01
-5.106861591339111328e-01
-1.171300649642944336e+00
-5.237186551094055176e-01
-8.885134458541870117e-01
-4.300882518291473389e-01
-5.494856089353561401e-02
-5.862285494804382324e-01
2.269119739532470703e+00
2.290411591529846191e-01
-2.206342935562133789e+00
-3.866969943046569824e-01
-4.815423116087913513e-02
5.220348238945007324e-01
-1.223225712776184082e+00
-1.572905302047729492e+00
8.968968391418457031e-01
-9.728602766990661621e-01
5.007335543632507324e-01
1.472503542900085449e-01
-4.922527372837066650e-01
1.175868391990661621e+00
1.954941153526306152e+00
4.054155945777893066e-01
-1.011757254600524902e+00
-1.818724274635314941e-01
3.356404006481170654e-01
6.621114015579223633e-01
-5.214143395423889160e-01
4.801192283630371094e-01
5.841190814971923828e-01
1.142221570014953613e+00
1.124587535858154297e+00
-2.644161283969879150e-01
1.555556893348693848e+00
1.851080656051635742e+00
5.523348450660705566e-01
-1.054345011711120605e+00
3.808326721191406250e-01
-1.911593198776245117e+00
2.177170366048812866e-01
-1.400305151939392090e+00
-6.754226684570312500e-01
-3.882952630519866943e-01
-6.736162304878234863e-01
6.440742015838623047e-01
-2.022215127944946289e+00
1.124729886651039124e-01
-6.887538731098175049e-02
-2.351190567016601562e+00
7.958744764328002930e-01
7.265598177909851074e-01
7.102202177047729492e-01
-5.406438708305358887e-01
1.368096917867660522e-01
-7.743406891822814941e-01
-3.249815106391906738e-02
-2.403763771057128906e+00
1.579247117042541504e-01
1.729068398475646973e+00
3.940659388899803162e-02
6.517533063888549805e-01
2.450083009898662567e-02
7.420622706413269043e-01
1.295118212699890137e+00
7.701563239097595215e-01
