7.000069320201873779e-02
-6.449410319328308105e-01
-3.917163312435150146e-01
5.292551219463348389e-02
4.144826829433441162e-01
1.349669247865676880e-01
7.747923731803894043e-01
-3.055988252162933350e-01
-1.938477039337158203e+00
7.199315428733825684e-01
-4.529138803482055664e-01
3.798011243343353271e-01
-1.550341844558715820e+00
8.984355330467224121e-01
8.919432759284973145e-01
4.721389412879943848e-01
2.551982104778289795e-01
-9.574529528617858887e-01
4.604631662368774414e-01
-1.418648838996887207e+00
-7.754772305488586426e-01
1.710921049118041992e+00
-4.456218481063842773e-01
-5.139205455780029297e-01
-4.083192721009254456e-02
2.449463605880737305e-01
-1.689578294754028320e-01
-8.341973423957824707e-01
-1.960984468460083008e+00
-6.179675459861755371e-01
2.089513063430786133e+00
-4.762228429317474365e-01
-2.703709602355957031e-01
-2.055869996547698975e-01
7.994675636291503906e-01
-1.201813459396362305e+00
3.931573331356048584e-01
-1.190149307250976562e+00
2.045269727706909180e+00
8.230852484703063965e-01
-9.574995636940002441e-01
-7.912689447402954102e-01
6.058223843574523926e-01
-3.225244879722595215e-01
8.315916657447814941e-01
1.986329078674316406e+00
2.308553308248519897e-01
-5.654640197753906250e-01
-2.211722135543823242e+00
3.383647203445434570e-01
7.086372468620538712e-03
1.246764779090881348e+00
1.421373486518859863e+00
1.854047030210494995e-01
-4.754938781261444092e-01
2.520485639572143555e+00
-1.269770860671997070e+00
8.063108921051025391e-01
-9.545158743858337402e-01
4.706237912178039551e-01
1.030425906181335449e+00
-1.803804874420166016e+00
1.847586780786514282e-02
7.863234281539916992e-01
2.612250447273254395e-01
2.030133962631225586e+00
4.226106405258178711e-01
4.419668614864349365e-01
1.079850316047668457e+00
1.851910352706909180e-01
-1.281204074621200562e-01
3.376581072807312012e-01
1.078722715377807617e+00
1.928826272487640381e-01
1.083815574645996094e+00
-4.964581429958343506e-01
-7.114470005035400391e-01
-6.985728144645690918e-01
4.142402857542037964e-02
4.424918293952941895e-01
1.081331148743629456e-01
-6.007965803146362305e-01
-1.075377941131591797e+00
-5.637182593345642090e-01
-9.812412261962890625e-01
-4.092985093593597412e-01
3.751929104328155518e-01
1.416731595993041992e+00
2.191741317510604858e-01
-1.545801997184753418e+00
-5.397414565086364746e-01
4.211209714412689209e-01
1.279669165611267090e+00
-1.264404296875000000e+00
-2.127511501312255859e+00
1.725097775459289551e+00
1.915393918752670288e-01
-2.875615358352661133e-01
-6.417841911315917969e-01
2.118850946426391602e-01
8.469738364219665527e-01
-1.888408899307250977e+00
-3.382457733154296875e+00
-5.092349648475646973e-01
1.200810670852661133e+00
-1.218827009201049805e+00
-8.351109027862548828e-01
-1.084393501281738281e+00
-5.030443668365478516e-01
-3.851782679557800293e-01
2.845437824726104736e-01
-8.724019527435302734e-01
-3.817125856876373291e-01
9.463302493095397949e-01
-1.602559924125671387e+00
8.138965368270874023e-01
-4.452193677425384521e-01
-4.007868170738220215e-01
1.986217647790908813e-01
3.452850282192230225e-01
-1.626377105712890625e-01
-1.059039592742919922e+00
1.231295585632324219e+00
4.121502637863159180e-01
-5.646134018898010254e-01
-2.279774844646453857e-01
1.096827864646911621e+00
-2.551690638065338135e-01
7.667710781097412109e-01
-1.922813206911087036e-01
1.031339541077613831e-01
2.151517391204833984e+00
5.679922923445701599e-02
-3.298898935317993164e+00
6.161091923713684082e-01
9.867715835571289062e-01
-4.833008050918579102e-01
5.804840326309204102e-01
9.797540307044982910e-01
-1.352488398551940918e+00
-8.987739086151123047e-01
1.795318722724914551e+00
-4.762174785137176514e-01
-1.363698124885559082e+00
5.911853909492492676e-01
1.150073558092117310e-01
-1.641551613807678223e+00
9.986876845359802246e-01
-2.966426312923431396e-01
-6.684262156486511230e-01
5.359468460083007812e-01
-1.176007628440856934e+00
-9.926043152809143066e-01
1.703042387962341309e+00
5.975654125213623047e-01
1.138242363929748535e+00
1.213627457618713379e+00
8.137345314025878906e-01
-4.851902425289154053e-01
6.763660311698913574e-01
-1.285077810287475586e+00
-2.469238191843032837e-01
1.175723552703857422e+00
7.229886651039123535e-01
-1.010460495948791504e+00
-1.326150894165039062e+00
-3.786117434501647949e-01
-8.743893504142761230e-01
-1.284926772117614746e+00
-9.777334332466125488e-01
2.123388290405273438e+00
-9.423896670341491699e-02
1.812029957771301270e+00
2.371479511260986328e+00
1.133885979652404785e+00
-2.073631286621093750e-01
1.571580529212951660e+00
2.001240491867065430e+00
3.710422813892364502e-01
-1.792319178581237793e+00
-4.413626790046691895e-01
-1.434234142303466797e+00
2.386165112257003784e-01
1.205011680722236633e-01
-1.067533731460571289e+00
-1.159504055976867676e+00
-2.857681214809417725e-01
1.233344435691833496e+00
-8.561827540397644043e-01
3.829711675643920898e-01
9.662657976150512695e-02
1.384105801582336426e+00
-4.301043599843978882e-02
-3.199490010738372803e-01
-2.646086215972900391e-01
1.116763949394226074e+00
-7.234690785408020020e-01
-1.158720970153808594e+00
2.533625960350036621e-01
1.562545001506805420e-01
-7.706947326660156250e-01
2.093255281448364258e+00
-1.331232488155364990e-01
8.613972067832946777e-01
1.455031991004943848e+00
9.465109109878540039e-01
-1.527284681797027588e-01
-5.766175985336303711e-01
6.710812449455261230e-01
-3.948499858379364014e-01
-1.269173622131347656e-01
-1.369031190872192383e+00
-1.479840278625488281e-01
-1.182499527931213379e+00
1.599476456642150879e+00
-3.046920299530029297e-01
4.000726342201232910e-01
-7.813057899475097656e-01
-1.164848327636718750e+00
1.248946785926818848e+00
-1.263541817665100098e+00
-6.997954249382019043e-01
4.220122098922729492e-01
1.229132175445556641e+00
4.473457038402557373e-01
6.372263431549072266e-01
-1.351546049118041992e+00
-6.204670667648315430e-02
7.872663736343383789e-01
-4.663980901241302490e-01
9.156035184860229492e-01
-1.863820105791091919e-01
-4.222877025604248047e-01
-5.101094245910644531e-01
8.029992580413818359e-01
2.381902635097503662e-01
-1.694514870643615723e+00
1.802525281906127930e+00
-1.123861670494079590e+00
7.531587481498718262e-01
-1.127087354660034180e+00
2.575000524520874023e+00
-2.096187114715576172e+00
-1.937748551368713379e+00
-1.478124260902404785e+00
-5.516844391822814941e-01
3.575403615832328796e-02
-8.229640722274780273e-01
1.766536831855773926e-01
-1.775556445121765137e+00
-1.716899156570434570e+00
5.184898972511291504e-01
2.244421720504760742e+00
-1.311143517494201660e+00
-9.248811751604080200e-03
1.750871419906616211e+00
-3.335529863834381104e-01
6.574526429176330566e-01
6.230056881904602051e-01
-1.321625947952270508e+00
-2.230813801288604736e-01
-5.238164663314819336e-01
1.113487720489501953e+00
-2.398732602596282959e-01
-3.687779307365417480e-01
-3.919728565961122513e-03
3.749208450317382812e-01
-2.865313291549682617e-01
-2.095607221126556396e-01
-7.120776772499084473e-01
-7.162168025970458984e-01
4.243984818458557129e-02
-8.106855750083923340e-01
-4.851365089416503906e-01
-8.656313419342041016e-01
2.164133787155151367e+00
-1.190132856369018555e+00
7.398102879524230957e-01
-3.335468173027038574e-01
6.907444596290588379e-01
-8.278394937515258789e-01
5.762318372726440430e-01
-1.219296813011169434e+00
1.012946128845214844e+00
5.180649757385253906e-01
-1.422694802284240723e+00
-2.333918213844299316e-01
5.785526707768440247e-02
-4.560668766498565674e-01
-5.988397598266601562e-01
1.773268938064575195e+00
8.179084658622741699e-01
1.212949752807617188e+00
7.328803539276123047e-01
1.941107392311096191e+00
-5.266884565353393555e-01
9.379020929336547852e-01
8.058347702026367188e-01
6.641825437545776367e-01
1.304293990135192871e+00
-5.409674644470214844e-01
-7.372752428054809570e-01
4.273357614874839783e-02
2.136017829179763794e-01
-3.466221392154693604e-01
-1.029148459434509277e+00
1.913342237472534180e+00
-1.404013037681579590e+00
-1.438167214393615723e+00
-1.351536154747009277e+00
2.468183636665344238e-01
8.005368709564208984e-01
7.571899294853210449e-01
-7.716427445411682129e-01
4.672857820987701416e-01
-1.176374197006225586e+00
-3.678306341171264648e-01
1.359309196472167969e+00
-2.172062873840332031e+00
-2.188955247402191162e-01
-1.274892687797546387e-01
-6.496258378028869629e-01
-1.100578546524047852e+00
-2.035308837890625000e+00
8.888896554708480835e-02
-1.573763787746429443e-01
-1.039827227592468262e+00
4.138233661651611328e-01
-1.668753027915954590e+00
-6.273314952850341797e-01
1.498315095901489258e+00
1.285424470901489258e+00
-2.849842011928558350e-01
-1.201025694608688354e-01
4.775488972663879395e-01
-9.050037264823913574e-01
-8.694086670875549316e-01
-1.715284228324890137e+00
2.113986946642398834e-02
-9.365618824958801270e-01
-1.429883837699890137e+00
-2.805259823799133301e-02
-1.554062366485595703e-01
1.128835827112197876e-01
-6.517897248268127441e-01
-9.687855243682861328e-01
2.416359484195709229e-01
-8.182734847068786621e-01
-7.803989574313163757e-03
4.154749512672424316e-01
1.807933211326599121e+00
1.206175088882446289e+00
-8.689622282981872559e-01
-3.241208076477050781e+00
-4.596571326255798340e-01
-2.006388753652572632e-01
-2.079860210418701172e+00
6.407606005668640137e-01
-5.352633818984031677e-02
1.871632933616638184e-01
6.187506914138793945e-01
2.329158633947372437e-01
2.101804316043853760e-01
1.047795653343200684e+00
1.865902245044708252e-01
-7.278401851654052734e-01
6.099333167076110840e-01
-5.124572515487670898e-01
-3.090706169605255127e-01
5.274156332015991211e-01
1.440543085336685181e-01
-3.246797323226928711e-01
-1.172418355941772461e+00
-5.981575846672058105e-01
-5.648655295372009277e-01
1.044243454933166504e+00
1.870728135108947754e+00
1.434090971946716309e+00
1.912126064300537109e+00
-4.205613434314727783e-01
-1.051326751708984375e+00
-1.839506179094314575e-01
1.711864233016967773e+00
-1.971692591905593872e-02
-4.461235105991363525e-01
-1.094732999801635742e+00
1.108339190483093262e+00
4.594393670558929443e-01
-1.781109809875488281e+00
-4.636683166027069092e-01
-2.219543218612670898e+00
5.652378313243389130e-03
1.430505394935607910e+00
7.633271813392639160e-01
1.962975144386291504e+00
-4.967185556888580322e-01
1.415714621543884277e+00
1.405650615692138672e+00
-8.274559974670410156e-01
-6.062366813421249390e-02
-3.755320310592651367e-01
-5.394165515899658203e-01
-1.621682196855545044e-01
1.071546673774719238e+00
-1.482511609792709351e-01
-1.227781176567077637e+00
6.117905378341674805e-01
2.628168463706970215e-02
-9.405311346054077148e-01
-2.034292966127395630e-01
-1.573026061058044434e+00
6.739137321710586548e-02
-1.677828192710876465e+00
-1.631667912006378174e-01
-1.490049481391906738e+00
1.716849356889724731e-01
-2.120734155178070068e-01
-1.876271069049835205e-01
9.572827219963073730e-01
1.007132887840270996e+00
4.206674695014953613e-01
2.760155871510505676e-02
-1.084339171648025513e-01
1.495950460433959961e+00
-1.468476653099060059e+00
-9.759874939918518066e-01
-5.580579042434692383e-01
5.154739618301391602e-01
4.374249279499053955e-01
1.886665374040603638e-01
2.402150034904479980e-01
-8.449472188949584961e-01
1.817639470100402832e-01
-4.190967679023742676e-01
-4.101966619491577148e-01
5.450073480606079102e-01
2.158198118209838867e+00
-2.783565521240234375e-01
2.698215484619140625e+00
-1.082394495606422424e-01
8.069952130317687988e-01
4.606656357645988464e-02
-4.074456989765167236e-01
1.506302207708358765e-01
-1.622347712516784668e+00
-1.368429899215698242e+00
1.608972191810607910e+00
-1.926498413085937500e+00
-2.721771299839019775e-01
4.494796693325042725e-01
-9.355928897857666016e-01
3.427409231662750244e-01
2.038341283798217773e+00
8.469120860099792480e-01
-6.259307861328125000e-01
-8.347165584564208984e-01
-1.523997902870178223e+00
-1.642985939979553223e-01
-1.272081136703491211e+00
1.075255274772644043e+00
-1.399555802345275879e+00
9.350247979164123535e-01
1.038979768753051758e+00
-9.152446985244750977e-01
-9.866181612014770508e-01
4.735386967658996582e-01
1.512207269668579102e+00
1.217143535614013672e+00
3.270152583718299866e-02
-2.541093826293945312e+00
9.675905108451843262e-01
9.821953177452087402e-01
2.701280415058135986e-01
-7.296789288520812988e-01
-3.976106941699981689e-01
-1.394916892051696777e+00
5.158234238624572754e-01
-5.558524727821350098e-01
1.533823847770690918e+00
-7.412049770355224609e-01
-8.180871605873107910e-01
-1.143353104591369629e+00
-6.046246290206909180e-01
-4.957457780838012695e-01
6.437094807624816895e-01
6.942856311798095703e-01
4.451500624418258667e-02
4.078443050384521484e-01
1.605820298194885254e+00
6.594102382659912109e-01
9.139102101325988770e-01
-2.279387265443801880e-01
9.172772765159606934e-01
-2.775848507881164551e-01
1.175050854682922363e+00
1.477520823478698730e+00
-1.730196595191955566e+00
4.015188515186309814e-01
1.870594263076782227e+00
-7.180709242820739746e-01
-1.047881245613098145e+00
-1.005987763404846191e+00
-6.873864531517028809e-01
1.673546195030212402e+00
-2.364611864089965820e+00
6.083275079727172852e-01
2.109804868698120117e+00
9.658024907112121582e-01
2.144330501556396484e+00
2.241210341453552246e-01
-6.437894701957702637e-01
1.493714094161987305e+00
-4.670953750610351562e-01
-6.453078389167785645e-01
2.157696336507797241e-01
-9.476264715194702148e-01
1.340162158012390137e+00
1.608064770698547363e+00
3.592613935470581055e-01
2.129704952239990234e-01
2.977503836154937744e-01
-8.560364842414855957e-01
-5.191626548767089844e-01
-1.398733496665954590e+00
-6.168813109397888184e-01
-1.769934594631195068e-01
6.498651504516601562e-01
4.987386167049407959e-01
-6.900748014450073242e-01
4.728889167308807373e-01
-1.051492333412170410e+00
-1.358304500579833984e+00
-4.163839817047119141e-01
-6.949729919433593750e-01
-4.869928956031799316e-01
-8.139504492282867432e-02
-8.117529153823852539e-01
1.668861955404281616e-01
-1.193189620971679688e+00
1.925956010818481445e-01
-1.474482059478759766e+00
8.649732470512390137e-01
5.961748957633972168e-01
2.079178690910339355e-01
-3.079269230365753174e-01
-3.562613427639007568e-01
-1.154517531394958496e+00
1.373863101005554199e+00
7.722399830818176270e-01
-2.641232907772064209e-01
3.377348184585571289e-01
2.816520333290100098e-01
-5.882690846920013428e-02
1.561410546302795410e+00
9.932820796966552734e-01
-1.575735926628112793e+00
-2.224064350128173828e+00
-1.050435751676559448e-01
5.182409286499023438e-01
8.148564100265502930e-01
2.353097200393676758e-01
2.928209006786346436e-01
-7.755999565124511719e-01
-1.959004163742065430e+00
-2.151023626327514648e+00
-5.309101343154907227e-01
1.199976444244384766e+00
3.649248555302619934e-02
-8.992800489068031311e-03
2.001744985580444336e+00
-6.787745952606201172e-01
-3.594996929168701172e-01
1.726726651191711426e+00
1.536128759384155273e+00
9.266573190689086914e-01
5.400559306144714355e-01
1.181569457054138184e+00
5.451241135597229004e-01
-8.885490894317626953e-01
-5.812487006187438965e-01
-1.024909839034080505e-01
1.308416724205017090e+00
-7.241722941398620605e-01
-1.343822240829467773e+00
9.740501046180725098e-01
-1.735169291496276855e+00
1.929560065269470215e+00
2.087774872779846191e-01
4.037651419639587402e-01
-2.287781000137329102e+00
-5.989200472831726074e-01
1.841561049222946167e-01
-1.027886271476745605e+00
7.128778696060180664e-01
-9.617843478918075562e-02
-2.129455655813217163e-01
-1.506430953741073608e-01
-1.703946113586425781e+00
9.563050270080566406e-01
-1.918682932853698730e+00
-1.575135067105293274e-02
8.707890510559082031e-01
-5.337331295013427734e-01
-8.004694581031799316e-01
-1.443262100219726562e+00
2.200644277036190033e-02
4.121372997760772705e-01
-5.514003038406372070e-01
6.933445930480957031e-01
2.908480167388916016e-01
-9.773890972137451172e-01
-4.834644496440887451e-01
2.731667757034301758e+00
-3.883740007877349854e-01
7.730885744094848633e-01
-1.802618354558944702e-01
-3.038234710693359375e+00
-8.643995523452758789e-01
-6.819341182708740234e-01
-1.096489429473876953e+00
-4.324197471141815186e-01
2.320355772972106934e-01
-7.812395691871643066e-01
4.146107286214828491e-02
4.335724711418151855e-01
-5.210515260696411133e-01
-5.982701480388641357e-02
1.541151642799377441e+00
-1.390210151672363281e+00
-1.817130744457244873e-01
-6.091235876083374023e-01
3.020547389984130859e+00
1.718784451484680176e+00
5.473964810371398926e-01
-1.161004662513732910e+00
-9.529058337211608887e-01
1.693015575408935547e+00
-2.195238828659057617e+00
-8.177020549774169922e-01
-1.184908270835876465e+00
5.414271950721740723e-01
-1.103339433670043945e+00
-1.271320581436157227e+00
1.084984660148620605e+00
1.716133594512939453e+00
4.152587950229644775e-01
1.687195062637329102e+00
1.881490230560302734e+00
2.050901174545288086e+00
1.814276933670043945e+00
2.943949997425079346e-01
2.945377826690673828e-01
2.053424358367919922e+00
-1.635982394218444824e+00
1.719319224357604980e+00
7.308003306388854980e-01
-9.546061158180236816e-01
-1.104722380638122559e+00
-7.074250578880310059e-01
3.201855719089508057e-01
2.053870260715484619e-01
-5.799757242202758789e-01
-1.487867474555969238e+00
1.143647670745849609e+00
1.812332630157470703e+00
8.102349042892456055e-01
-9.678165912628173828e-01
-3.993116319179534912e-01
-1.585034847259521484e+00
2.620812878012657166e-02
4.444732517004013062e-02
-9.785843491554260254e-01
4.652925729751586914e-01
-6.284931302070617676e-01
-1.390983939170837402e+00
1.500721126794815063e-01
1.010231733322143555e+00
-2.019870042800903320e+00
-1.365245729684829712e-01
1.119656205177307129e+00
-1.317637681961059570e+00
4.919907748699188232e-01
5.515393614768981934e-01
-1.718804121017456055e+00
6.513672471046447754e-01
1.606396794319152832e+00
9.952286481857299805e-01
-8.353334665298461914e-01
3.566117286682128906e-01
-1.184257790446281433e-01
-1.320052742958068848e+00
-4.994210302829742432e-01
-1.092986583709716797e+00
5.736670494079589844e-01
1.221707582473754883e+00
-5.911790132522583008e-01
6.686130762100219727e-01
1.279823541641235352e+00
-2.141341418027877808e-01
-1.498112320899963379e+00
1.403913378715515137e+00
2.010605335235595703e+00
5.366058945655822754e-01
1.221073746681213379e+00
-5.573794841766357422e-01
7.243440151214599609e-01
-7.062124013900756836e-01
-9.524652361869812012e-01
1.335613846778869629e+00
-9.528193622827529907e-02
1.273985266685485840e+00
-2.333374470472335815e-01
1.594563275575637817e-01
1.136358499526977539e+00
-2.181312084197998047e+00
3.395450711250305176e-01
1.265230417251586914e+00
2.703754425048828125e+00
-8.914846181869506836e-01
-3.276566267013549805e-01
-2.680125951766967773e+00
1.304545998573303223e+00
-2.257879972457885742e+00
3.139458298683166504e-01
5.401814579963684082e-01
-4.601112306118011475e-01
-3.859472572803497314e-01
1.244214653968811035e+00
3.130800127983093262e-01
4.744550883769989014e-01
2.850320100784301758e+00
-3.615917563438415527e-01
2.126832723617553711e+00
-1.433597654104232788e-01
9.102447032928466797e-01
-8.344771862030029297e-01
-2.763138711452484131e-01
1.466362476348876953e+00
-8.988634347915649414e-01
1.125669479370117188e+00
-9.848513007164001465e-01
-9.966284036636352539e-01
-1.004598975181579590e+00
-2.374368011951446533e-01
1.229155302047729492e+00
8.110908791422843933e-03
7.940273880958557129e-01
-3.742913901805877686e-01
-1.559219837188720703e+00
-1.824971914291381836e+00
8.547700047492980957e-01
6.303510665893554688e-01
-1.047154426574707031e+00
7.826430797576904297e-01
-1.409717500209808350e-01
1.138442382216453552e-01
8.486474156379699707e-01
-2.178024351596832275e-01
-3.434203565120697021e-01
1.949383020401000977e+00
2.914583683013916016e-01
-1.126398205757141113e+00
-9.758478999137878418e-01
2.179729938507080078e-01
1.188942193984985352e+00
7.719131708145141602e-01
-2.347244322299957275e-01
-3.864210844039916992e-02
-1.478788971900939941e+00
-1.653603792190551758e+00
-2.503047585487365723e-01
-1.064419984817504883e+00
9.808650612831115723e-01
-2.015873670578002930e+00
-5.393357276916503906e-01
-5.409297943115234375e-01
1.180259108543395996e+00
-1.753779292106628418e+00
6.880921125411987305e-01
-5.597472786903381348e-01
3.523017466068267822e-01
-2.954401373863220215e-01
-1.869988441467285156e-01
6.779212355613708496e-01
-1.073771238327026367e+00
1.371718406677246094e+00
-1.104444265365600586e+00
1.659795880317687988e+00
3.508996665477752686e-01
2.000613689422607422e+00
-7.397557497024536133e-01
9.212959408760070801e-01
2.309845447540283203e+00
8.340451121330261230e-02
3.250918686389923096e-01
1.075164556503295898e+00
4.555656313896179199e-01
-2.384720563888549805e+00
9.311271458864212036e-02
1.343261003494262695e+00
