1.217408329248428345e-01
7.699773907661437988e-01
-2.378994077444076538e-01
5.079134702682495117e-01
-1.047234177589416504e+00
4.738231599330902100e-01
-5.934966206550598145e-01
1.549572795629501343e-01
7.260174155235290527e-01
9.899357557296752930e-01
-1.760194748640060425e-01
-3.238665461540222168e-01
-6.408079862594604492e-01
-1.422657221555709839e-01
-5.494610667228698730e-01
7.917784452438354492e-01
-3.208196163177490234e+00
-4.819712936878204346e-01
-9.114865660667419434e-01
-2.713763415813446045e-01
-1.589619040489196777e+00
-4.391136462800204754e-04
4.746437668800354004e-01
3.780748546123504639e-01
1.826902389526367188e+00
-1.443768739700317383e-01
-1.585559695959091187e-01
-7.387574315071105957e-01
3.293263167142868042e-02
2.422628253698348999e-01
7.432702183723449707e-01
-2.680537104606628418e-01
5.833346247673034668e-01
-2.465706825256347656e+00
-5.399654507637023926e-01
-1.447707712650299072e-01
3.920542597770690918e-01
-8.409564495086669922e-01
2.810103654861450195e+00
-3.303349018096923828e-01
-1.578843712806701660e+00
1.167154759168624878e-01
-2.407772243022918701e-01
9.730423092842102051e-01
-1.875436753034591675e-01
8.582372963428497314e-02
-7.315480709075927734e-01
1.455093145370483398e+00
6.681176424026489258e-01
7.837749123573303223e-01
-6.450428366661071777e-01
1.292607903480529785e+00
2.597033381462097168e-01
-4.313364252448081970e-02
3.025771677494049072e-01
-3.064955174922943115e-01
-1.068835973739624023e+00
-7.370131015777587891e-01
5.457485914230346680e-01
4.609372019767761230e-01
-1.013046782463788986e-02
6.315002441406250000e-01
-4.314695000648498535e-01
-4.850933849811553955e-01
6.395795196294784546e-02
2.763173580169677734e+00
-5.007538795471191406e-01
-1.322733312845230103e-01
2.337926328182220459e-01
2.123436890542507172e-02
-1.680025219917297363e+00
1.404891848564147949e+00
5.726885795593261719e-01
-3.416704237461090088e-01
-1.180433273315429688e+00
-3.594753444194793701e-01
9.674012660980224609e-01
-5.056537985801696777e-01
-2.115530222654342651e-01
-1.413584947586059570e+00
-1.470357775688171387e+00
5.107758641242980957e-01
-1.327165067195892334e-01
-1.067708730697631836e+00
1.893854856491088867e+00
-3.107954859733581543e-01
-2.061587721109390259e-01
2.474835395812988281e+00
-1.083900928497314453e+00
8.815449476242065430e-01
-5.496287345886230469e-01
6.050000190734863281e-01
3.661381304264068604e-01
-5.910001993179321289e-01
-1.473901718854904175e-01
-1.864929944276809692e-01
5.661548972129821777e-01
-2.733304202556610107e-01
-2.930978238582611084e-01
-7.970860600471496582e-01
-2.584506273269653320e-01
-1.321945071220397949e+00
-9.149579405784606934e-01
-7.531377673149108887e-01
-1.139272332191467285e+00
3.664074242115020752e-01
7.296618819236755371e-01
-2.516690731048583984e+00
1.513977646827697754e-01
-1.777591586112976074e+00
-9.073538333177566528e-02
5.208485722541809082e-01
6.983568668365478516e-01
2.788810491561889648e+00
2.482049703598022461e+00
-1.507170498371124268e-01
-9.237552881240844727e-01
-1.069018006324768066e+00
-8.929650187492370605e-01
1.213812232017517090e+00
-1.174526453018188477e+00
-6.863074302673339844e-01
4.335896968841552734e-01
4.252613782882690430e-01
8.713755011558532715e-02
1.503264546394348145e+00
-4.668673872947692871e-01
6.107159256935119629e-01
-9.011839032173156738e-01
2.276953607797622681e-01
-4.646662473678588867e-01
-8.566749095916748047e-01
-9.877859614789485931e-03
-1.070924282073974609e+00
-1.066813588142395020e+00
-4.015513956546783447e-01
-1.766822218894958496e+00
1.236358165740966797e+00
-8.100407719612121582e-01
-2.482152283191680908e-01
3.816850781440734863e-01
-2.218688488006591797e+00
5.462249517440795898e-01
-3.122344911098480225e-01
-6.936849355697631836e-01
-7.095229029655456543e-01
-1.126721024513244629e+00
1.242100447416305542e-01
-2.531502246856689453e+00
-9.243101477622985840e-01
-1.569121837615966797e+00
-7.600863575935363770e-01
5.276701450347900391e-01
7.874457240104675293e-01
8.136038780212402344e-01
5.461866259574890137e-01
-1.234568834304809570e+00
-5.362606048583984375e-01
-1.106204152107238770e+00
-2.593655288219451904e-01
1.662173390388488770e+00
6.689666509628295898e-01
1.152034759521484375e+00
6.592655181884765625e-02
-1.504940748214721680e+00
-3.235141634941101074e-01
1.352916479110717773e+00
1.553989171981811523e+00
-1.432417035102844238e+00
-1.643829464912414551e+00
2.642112970352172852e-01
4.173581302165985107e-02
-3.175322711467742920e-01
-8.746989965438842773e-01
5.215261578559875488e-01
1.176674246788024902e+00
4.567723572254180908e-01
4.661348164081573486e-01
-2.671319544315338135e-01
2.912217140197753906e+00
-1.238105297088623047e+00
-1.745425462722778320e+00
4.302867054939270020e-01
5.815689563751220703e-01
8.826370835304260254e-01
-1.721932411193847656e+00
3.412080928683280945e-02
-5.523748397827148438e-01
-4.825023114681243896e-01
9.986768364906311035e-01
-3.975691646337509155e-02
-2.256735414266586304e-01
1.712557077407836914e+00
-4.928350150585174561e-01
-1.733012497425079346e-01
6.270610094070434570e-01
1.745239257812500000e+00
3.817369043827056885e-01
-3.825653791427612305e-01
1.924519538879394531e-01
7.863777279853820801e-01
-1.078746795654296875e+00
-5.102224946022033691e-01
6.460542678833007812e-01
1.072365641593933105e+00
-1.360673308372497559e+00
-2.977448999881744385e-01
-6.559718251228332520e-01
4.380283132195472717e-02
-2.224538326263427734e-01
-5.198570489883422852e-01
1.382293999195098877e-01
1.873371958732604980e+00
-8.822947740554809570e-01
6.627503037452697754e-01
5.958347022533416748e-02
-5.108841657638549805e-01
8.254944086074829102e-01
-7.437692880630493164e-01
-4.377636313438415527e-01
-1.194590687751770020e+00
1.527915835380554199e+00
-2.929151952266693115e-01
1.842654705047607422e+00
-5.990956425666809082e-01
-9.552663564682006836e-02
-4.266389310359954834e-01
-5.313839912414550781e-01
1.823936030268669128e-02
-7.857410907745361328e-01
8.262288570404052734e-02
-1.063930019736289978e-01
-2.176301330327987671e-01
-1.348554939031600952e-01
4.344175457954406738e-01
7.221843004226684570e-01
2.248651236295700073e-01
-1.162007570266723633e+00
5.579119920730590820e-01
-1.790672302246093750e+00
-5.426411032676696777e-01
-1.721729993820190430e+00
1.077644586563110352e+00
2.392242550849914551e-01
-5.099064111709594727e-01
1.292715314775705338e-03
-8.188464045524597168e-01
2.794593274593353271e-01
-5.241616368293762207e-01
1.182487010955810547e+00
9.529609084129333496e-01
8.097558617591857910e-01
2.255164235830307007e-01
1.026815295219421387e+00
-5.473002195358276367e-01
2.150187253952026367e+00
1.916022300720214844e+00
2.094869613647460938e-01
-4.343112930655479431e-02
7.672019004821777344e-01
4.546221494674682617e-01
-1.194770336151123047e-01
4.899322986602783203e-01
-9.692673683166503906e-01
1.093720316886901855e+00
4.061833918094635010e-01
-4.287736415863037109e-01
2.862766981124877930e-01
1.390240430831909180e+00
-3.738100826740264893e-01
7.434662580490112305e-01
2.957637548446655273e+00
-1.730379581451416016e+00
2.231601774692535400e-01
-7.829042077064514160e-01
1.473081856966018677e-01
-1.445302844047546387e+00
-2.961278259754180908e-01
1.607469797134399414e+00
-3.670560121536254883e-01
4.372711777687072754e-01
4.131784141063690186e-01
1.525829285383224487e-01
1.326529622077941895e+00
-1.212477609515190125e-01
-1.085359215736389160e+00
-7.786238100379705429e-03
2.487279176712036133e+00
1.739537477493286133e+00
1.376848578453063965e+00
-7.085967659950256348e-01
1.175953298807144165e-01
4.403556231409311295e-03
-1.243773818016052246e+00
1.657642960548400879e+00
2.624665200710296631e-01
1.252107739448547363e+00
-1.406182050704956055e-01
-6.140550374984741211e-01
1.328749418258666992e+00
-1.047611951828002930e+00
3.755231499671936035e-01
1.448165774345397949e+00
-1.338177680969238281e+00
-1.239882469177246094e+00
9.275675415992736816e-01
-5.071261525154113770e-01
-5.710769891738891602e-01
-8.264389038085937500e-01
-3.667708933353424072e-01
2.143179655075073242e+00
-5.496968030929565430e-01
-1.154678583145141602e+00
-1.539101123809814453e+00
-1.308713912963867188e+00
1.767006218433380127e-01
-1.205776810646057129e+00
3.001156151294708252e-01
1.951289892196655273e+00
-4.012221097946166992e-01
-1.849207520484924316e+00
-2.928236424922943115e-01
1.956505179405212402e-01
-9.185875654220581055e-01
2.527561783790588379e-01
1.856229603290557861e-01
-3.633680045604705811e-01
3.373811244964599609e-01
-3.868502378463745117e-01
-1.577261537313461304e-01
-9.433407187461853027e-01
1.671352863311767578e+00
-1.480074882507324219e+00
1.074876666069030762e+00
2.300896793603897095e-01
1.783174037933349609e+00
-6.212260127067565918e-01
7.963526248931884766e-01
-2.781580388545989990e-01
1.997711658477783203e-01
5.831712484359741211e-01
5.904930233955383301e-01
1.679146438837051392e-01
-1.989362120628356934e+00
5.345392823219299316e-01
-3.301966190338134766e-02
9.880662560462951660e-01
-1.109506487846374512e+00
1.782592833042144775e-01
9.524998068809509277e-02
-6.305792331695556641e-01
-3.728110790252685547e-01
1.525267958641052246e+00
8.424984663724899292e-02
-9.563943147659301758e-01
-1.677514195442199707e+00
1.781049370765686035e+00
-9.551562070846557617e-01
9.589172154664993286e-02
-4.491759836673736572e-01
-5.970950722694396973e-01
1.742781102657318115e-01
8.364857435226440430e-01
-7.767514586448669434e-01
-3.103556334972381592e-01
-1.681586265563964844e+00
9.258624315261840820e-01
-2.375781685113906860e-01
-1.032998442649841309e+00
-3.241893351078033447e-01
-9.910985827445983887e-01
4.902004897594451904e-01
-1.917588233947753906e+00
1.427514553070068359e+00
8.562477827072143555e-01
-5.725511312484741211e-01
1.563200473785400391e+00
2.266764342784881592e-01
-7.504668831825256348e-01
-9.789897799491882324e-01
-1.913181781768798828e+00
-5.970104336738586426e-01
1.705230027437210083e-01
7.222748994827270508e-01
4.690890908241271973e-01
-9.329618811607360840e-01
-7.503904104232788086e-01
1.655975103378295898e+00
-1.085830554366111755e-01
1.248600259423255920e-01
3.215140104293823242e-01
-1.156198263168334961e+00
-3.178337514400482178e-01
8.981580138206481934e-01
2.525869369506835938e+00
1.402467936277389526e-01
3.299893438816070557e-01
1.127202868461608887e+00
-4.287065267562866211e-01
-8.986842632293701172e-01
-4.136551320552825928e-01
-6.077763438224792480e-01
-7.535540461540222168e-01
-2.293212890625000000e+00
1.511937856674194336e+00
6.732017993927001953e-01
1.709599345922470093e-01
2.175789028406143188e-01
-4.244943261146545410e-01
-1.039349675178527832e+00
-3.424184918403625488e-01
-3.384817361831665039e+00
-2.937540039420127869e-02
-8.577868342399597168e-01
-6.515816450119018555e-01
3.688787519931793213e-01
5.595398545265197754e-01
4.576369524002075195e-01
2.856935262680053711e-01
9.763271361589431763e-02
5.635711178183555603e-02
-1.119840145111083984e+00
-9.399524889886379242e-03
-8.525149226188659668e-01
-1.218590736389160156e+00
-6.214221715927124023e-01
-6.301566958427429199e-01
-3.507224321365356445e-01
-1.689723491668701172e+00
2.811198830604553223e-01
8.120180964469909668e-01
8.439435958862304688e-01
-7.258520126342773438e-01
-8.616153597831726074e-01
-4.414257109165191650e-01
1.262674033641815186e-01
-2.049148529767990112e-01
-6.597776412963867188e-01
-5.908717215061187744e-02
2.646583504974842072e-02
1.725826859474182129e+00
-6.029163002967834473e-01
2.667140960693359375e-01
6.676760911941528320e-01
1.117491364479064941e+00
1.593007802963256836e+00
-1.245174169540405273e+00
-4.721088409423828125e-01
1.389864444732666016e+00
-6.121333241462707520e-01
1.656571507453918457e+00
5.148854255676269531e-01
4.641275703907012939e-01
-2.925080955028533936e-01
-5.210503339767456055e-01
-9.050717949867248535e-01
-6.190547943115234375e-01
-2.707951068878173828e+00
-9.251514077186584473e-01
2.436088472604751587e-01
1.372652769088745117e+00
-1.266596436500549316e+00
5.166431069374084473e-01
5.462977290153503418e-01
2.419761419296264648e-01
5.025505423545837402e-01
-1.820801258087158203e+00
1.069678425788879395e+00
2.243075668811798096e-01
3.901466429233551025e-01
-4.866566658020019531e-01
1.265596389770507812e+00
7.567402124404907227e-01
1.032220795750617981e-01
-3.358034491539001465e-01
-6.743572652339935303e-02
-7.048181295394897461e-01
-8.408929705619812012e-01
9.213887453079223633e-01
1.397883892059326172e+00
1.647030830383300781e+00
1.816563248634338379e+00
8.775242567062377930e-01
-2.136921405792236328e+00
-9.756346791982650757e-02
7.594642639160156250e-01
-1.606580853462219238e+00
-7.153894305229187012e-01
4.714703857898712158e-01
1.067276716232299805e+00
-2.291175723075866699e-01
8.953917026519775391e-01
-1.388332009315490723e+00
2.158602327108383179e-01
1.707106232643127441e-01
-1.438562512397766113e+00
5.165794491767883301e-01
1.063692808151245117e+00
-6.647810935974121094e-01
5.644930005073547363e-01
1.158234357833862305e+00
2.225220441818237305e+00
-9.313869476318359375e-02
4.301047623157501221e-01
3.680467307567596436e-01
-3.003016114234924316e-01
1.602872908115386963e-01
-4.643151462078094482e-01
-4.172419607639312744e-01
5.244361162185668945e-01
2.268880307674407959e-01
8.218058347702026367e-01
-5.069317221641540527e-01
4.950369596481323242e-01
-8.059900403022766113e-01
-6.099309325218200684e-01
7.637989521026611328e-02
-1.446526944637298584e-01
1.856094747781753540e-01
-2.023118734359741211e-01
-1.043638139963150024e-01
5.257195234298706055e-01
-7.503572106361389160e-01
5.741579532623291016e-01
1.018615484237670898e+00
-4.495181739330291748e-01
-8.870560675859451294e-02
-1.044663667678833008e+00
4.572969377040863037e-01
-5.081179141998291016e-01
6.993585824966430664e-01
9.082790017127990723e-01
2.259465217590332031e+00
-3.208997473120689392e-02
1.966974854469299316e+00
-2.776860296726226807e-01
-5.818275213241577148e-01
4.829693436622619629e-01
-7.219773530960083008e-01
-4.029740020632743835e-02
1.156506061553955078e+00
1.105671405792236328e+00
-9.180842041969299316e-01
-5.174499154090881348e-01
1.165239810943603516e+00
-4.730940759181976318e-01
7.982462644577026367e-01
5.857239961624145508e-01
9.705330729484558105e-01
1.057114720344543457e+00
-4.126858413219451904e-01
-1.523936688899993896e-01
5.867989659309387207e-01
-1.170915961265563965e+00
1.887071490287780762e+00
8.022440075874328613e-01
-9.868961572647094727e-02
1.392607390880584717e-01
1.135287359356880188e-01
1.570215582847595215e+00
2.101487159729003906e+00
-6.280377507209777832e-01
-1.047855734825134277e+00
-2.769283771514892578e+00
-1.197179079055786133e+00
-4.326938092708587646e-01
6.240463852882385254e-01
9.290511012077331543e-01
9.518685936927795410e-01
-7.327039241790771484e-01
2.889509797096252441e-01
-9.195715188980102539e-01
3.981167078018188477e-01
-2.612106323242187500e+00
-4.370277523994445801e-01
-2.236462831497192383e+00
7.286902666091918945e-01
-3.700737059116363525e-01
-1.099635213613510132e-01
7.149984240531921387e-01
-2.201397418975830078e+00
5.976970493793487549e-02
-4.132498502731323242e-01
1.073115825653076172e+00
-8.638254404067993164e-01
-8.303199410438537598e-01
-1.113901972770690918e+00
-1.314779639244079590e+00
-1.407269716262817383e+00
-2.126993685960769653e-01
5.257025957107543945e-01
-8.859128504991531372e-02
-1.403920173645019531e+00
-7.140789031982421875e-01
-3.761819899082183838e-01
4.588988721370697021e-01
-1.381723165512084961e+00
9.042817950248718262e-01
1.036341309547424316e+00
8.224622011184692383e-01
1.878838837146759033e-01
-2.250655412673950195e+00
8.880529403686523438e-01
1.536389589309692383e+00
4.816777706146240234e-01
1.839229345321655273e+00
2.209747880697250366e-01
-4.488050043582916260e-01
-6.991911530494689941e-01
1.826556324958801270e-01
-1.141197010874748230e-01
5.339853167533874512e-01
1.313184499740600586e+00
1.545242816209793091e-01
-6.129520535469055176e-01
-4.976777434349060059e-01
-1.451654672622680664e+00
-7.551792860031127930e-01
-4.315714538097381592e-01
5.997281074523925781e-01
-4.153467118740081787e-01
-7.256408929824829102e-01
1.969275593757629395e+00
5.924571156501770020e-01
-1.621873617172241211e+00
-8.770428597927093506e-02
1.441892385482788086e+00
5.765226483345031738e-01
-2.509893774986267090e-01
-6.215126514434814453e-01
-1.354659497737884521e-01
1.327479004859924316e+00
2.151548147201538086e+00
1.597969412803649902e+00
-2.490444928407669067e-01
4.245707094669342041e-01
-8.925750255584716797e-01
8.662457466125488281e-01
-1.635516285896301270e+00
9.553841501474380493e-02
5.141823887825012207e-01
7.809391617774963379e-01
1.215004324913024902e+00
-4.271255061030387878e-02
-4.503714293241500854e-02
-2.573085129261016846e-01
-2.768136858940124512e-01
-1.226667761802673340e+00
8.787817955017089844e-01
2.711004912853240967e-01
1.575046628713607788e-01
-4.945458471775054932e-01
2.522015333175659180e+00
4.652452170848846436e-01
-3.502199053764343262e-01
7.504726052284240723e-01
-2.012162923812866211e+00
-5.574210286140441895e-01
-2.020584344863891602e+00
-2.443146407604217529e-01
-7.708240300416946411e-02
2.869327664375305176e-01
-1.214698925614356995e-01
-1.167510867118835449e+00
2.164443254470825195e+00
-5.418793559074401855e-01
2.081664562225341797e+00
-7.971827387809753418e-01
-3.160279989242553711e-01
-1.198935747146606445e+00
4.055052101612091064e-01
-3.489434421062469482e-01
-6.932177543640136719e-01
-1.014135181903839111e-01
4.835132881999015808e-02
2.010281383991241455e-01
-1.361033320426940918e+00
4.121797382831573486e-01
-6.212745308876037598e-01
4.682137072086334229e-01
-4.282726049423217773e-01
-1.256920218467712402e+00
-2.524843513965606689e-01
-7.246387600898742676e-01
2.318217754364013672e+00
2.124813199043273926e-01
9.752913713455200195e-01
5.115157961845397949e-01
3.449991941452026367e-01
7.735998630523681641e-01
1.080963015556335449e-01
-9.360377788543701172e-01
7.480122447013854980e-01
5.567319393157958984e-01
-7.607148885726928711e-01
1.787416040897369385e-01
1.044182777404785156e+00
-1.800292581319808960e-01
2.652285337448120117e+00
3.969372436404228210e-02
1.596522569656372070e+00
-1.446006417274475098e+00
-6.266614794731140137e-01
9.041178226470947266e-02
1.080454349517822266e+00
1.275764703750610352e+00
-6.798241734504699707e-01
1.477095603942871094e+00
-1.357033401727676392e-01
5.701860785484313965e-01
6.564425230026245117e-01
3.483732938766479492e-01
-4.233601968735456467e-03
-6.306195855140686035e-01
-2.164272069931030273e+00
-1.209148168563842773e+00
-1.279899477958679199e+00
-1.541315555572509766e+00
7.031598687171936035e-01
-8.628266453742980957e-01
2.741714119911193848e-01
-9.345915913581848145e-01
1.042429924011230469e+00
-1.659569144248962402e-01
4.181314706802368164e-01
-4.360097050666809082e-01
-7.204852700233459473e-01
1.739491701126098633e+00
9.310067892074584961e-01
1.749982088804244995e-01
1.643436193466186523e+00
-2.360060960054397583e-01
1.312569260597229004e+00
4.207763671875000000e-01
-2.183392286300659180e+00
3.855238854885101318e-01
-9.206710457801818848e-01
-7.355840802192687988e-01
9.267983436584472656e-01
-2.900938689708709717e-01
-2.893633544445037842e-01
6.668673157691955566e-01
-6.268649697303771973e-01
-4.075064137578010559e-02
-2.933749854564666748e-01
-6.093042343854904175e-02
1.176904961466789246e-01
6.286295056343078613e-01
-6.135112047195434570e-01
-2.412003517150878906e+00
-2.281389951705932617e+00
1.624522847123444080e-03
8.558864593505859375e-01
-3.667799532413482666e-01
1.532094717025756836e+00
-6.771051883697509766e-01
-6.132342219352722168e-01
6.243788003921508789e-01
-1.333924293518066406e+00
1.587049126625061035e+00
-4.140089154243469238e-01
-2.725170850753784180e-01
2.520894050598144531e+00
-4.800306260585784912e-01
1.326549887657165527e+00
6.877586841583251953e-01
6.755046248435974121e-01
4.389055669307708740e-01
-2.398992180824279785e-01
-8.250763416290283203e-01
1.757376432418823242e+00
-5.410912036895751953e-01
-1.053024649620056152e+00
-4.860866367816925049e-01
8.914320468902587891e-01
-6.980535387992858887e-01
-2.103737592697143555e+00
-1.016850113868713379e+00
1.332719326019287109e-01
1.093771100044250488e+00
-1.431049227714538574e+00
1.358818054199218750e+00
-9.663556814193725586e-01
-1.192417263984680176e+00
1.319759011268615723e+00
-3.669014275074005127e-01
-7.777270674705505371e-01
6.855504214763641357e-02
1.504787683486938477e+00
-2.271602302789688110e-01
1.572569906711578369e-01
5.098567530512809753e-02
6.684905886650085449e-01
2.199924439191818237e-01
3.965522944927215576e-01
6.231436133384704590e-01
-1.827075600624084473e+00
-2.007374048233032227e+00
-8.850200772285461426e-01
1.196038842201232910e+00
