1.216910183429718018e-01
7.714867591857910156e-01
-2.380957901477813721e-01
5.079134702682495117e-01
-1.048302769660949707e+00
4.738231599330902100e-01
-5.913099050521850586e-01
1.528908014297485352e-01
7.260160446166992188e-01
9.899302721023559570e-01
-1.729157269001007080e-01
-3.241113424301147461e-01
-6.416214704513549805e-01
-1.422659009695053101e-01
-5.498852133750915527e-01
7.911801934242248535e-01
-3.208188772201538086e+00
-4.820496439933776855e-01
-9.114677309989929199e-01
-2.713763415813446045e-01
-1.589619040489196777e+00
-4.390991525724530220e-04
4.761171042919158936e-01
3.781046867370605469e-01
1.826684832572937012e+00
-1.454681456089019775e-01
-1.585596203804016113e-01
-7.390705943107604980e-01
3.272209689021110535e-02
2.426230013370513916e-01
7.447096705436706543e-01
-2.692959606647491455e-01
5.837575197219848633e-01
-2.466540813446044922e+00
-5.399450659751892090e-01
-1.448779255151748657e-01
3.920703232288360596e-01
-8.409567475318908691e-01
2.810608625411987305e+00
-3.323114812374114990e-01
-1.581507682800292969e+00
1.167154759168624878e-01
-2.407743334770202637e-01
9.737603664398193359e-01
-1.875436753034591675e-01
8.582003414630889893e-02
-7.311841249465942383e-01
1.455124735832214355e+00
6.688270568847656250e-01
7.837751507759094238e-01
-6.452000141143798828e-01
1.292568445205688477e+00
2.592778503894805908e-01
-4.312690347433090210e-02
3.023494482040405273e-01
-3.064955174922943115e-01
-1.067550301551818848e+00
-7.370129227638244629e-01
5.491974353790283203e-01
4.622965753078460693e-01
-8.060645312070846558e-03
6.296987533569335938e-01
-4.307622909545898438e-01
-4.850967824459075928e-01
6.372456252574920654e-02
2.760172843933105469e+00
-5.027195811271667480e-01
-1.322732716798782349e-01
2.338160574436187744e-01
2.123697660863399506e-02
-1.680038690567016602e+00
1.403858304023742676e+00
5.726885795593261719e-01
-3.424769043922424316e-01
-1.180448532104492188e+00
-3.594753444194793701e-01
9.673983454704284668e-01
-5.081398487091064453e-01
-2.115530222654342651e-01
-1.413584947586059570e+00
-1.469421505928039551e+00
5.136238336563110352e-01
-1.318125724792480469e-01
-1.067675113677978516e+00
1.895614862442016602e+00
-3.110361695289611816e-01
-2.061587721109390259e-01
2.474578380584716797e+00
-1.083900928497314453e+00
8.811386823654174805e-01
-5.513594150543212891e-01
6.045553088188171387e-01
3.674121499061584473e-01
-5.910006165504455566e-01
-1.473664641380310059e-01
-1.864929944276809692e-01
5.658048391342163086e-01
-2.740398645401000977e-01
-2.931137681007385254e-01
-7.970860600471496582e-01
-2.581262588500976562e-01
-1.321945071220397949e+00
-9.149579405784606934e-01
-7.532753348350524902e-01
-1.139272332191467285e+00
3.651967942714691162e-01
7.296617627143859863e-01
-2.516682147979736328e+00
1.513977348804473877e-01
-1.777088403701782227e+00
-9.073574841022491455e-02
5.208485722541809082e-01
6.983568668365478516e-01
2.787846803665161133e+00
2.484238386154174805e+00
-1.507167965173721313e-01
-9.234399795532226562e-01
-1.069051146507263184e+00
-8.929650187492370605e-01
1.213812232017517090e+00
-1.175158262252807617e+00
-6.863096356391906738e-01
4.335896968841552734e-01
4.253866374492645264e-01
8.713755011558532715e-02
1.504268765449523926e+00
-4.668693542480468750e-01
6.117484569549560547e-01
-9.022104740142822266e-01
2.277386039495468140e-01
-4.679233133792877197e-01
-8.566749095916748047e-01
-9.877859614789485931e-03
-1.070924282073974609e+00
-1.066813588142395020e+00
-4.015513956546783447e-01
-1.766725182533264160e+00
1.237118721008300781e+00
-8.100371956825256348e-01
-2.482152283191680908e-01
3.816836178302764893e-01
-2.218673944473266602e+00
5.461547970771789551e-01
-3.132735192775726318e-01
-6.928974986076354980e-01
-7.091802954673767090e-01
-1.125742077827453613e+00
1.207155212759971619e-01
-2.532088756561279297e+00
-9.243102073669433594e-01
-1.568404674530029297e+00
-7.586410641670227051e-01
5.277847051620483398e-01
7.899604439735412598e-01
8.142260909080505371e-01
5.467903017997741699e-01
-1.235231041908264160e+00
-5.363545417785644531e-01
-1.106938719749450684e+00
-2.593656182289123535e-01
1.662038803100585938e+00
6.689668297767639160e-01
1.151586532592773438e+00
6.699030101299285889e-02
-1.504792571067810059e+00
-3.218581080436706543e-01
1.352475047111511230e+00
1.553952813148498535e+00
-1.431698679924011230e+00
-1.643819928169250488e+00
2.642112970352172852e-01
4.176257550716400146e-02
-3.177866935729980469e-01
-8.746989965438842773e-01
5.215261578559875488e-01
1.176674365997314453e+00
4.578604996204376221e-01
4.661641716957092285e-01
-2.671318650245666504e-01
2.912218093872070312e+00
-1.238105297088623047e+00
-1.745018720626831055e+00
4.298226833343505859e-01
5.819858908653259277e-01
8.821300268173217773e-01
-1.721940279006958008e+00
3.297707810997962952e-02
-5.523748397827148438e-01
-4.828496277332305908e-01
9.986754059791564941e-01
-3.889042884111404419e-02
-2.254734188318252563e-01
1.712557077407836914e+00
-4.932416975498199463e-01
-1.733063310384750366e-01
6.277096271514892578e-01
1.745239257812500000e+00
3.757646381855010986e-01
-3.849255144596099854e-01
1.924519538879394531e-01
7.863777279853820801e-01
-1.079474210739135742e+00
-5.107645392417907715e-01
6.446810960769653320e-01
1.071859121322631836e+00
-1.360675215721130371e+00
-2.997089326381683350e-01
-6.559718251228332520e-01
4.398900270462036133e-02
-2.244857400655746460e-01
-5.191386938095092773e-01
1.382294148206710815e-01
1.873371958732604980e+00
-8.822947740554809570e-01
6.628243923187255859e-01
5.957660824060440063e-02
-5.098017454147338867e-01
8.259789943695068359e-01
-7.433066368103027344e-01
-4.362849593162536621e-01
-1.193655133247375488e+00
1.528051257133483887e+00
-2.930797338485717773e-01
1.842654705047607422e+00
-5.999574065208435059e-01
-9.552663564682006836e-02
-4.258511364459991455e-01
-5.313832163810729980e-01
2.087003178894519806e-02
-7.858368158340454102e-01
8.262293040752410889e-02
-1.063933297991752625e-01
-2.168605327606201172e-01
-1.352211982011795044e-01
4.350859224796295166e-01
7.218042612075805664e-01
2.253824919462203979e-01
-1.162604928016662598e+00
5.574912428855895996e-01
-1.790696978569030762e+00
-5.424396395683288574e-01
-1.721728563308715820e+00
1.078450918197631836e+00
2.404567748308181763e-01
-5.099064111709594727e-01
1.258264062926173210e-03
-8.197179436683654785e-01
2.804854214191436768e-01
-5.234029889106750488e-01
1.182487249374389648e+00
9.547669887542724609e-01
8.094101548194885254e-01
2.256273776292800903e-01
1.026840806007385254e+00
-5.473002195358276367e-01
2.149705171585083008e+00
1.915415048599243164e+00
2.090685665607452393e-01
-4.529196396470069885e-02
7.658862471580505371e-01
4.541020393371582031e-01
-1.218453198671340942e-01
4.883466064929962158e-01
-9.686988592147827148e-01
1.093719482421875000e+00
4.052944183349609375e-01
-4.304535090923309326e-01
2.862411737442016602e-01
1.390243649482727051e+00
-3.738313317298889160e-01
7.434662580490112305e-01
2.957637548446655273e+00
-1.729199886322021484e+00
2.202942222356796265e-01
-7.860717773437500000e-01
1.473081856966018677e-01
-1.445384621620178223e+00
-2.961278259754180908e-01
1.607469797134399414e+00
-3.664079010486602783e-01
4.372524023056030273e-01
4.131784141063690186e-01
1.534560918807983398e-01
1.324413061141967773e+00
-1.224976405501365662e-01
-1.085359215736389160e+00
-7.792882621288299561e-03
2.487279176712036133e+00
1.739556312561035156e+00
1.377082467079162598e+00
-7.096490859985351562e-01
1.166512072086334229e-01
6.711331661790609360e-03
-1.243827462196350098e+00
1.657657265663146973e+00
2.653878331184387207e-01
1.252297043800354004e+00
-1.434691250324249268e-01
-6.140572428703308105e-01
1.328808307647705078e+00
-1.045611023902893066e+00
3.760048747062683105e-01
1.448165774345397949e+00
-1.338378667831420898e+00
-1.239123106002807617e+00
9.249410629272460938e-01
-5.071262717247009277e-01
-5.710810422897338867e-01
-8.264666795730590820e-01
-3.667498528957366943e-01
2.145237445831298828e+00
-5.496431589126586914e-01
-1.154678583145141602e+00
-1.538579583168029785e+00
-1.309602141380310059e+00
1.760917901992797852e-01
-1.209895730018615723e+00
3.025711476802825928e-01
1.947665929794311523e+00
-4.037063121795654297e-01
-1.850085139274597168e+00
-2.926970720291137695e-01
1.957161724567413330e-01
-9.185925722122192383e-01
2.527561783790588379e-01
1.819170266389846802e-01
-3.633680045604705811e-01
3.362023830413818359e-01
-3.864922523498535156e-01
-1.544054001569747925e-01
-9.433432817459106445e-01
1.671153187751770020e+00
-1.480229973793029785e+00
1.073912143707275391e+00
2.324291318655014038e-01
1.785093545913696289e+00
-6.223632693290710449e-01
7.963526248931884766e-01
-2.781579494476318359e-01
1.997692435979843140e-01
5.843359231948852539e-01
5.896689295768737793e-01
1.695390343666076660e-01
-1.988790988922119141e+00
5.346253514289855957e-01
-3.302406519651412964e-02
9.880662560462951660e-01
-1.109506487846374512e+00
1.782592833042144775e-01
9.524998068809509277e-02
-6.287370920181274414e-01
-3.768035173416137695e-01
1.525267958641052246e+00
8.406282961368560791e-02
-9.573652148246765137e-01
-1.677162170410156250e+00
1.781054019927978516e+00
-9.540244936943054199e-01
9.589172154664993286e-02
-4.491760432720184326e-01
-5.970950722694396973e-01
1.739647686481475830e-01
8.388901352882385254e-01
-7.767528295516967773e-01
-3.102684319019317627e-01
-1.682253956794738770e+00
9.258624315261840820e-01
-2.374487370252609253e-01
-1.032984495162963867e+00
-3.242742717266082764e-01
-9.910984039306640625e-01
4.892387986183166504e-01
-1.918746113777160645e+00
1.427646994590759277e+00
8.557838797569274902e-01
-5.724696516990661621e-01
1.563192367553710938e+00
2.266764342784881592e-01
-7.504668831825256348e-01
-9.798208475112915039e-01
-1.915298104286193848e+00
-5.958138108253479004e-01
1.707461327314376831e-01
7.222748994827270508e-01
4.690890908241271973e-01
-9.327242374420166016e-01
-7.504720091819763184e-01
1.655722737312316895e+00
-1.099189519882202148e-01
1.290978640317916870e-01
3.232963979244232178e-01
-1.156549453735351562e+00
-3.178406655788421631e-01
8.977899551391601562e-01
2.525869369506835938e+00
1.402467936277389526e-01
3.293973803520202637e-01
1.127170324325561523e+00
-4.271448850631713867e-01
-8.972499966621398926e-01
-4.132767319679260254e-01
-6.077763438224792480e-01
-7.535540461540222168e-01
-2.294853925704956055e+00
1.511712431907653809e+00
6.733012795448303223e-01
1.710785031318664551e-01
2.192343622446060181e-01
-4.244943261146545410e-01
-1.039538741111755371e+00
-3.438702821731567383e-01
-3.385507345199584961e+00
-2.968407794833183289e-02
-8.577867150306701660e-01
-6.517465710639953613e-01
3.725101947784423828e-01
5.595398545265197754e-01
4.576369524002075195e-01
2.856927514076232910e-01
9.759388118982315063e-02
5.877596884965896606e-02
-1.119700908660888672e+00
-9.194645099341869354e-03
-8.525148630142211914e-01
-1.217481851577758789e+00
-6.214495301246643066e-01
-6.301566958427429199e-01
-3.507219851016998291e-01
-1.688897132873535156e+00
2.811177968978881836e-01
8.120153546333312988e-01
8.439435958862304688e-01
-7.257847785949707031e-01
-8.614012002944946289e-01
-4.411808252334594727e-01
1.262293606996536255e-01
-2.018498331308364868e-01
-6.601955294609069824e-01
-5.908717960119247437e-02
2.628103271126747131e-02
1.725715994834899902e+00
-6.031399369239807129e-01
2.671424150466918945e-01
6.676760911941528320e-01
1.117462873458862305e+00
1.593007802963256836e+00
-1.247493147850036621e+00
-4.725231528282165527e-01
1.389616966247558594e+00
-6.107587218284606934e-01
1.656347990036010742e+00
5.148854255676269531e-01
4.639168083667755127e-01
-2.931951284408569336e-01
-5.210523009300231934e-01
-9.050717949867248535e-01
-6.190158128738403320e-01
-2.708024501800537109e+00
-9.248362779617309570e-01
2.436088621616363525e-01
1.372652769088745117e+00
-1.266596436500549316e+00
5.162546038627624512e-01
5.462963581085205078e-01
2.444583922624588013e-01
5.043201446533203125e-01
-1.820789933204650879e+00
1.069649934768676758e+00
2.243391722440719604e-01
3.901466429233551025e-01
-4.866566658020019531e-01
1.264865517616271973e+00
7.567413449287414551e-01
1.032220795750617981e-01
-3.358034491539001465e-01
-6.541859358549118042e-02
-7.048096656799316406e-01
-8.406820297241210938e-01
9.214106798171997070e-01
1.398921012878417969e+00
1.647030115127563477e+00
1.816563248634338379e+00
8.769571781158447266e-01
-2.136921405792236328e+00
-9.479629993438720703e-02
7.590900063514709473e-01
-1.606580853462219238e+00
-7.124183773994445801e-01
4.709092378616333008e-01
1.067276835441589355e+00
-2.293987572193145752e-01
8.953917026519775391e-01
-1.388332009315490723e+00
2.150311172008514404e-01
1.708027720451354980e-01
-1.438559412956237793e+00
5.160070657730102539e-01
1.065145492553710938e+00
-6.647810935974121094e-01
5.644817352294921875e-01
1.158752202987670898e+00
2.225212574005126953e+00
-9.188565611839294434e-02
4.293099939823150635e-01
3.680467307567596436e-01
-3.003016114234924316e-01
1.602872908115386963e-01
-4.634712040424346924e-01
-4.152925312519073486e-01
5.234459042549133301e-01
2.268894463777542114e-01
8.220897316932678223e-01
-5.070642828941345215e-01
4.966701865196228027e-01
-8.059900403022766113e-01
-6.099309325218200684e-01
7.637996971607208252e-02
-1.440227627754211426e-01
1.855885386466979980e-01
-2.022969424724578857e-01
-1.043638139963150024e-01
5.251368284225463867e-01
-7.503572702407836914e-01
5.725751519203186035e-01
1.018615484237670898e+00
-4.485004544258117676e-01
-8.930586278438568115e-02
-1.044353365898132324e+00
4.577235579490661621e-01
-5.053083300590515137e-01
7.015175223350524902e-01
9.081569314002990723e-01
2.259484767913818359e+00
-3.156730160117149353e-02
1.966974496841430664e+00
-2.771198749542236328e-01
-5.831155776977539062e-01
4.843000471591949463e-01
-7.219773530960083008e-01
-3.890175744891166687e-02
1.156506061553955078e+00
1.105229496955871582e+00
-9.180821180343627930e-01
-5.174646973609924316e-01
1.165336251258850098e+00
-4.727682471275329590e-01
7.982462644577026367e-01
5.857232213020324707e-01
9.697645902633666992e-01
1.057114720344543457e+00
-4.143457114696502686e-01
-1.523110419511795044e-01
5.857671499252319336e-01
-1.170300960540771484e+00
1.887071490287780762e+00
8.022456765174865723e-01
-9.868922084569931030e-02
1.392671614885330200e-01
1.114085763692855835e-01
1.569217205047607422e+00
2.101525783538818359e+00
-6.280401349067687988e-01
-1.047873258590698242e+00
-2.769283771514892578e+00
-1.197159171104431152e+00
-4.326938092708587646e-01
6.240463852882385254e-01
9.293611645698547363e-01
9.520945549011230469e-01
-7.327032089233398438e-01
2.887837588787078857e-01
-9.195715188980102539e-01
3.972117602825164795e-01
-2.612106323242187500e+00
-4.370277523994445801e-01
-2.236462831497192383e+00
7.286879420280456543e-01
-3.712148666381835938e-01
-1.099635213613510132e-01
7.155419588088989258e-01
-2.201341390609741211e+00
6.109616905450820923e-02
-4.127750694751739502e-01
1.073594093322753906e+00
-8.637561202049255371e-01
-8.298457264900207520e-01
-1.113901972770690918e+00
-1.314080357551574707e+00
-1.407269716262817383e+00
-2.122583389282226562e-01
5.259172320365905762e-01
-8.859128504991531372e-02
-1.403995156288146973e+00
-7.140796780586242676e-01
-3.761818110942840576e-01
4.586649239063262939e-01
-1.382467865943908691e+00
9.031720757484436035e-01
1.036340832710266113e+00
8.226220011711120605e-01
1.880961507558822632e-01
-2.250852108001708984e+00
8.869187831878662109e-01
1.536241769790649414e+00
4.816777706146240234e-01
1.840436935424804688e+00
2.218123078346252441e-01
-4.488778114318847656e-01
-6.973386406898498535e-01
1.839531362056732178e-01
-1.100270226597785950e-01
5.337731838226318359e-01
1.313862800598144531e+00
1.520233601331710815e-01
-6.168841123580932617e-01
-4.963359534740447998e-01
-1.451647996902465820e+00
-7.552230358123779297e-01
-4.298665821552276611e-01
5.997330546379089355e-01
-4.168962240219116211e-01
-7.256408929824829102e-01
1.969275593757629395e+00
5.924499034881591797e-01
-1.621745944023132324e+00
-8.527456969022750854e-02
1.441930532455444336e+00
5.758052468299865723e-01
-2.514721155166625977e-01
-6.214264631271362305e-01
-1.354659497737884521e-01
1.327479004859924316e+00
2.152201175689697266e+00
1.597967147827148438e+00
-2.490444928407669067e-01
4.246657788753509521e-01
-8.938197493553161621e-01
8.664488792419433594e-01
-1.638779282569885254e+00
9.555301070213317871e-02
5.141787528991699219e-01
7.809391617774963379e-01
1.214989185333251953e+00
-4.271255061030387878e-02
-4.503674432635307312e-02
-2.541925013065338135e-01
-2.762513458728790283e-01
-1.228310346603393555e+00
8.792861700057983398e-01
2.696500420570373535e-01
1.573304980993270874e-01
-4.954825639724731445e-01
2.522043466567993164e+00
4.652104675769805908e-01
-3.520504534244537354e-01
7.512785196304321289e-01
-2.011652469635009766e+00
-5.585866570472717285e-01
-2.020378589630126953e+00
-2.474635094404220581e-01
-7.876997441053390503e-02
2.870228290557861328e-01
-1.253229826688766479e-01
-1.168049693107604980e+00
2.164443254470825195e+00
-5.425249934196472168e-01
2.082057476043701172e+00
-7.982105016708374023e-01
-3.171661496162414551e-01
-1.198420286178588867e+00
4.045589864253997803e-01
-3.490006625652313232e-01
-6.910271644592285156e-01
-1.012582406401634216e-01
4.838388040661811829e-02
1.986884474754333496e-01
-1.360978484153747559e+00
4.121797382831573486e-01
-6.212767362594604492e-01
4.689302444458007812e-01
-4.282723367214202881e-01
-1.256920218467712402e+00
-2.508415579795837402e-01
-7.246388196945190430e-01
2.317403316497802734e+00
2.108518630266189575e-01
9.752913713455200195e-01
5.102330446243286133e-01
3.449991941452026367e-01
7.744268178939819336e-01
1.080963015556335449e-01
-9.365104436874389648e-01
7.490484714508056641e-01
5.562512278556823730e-01
-7.607148885726928711e-01
1.787416040897369385e-01
1.044182777404785156e+00
-1.801944524049758911e-01
2.652285337448120117e+00
3.686620667576789856e-02
1.596995115280151367e+00
-1.446019172668457031e+00
-6.262185573577880859e-01
9.120238572359085083e-02
1.079752683639526367e+00
1.276130199432373047e+00
-6.807571649551391602e-01
1.477095603942871094e+00
-1.357063353061676025e-01
5.699121952056884766e-01
6.560348272323608398e-01
3.486012816429138184e-01
-4.272741265594959259e-03
-6.310604810714721680e-01
-2.164204597473144531e+00
-1.209148168563842773e+00
-1.279811143875122070e+00
-1.542824864387512207e+00
7.042914628982543945e-01
-8.628266453742980957e-01
2.747046351432800293e-01
-9.346974492073059082e-01
1.042446851730346680e+00
-1.642149835824966431e-01
4.174413383007049561e-01
-4.345080256462097168e-01
-7.197395563125610352e-01
1.739491701126098633e+00
9.309818148612976074e-01
1.749982237815856934e-01
1.643076300621032715e+00
-2.359599322080612183e-01
1.312569260597229004e+00
4.207763373851776123e-01
-2.183391809463500977e+00
3.857314586639404297e-01
-9.208834171295166016e-01
-7.352301478385925293e-01
9.275333881378173828e-01
-2.901155948638916016e-01
-2.887209057807922363e-01
6.665850877761840820e-01
-6.250481009483337402e-01
-4.075064137578010559e-02
-2.930723428726196289e-01
-6.092530488967895508e-02
1.191071346402168274e-01
6.293796896934509277e-01
-6.141642928123474121e-01
-2.409956455230712891e+00
-2.281389951705932617e+00
1.634877640753984451e-03
8.563179373741149902e-01
-3.669771254062652588e-01
1.532094478607177734e+00
-6.771038770675659180e-01
-6.132336258888244629e-01
6.259402036666870117e-01
-1.333817601203918457e+00
1.587218403816223145e+00
-4.132988452911376953e-01
-2.721298635005950928e-01
2.522249460220336914e+00
-4.786518514156341553e-01
1.324981808662414551e+00
6.877586841583251953e-01
6.755046248435974121e-01
4.402908384799957275e-01
-2.398992478847503662e-01
-8.250763416290283203e-01
1.756505489349365234e+00
-5.435138344764709473e-01
-1.053024649620056152e+00
-4.845772087574005127e-01
8.901711702346801758e-01
-7.001035809516906738e-01
-2.103737592697143555e+00
-1.016475558280944824e+00
1.305952221155166626e-01
1.091046452522277832e+00
-1.432980179786682129e+00
1.358845949172973633e+00
-9.663556814193725586e-01
-1.189619421958923340e+00
1.319771528244018555e+00
-3.657785952091217041e-01
-7.787369489669799805e-01
6.804487109184265137e-02
1.505491971969604492e+00
-2.233857959508895874e-01
1.572569906711578369e-01
5.098567530512809753e-02
6.685593128204345703e-01
2.173866033554077148e-01
3.965522944927215576e-01
6.237894296646118164e-01
-1.829928994178771973e+00
-2.006158828735351562e+00
-8.850201368331909180e-01
1.193787217140197754e+00
