8.579128980636596680e-01
4.606595337390899658e-01
-1.682446718215942383e+00
-6.265196800231933594e-01
7.730886936187744141e-01
-7.653861045837402344e-01
9.346806406974792480e-01
-2.691598236560821533e-01
-2.109364420175552368e-01
4.761127829551696777e-01
9.733716249465942383e-01
-3.266472220420837402e-01
1.205848455429077148e+00
7.475502043962478638e-02
4.802001416683197021e-01
5.332121849060058594e-01
-4.343037605285644531e-01
2.926071360707283020e-02
4.201266542077064514e-02
4.664146006107330322e-01
6.766597032546997070e-01
1.713221549987792969e+00
6.209577918052673340e-01
1.013447284698486328e+00
5.950583219528198242e-01
5.185201764106750488e-01
-1.728771030902862549e-01
4.399119913578033447e-01
-1.131818056106567383e+00
-1.493355154991149902e+00
-4.129997789859771729e-01
9.941586852073669434e-02
1.897124290466308594e+00
2.047001123428344727e+00
-6.938855051994323730e-01
1.206037402153015137e+00
-4.838115572929382324e-01
-1.489660263061523438e+00
-2.316819503903388977e-02
9.834856986999511719e-01
-4.162437915802001953e-01
1.504519224166870117e+00
6.137868762016296387e-01
-5.184747576713562012e-01
1.000275492668151855e+00
2.319890260696411133e-01
3.510391414165496826e-01
-4.818541407585144043e-01
-1.785499006509780884e-01
1.324598789215087891e+00
7.672028541564941406e-01
1.223344445228576660e+00
-1.335927844047546387e-01
6.035677194595336914e-01
-6.840384602546691895e-01
1.946295738220214844e+00
1.827294826507568359e-01
-9.850870966911315918e-01
-9.268447160720825195e-01
-2.717372477054595947e-01
1.854926705360412598e+00
1.621094942092895508e-01
-4.950793981552124023e-01
-4.482640326023101807e-01
-3.255700767040252686e-01
1.402281641960144043e+00
-9.888460636138916016e-01
-1.816380977630615234e+00
-1.418048739433288574e+00
3.018759489059448242e-01
-1.080817699432373047e+00
2.069111347198486328e+00
-1.843576878309249878e-01
-1.342283129692077637e+00
8.414303660392761230e-01
-5.094434022903442383e-01
-7.621524333953857422e-01
-3.851457834243774414e-01
-1.436465263366699219e+00
8.259778618812561035e-01
4.706907570362091064e-01
-1.033263087272644043e+00
-2.794584274291992188e+00
2.923000752925872803e-01
1.173762559890747070e+00
-4.587687551975250244e-01
-1.146079301834106445e-01
4.977663755416870117e-01
1.541333198547363281e+00
1.014829516410827637e+00
5.660025477409362793e-01
-1.120783329010009766e+00
-3.466143310070037842e-01
-3.961974084377288818e-01
-3.398658335208892822e-01
6.325139999389648438e-01
9.754748940467834473e-01
5.620038509368896484e-01
1.417034149169921875e+00
-1.873804479837417603e-01
-7.722464203834533691e-01
-5.579372644424438477e-01
-1.085851669311523438e+00
-1.631276726722717285e+00
1.728389978408813477e+00
-5.642848610877990723e-01
-1.657316803932189941e+00
5.796341225504875183e-02
-1.164981722831726074e+00
-2.116332650184631348e-01
-1.090024352073669434e+00
-3.557459115982055664e-01
5.930635929107666016e-01
-3.444633483886718750e-01
9.830884337425231934e-01
-3.700471818447113037e-01
-1.499404430389404297e+00
4.483570158481597900e-01
1.128167867660522461e+00
3.453844189643859863e-01
1.150350645184516907e-01
1.097505018115043640e-01
5.190110802650451660e-01
-2.136773169040679932e-01
6.969275474548339844e-01
-1.249309897422790527e+00
-6.823906898498535156e-01
1.185139343142509460e-01
-6.447325348854064941e-01
-3.529034256935119629e-01
-1.169160842895507812e+00
-2.165317535400390625e-01
1.027418494224548340e+00
4.463861584663391113e-01
5.756394267082214355e-01
-3.152906179428100586e+00
-5.946429371833801270e-01
4.269928932189941406e-01
6.947953104972839355e-01
-1.347479104995727539e+00
5.533300042152404785e-01
-4.608029425144195557e-01
5.761161446571350098e-01
-2.329829931259155273e+00
-1.832723855972290039e+00
1.652503967285156250e+00
-7.670148611068725586e-01
-2.673964262008666992e+00
-4.303278923034667969e-01
-1.213830232620239258e+00
-1.227982878684997559e+00
5.868861675262451172e-01
1.004951953887939453e+00
-1.653760433197021484e+00
-9.815269708633422852e-01
-1.446139067411422729e-01
-8.117728233337402344e-01
1.048646807670593262e+00
-1.319915890693664551e+00
4.482058286666870117e-01
-3.578160703182220459e-02
2.114593982696533203e+00
-3.345816731452941895e-01
-4.061724543571472168e-01
5.996196717023849487e-02
6.121128797531127930e-01
-7.047236561775207520e-01
-3.811537921428680420e-01
5.940818190574645996e-01
4.769399464130401611e-01
5.358280539512634277e-01
-4.513545334339141846e-01
-9.531389474868774414e-01
2.477396726608276367e-01
-2.903942763805389404e-01
-3.456165492534637451e-01
-1.052529141306877136e-01
2.147646397352218628e-01
-7.926009893417358398e-01
2.535247564315795898e+00
-9.751117229461669922e-01
3.445980548858642578e-01
-4.666401445865631104e-01
-8.080686330795288086e-01
-1.953563570976257324e+00
-7.773714065551757812e-01
-1.151693820953369141e+00
-1.568741440773010254e+00
-5.527193546295166016e-01
-1.219668388366699219e+00
8.760232329368591309e-01
-2.787907421588897705e-01
-7.294089198112487793e-01
4.335292056202888489e-02
5.131675601005554199e-01
-1.362422943115234375e+00
2.991282343864440918e-01
5.904169082641601562e-01
-2.698048949241638184e-01
-6.235205531120300293e-01
4.526901245117187500e-01
9.917323589324951172e-01
4.446347653865814209e-01
-1.148313164710998535e+00
-8.077085018157958984e-01
5.169344544410705566e-01
8.749594092369079590e-01
3.755474686622619629e-01
1.771015167236328125e+00
-1.427055120468139648e+00
2.994686663150787354e-01
-1.224056124687194824e+00
1.340630173683166504e+00
1.630948305130004883e+00
-1.436298131942749023e+00
1.432140231132507324e+00
-8.907071948051452637e-01
3.965905867516994476e-03
-1.354416966438293457e+00
1.293567419052124023e-01
-4.274927973747253418e-01
7.838584780693054199e-01
-5.479263067245483398e-01
-2.492675930261611938e-01
-4.667102992534637451e-01
-2.868355214595794678e-01
5.749188065528869629e-01
-5.746570229530334473e-01
-7.382163405418395996e-01
-5.480242967605590820e-01
-2.487274259328842163e-01
8.081062436103820801e-01
-2.379099577665328979e-01
-2.079044431447982788e-01
4.397743940353393555e-01
1.110335350036621094e+00
1.088603138923645020e-01
-1.800960302352905273e+00
2.070884704589843750e-01
2.221036434173583984e+00
-7.134780883789062500e-01
-3.423556983470916748e-01
1.469767928123474121e+00
-1.199527025222778320e+00
-1.857156038284301758e+00
-3.937798738479614258e-02
1.836127281188964844e+00
-1.471428722143173218e-01
-7.637943029403686523e-01
-7.382940500974655151e-02
-6.855776906013488770e-01
9.597338438034057617e-01
-1.700838208198547363e-01
1.417857687920331955e-02
-9.608268737792968750e-02
1.065565109252929688e+00
-1.792891416698694229e-03
5.027080178260803223e-01
-1.815986752510070801e+00
-8.729841709136962891e-01
4.532980322837829590e-01
-1.230678200721740723e+00
2.088963985443115234e+00
-1.117930173873901367e+00
2.236515879631042480e-01
-4.623688459396362305e-01
-1.700171470642089844e+00
-2.441965103149414062e+00
1.237218454480171204e-01
-2.418738842010498047e+00
-4.898202419281005859e-01
-2.059923857450485229e-01
1.157342553138732910e+00
-1.524104326963424683e-01
7.747676968574523926e-01
-6.509463191032409668e-01
1.304895523935556412e-02
-1.388038322329521179e-02
1.723159790039062500e+00
2.924452349543571472e-02
1.667265892028808594e+00
3.141076862812042236e-02
-2.395910739898681641e+00
3.485555052757263184e-01
-1.216061472892761230e+00
-1.777663946151733398e+00
1.176235675811767578e+00
6.397685408592224121e-01
-7.831107974052429199e-01
1.056716680526733398e+00
-1.380133330821990967e-01
4.716993495821952820e-02
6.337006688117980957e-01
9.820755720138549805e-01
-5.877459645271301270e-01
-2.677351713180541992e+00
4.934592545032501221e-02
-2.496227741241455078e+00
9.555761218070983887e-01
-1.374687254428863525e-01
4.143493771553039551e-01
6.221840977668762207e-01
6.792444735765457153e-02
-3.728066980838775635e-01
1.165042221546173096e-01
-2.003234863281250000e+00
6.986003518104553223e-01
-4.997968673706054688e-01
-8.384879678487777710e-02
-4.101585224270820618e-02
-3.344631195068359375e-01
5.308238267898559570e-01
3.210275620222091675e-02
3.251608312129974365e-01
-2.046513557434082031e+00
7.035866379737854004e-01
-2.010404586791992188e+00
1.354506015777587891e+00
1.674491167068481445e-01
-1.857483834028244019e-01
6.595446914434432983e-02
4.428470730781555176e-01
3.693526685237884521e-01
6.984660625457763672e-01
-3.127180337905883789e-01
9.258118867874145508e-01
-1.126362323760986328e+00
1.696607321500778198e-01
1.704567551612854004e+00
-2.683540821075439453e+00
-9.809388518333435059e-01
-8.830551505088806152e-01
-3.427627310156822205e-02
-1.415521204471588135e-01
5.790353752672672272e-03
1.139211878180503845e-01
-1.658950746059417725e-01
-2.305204868316650391e+00
3.575512021780014038e-02
5.672589540481567383e-01
-8.812217116355895996e-01
1.610932707786560059e+00
-7.117187976837158203e-01
-2.262901782989501953e+00
-2.902559041976928711e-01
-1.698167085647583008e+00
-2.513130903244018555e-01
-1.175206303596496582e+00
-2.575981616973876953e-01
7.733792066574096680e-01
5.502988100051879883e-01
-1.232406139373779297e+00
1.344188690185546875e+00
1.899056673049926758e+00
5.954563021659851074e-01
1.397637844085693359e+00
-1.277993202209472656e+00
3.392197191715240479e-03
-3.095152378082275391e-01
-7.748102545738220215e-01
-5.341647267341613770e-01
-4.883087873458862305e-01
-8.869117498397827148e-02
7.584855556488037109e-01
3.484691679477691650e-01
-5.515146851539611816e-01
7.837913036346435547e-01
-1.824348568916320801e-01
-1.086015701293945312e+00
-1.282676935195922852e+00
-8.143637180328369141e-01
-1.442502379417419434e+00
8.322226405143737793e-01
1.995399475097656250e+00
6.307548284530639648e-02
-1.311946868896484375e+00
-1.500288844108581543e+00
-6.353964209556579590e-01
-1.486848592758178711e+00
1.149774789810180664e+00
5.434986948966979980e-01
3.862492442131042480e-01
1.037394642829895020e+00
-1.865272641181945801e+00
6.272820383310317993e-02
5.829705595970153809e-01
-1.915231347084045410e+00
4.552869796752929688e-01
-8.824239969253540039e-01
-1.349434703588485718e-01
3.205768465995788574e-01
-6.848818063735961914e-01
-4.840450882911682129e-01
-2.505346536636352539e-01
5.505714416503906250e-01
-7.791323661804199219e-01
-3.115867137908935547e+00
1.764639616012573242e+00
2.417984455823898315e-01
1.783793091773986816e+00
3.931767344474792480e-01
-9.624015688896179199e-01
-3.782794177532196045e-01
-1.022458910942077637e+00
-3.794666528701782227e-01
1.087457984685897827e-01
1.543819904327392578e-01
-9.104931950569152832e-01
8.172048628330230713e-02
3.151171207427978516e-01
-1.246669813990592957e-01
1.583492010831832886e-01
1.455957293510437012e+00
2.791861891746520996e-01
-1.009388804435729980e+00
-4.171213507652282715e-01
2.831181883811950684e-01
9.125411510467529297e-01
-2.265339642763137817e-01
-1.685744643211364746e+00
2.375445604324340820e+00
5.372049212455749512e-01
1.379287719726562500e+00
-3.961179554462432861e-01
1.247352838516235352e+00
-6.948152780532836914e-01
-4.465640783309936523e-01
5.699063539505004883e-01
-7.497529387474060059e-01
1.073328256607055664e+00
1.022432088851928711e+00
4.690259695053100586e-01
-5.641282200813293457e-01
-4.432850480079650879e-01
-3.066490292549133301e-01
1.060557484626770020e+00
-8.170480728149414062e-01
1.309502720832824707e+00
3.094819560647010803e-02
1.038332879543304443e-01
-4.119430854916572571e-02
-1.835432052612304688e-01
-5.806492567062377930e-01
-4.133542478084564209e-01
-7.402763962745666504e-01
2.205265462398529053e-01
-7.358178496360778809e-01
-1.674681186676025391e+00
3.044180870056152344e-01
-7.012585401535034180e-01
5.664134621620178223e-01
1.198099374771118164e+00
6.488279104232788086e-01
1.892537772655487061e-01
1.298656344413757324e+00
7.547454535961151123e-02
-1.864174962043762207e+00
1.350525114685297012e-02
-1.046610713005065918e+00
-4.610310494899749756e-01
-4.330156147480010986e-01
2.831955254077911377e-01
-8.091417551040649414e-01
1.805967986583709717e-01
4.478650987148284912e-01
-2.201741784811019897e-01
1.196367025375366211e+00
-4.475942254066467285e-01
1.470042347908020020e+00
1.600742101669311523e+00
2.613690309226512909e-02
1.095954418182373047e+00
4.640126228332519531e-01
9.536818861961364746e-01
5.457180142402648926e-01
-3.298733830451965332e-01
9.356111288070678711e-01
-2.246833801269531250e+00
-1.190920591354370117e+00
-1.946509256958961487e-02
9.751339443027973175e-03
-8.310050368309020996e-01
8.130137920379638672e-01
-5.854232311248779297e-01
1.102116942405700684e+00
7.471458911895751953e-01
-2.684945762157440186e-01
-1.260809183120727539e+00
8.116540312767028809e-01
1.114672899246215820e+00
1.308811664581298828e+00
-2.606453299522399902e-01
3.274342119693756104e-01
-1.924654603004455566e+00
-4.479421675205230713e-02
9.942447394132614136e-02
2.314728647470474243e-01
-2.070688247680664062e+00
-2.110978364944458008e+00
-4.085999429225921631e-01
9.395018219947814941e-01
7.236215472221374512e-02
1.912021517753601074e+00
-4.571129754185676575e-02
1.601318866014480591e-01
-4.225043356418609619e-01
-1.936144828796386719e-01
-6.772043704986572266e-01
4.546659588813781738e-01
-2.313181608915328979e-01
3.956443667411804199e-01
1.838570237159729004e+00
2.011022567749023438e+00
4.409748613834381104e-01
-1.482559204101562500e+00
-3.861129283905029297e-01
5.158572196960449219e-01
-1.811652034521102905e-01
7.843787670135498047e-01
-3.514791727066040039e-01
-3.913143873214721680e-01
-8.973152041435241699e-01
4.890116304159164429e-02
-4.298478066921234131e-01
1.507276654243469238e+00
4.554415941238403320e-01
-4.043394625186920166e-01
-1.136406660079956055e+00
-1.258704304695129395e+00
-5.091143250465393066e-01
-2.427042961120605469e+00
-1.430241167545318604e-01
-9.082278609275817871e-01
-2.038225650787353516e+00
9.311891198158264160e-01
2.448605000972747803e-01
-1.230490803718566895e+00
6.602758765220642090e-01
1.159225404262542725e-01
7.820218205451965332e-01
-1.053042411804199219e+00
7.272619009017944336e-01
1.343513846397399902e+00
1.328495621681213379e+00
1.828379034996032715e+00
3.875015377998352051e-01
6.363840103149414062e-01
2.632647007703781128e-02
-5.630611181259155273e-01
-1.844009160995483398e-01
2.107222080230712891e-01
-6.682991385459899902e-01
-1.814677119255065918e-01
-3.371390998363494873e-01
1.136686205863952637e-01
-4.067730605602264404e-01
-3.534537255764007568e-01
-1.262463569641113281e+00
2.114003151655197144e-01
-1.668469548225402832e+00
3.534867763519287109e-01
1.301167368888854980e+00
1.197595745325088501e-01
1.248206615447998047e+00
1.716625332832336426e+00
-6.940943002700805664e-01
-1.856995075941085815e-01
2.737786173820495605e-01
7.594326138496398926e-01
3.509045243263244629e-01
-2.160748243331909180e-01
-2.006155252456665039e+00
3.334220498800277710e-02
-9.726087450981140137e-01
1.468466877937316895e+00
6.901879906654357910e-01
-2.213713824748992920e-01
1.371077746152877808e-01
-2.181604355573654175e-01
-2.844953835010528564e-01
1.055616617202758789e+00
3.541831970214843750e-01
-4.374199360609054565e-02
2.715187072753906250e-01
1.291245222091674805e+00
3.301844894886016846e-01
7.801671624183654785e-01
-3.687646090984344482e-01
-8.010351061820983887e-01
-1.225556612014770508e+00
1.165087580680847168e+00
-1.420602053403854370e-01
6.392318010330200195e-01
8.516010046005249023e-01
6.082568764686584473e-01
1.782100081443786621e+00
-3.547035157680511475e-02
1.673411726951599121e-01
7.318341135978698730e-01
8.490574955940246582e-01
9.433932304382324219e-01
1.549571156501770020e+00
-3.897006809711456299e-01
-1.580786228179931641e+00
-1.433385729789733887e+00
1.008298993110656738e+00
-8.159115314483642578e-01
-1.650218665599822998e-01
-4.231464564800262451e-01
-2.130278587341308594e+00
-3.844209611415863037e-01
8.274574279785156250e-01
1.731064796447753906e+00
-3.835203945636749268e-01
1.013629674911499023e+00
-9.139470458030700684e-01
-2.192200422286987305e-01
-1.319435238838195801e-01
-2.033861160278320312e+00
-5.148870348930358887e-01
-4.749317765235900879e-01
1.049124360084533691e+00
-5.728544667363166809e-02
-7.394875884056091309e-01
2.786403894424438477e-01
3.433141410350799561e-01
-1.344388276338577271e-01
7.107505798339843750e-01
-8.749570846557617188e-01
-6.138278245925903320e-01
8.474936708807945251e-03
2.191850692033767700e-01
-6.517599821090698242e-01
1.655040502548217773e+00
6.945003867149353027e-01
9.156213700771331787e-02
-6.864827871322631836e-01
1.538397073745727539e-01
8.736276030540466309e-01
5.492218732833862305e-01
-2.594692111015319824e-01
2.057355165481567383e+00
-1.135488390922546387e+00
2.193053662776947021e-01
1.535028576850891113e+00
1.205123811960220337e-01
6.267822980880737305e-01
-3.708800971508026123e-01
-2.686418294906616211e-01
-1.745965331792831421e-01
-3.290049731731414795e-01
-1.698994517326354980e+00
1.626825779676437378e-01
2.480174899101257324e-01
9.823069572448730469e-01
-1.209129214286804199e+00
2.194093942642211914e+00
-6.480492949485778809e-01
-1.316115856170654297e-01
1.994729995727539062e+00
7.926639914512634277e-02
8.368899822235107422e-01
-3.976081311702728271e-01
-6.945884227752685547e-01
8.506718277931213379e-01
6.750509142875671387e-01
5.642766356468200684e-01
-1.019977688789367676e+00
-1.369951128959655762e+00
-2.546773433685302734e+00
-3.613347411155700684e-01
2.773889899253845215e-01
-9.541910290718078613e-01
1.269036769866943359e+00
-3.191341832280158997e-02
1.435031175613403320e+00
-1.390245437622070312e+00
-1.026858568191528320e+00
-3.228473663330078125e-01
-4.008945226669311523e-01
5.744827985763549805e-01
-4.204387068748474121e-01
5.374884605407714844e-01
-1.470232605934143066e-01
-1.020420074462890625e+00
1.880924582481384277e+00
-7.401680946350097656e-01
-1.000373601913452148e+00
-7.905814051628112793e-01
-5.917215943336486816e-01
7.599937263876199722e-03
-1.787770986557006836e+00
-1.923121362924575806e-01
1.704176306724548340e+00
1.327567696571350098e-01
-6.256767511367797852e-01
-1.864302515983581543e+00
2.801484465599060059e-01
-1.993025422096252441e+00
-1.150274395942687988e+00
-7.324318289756774902e-01
-7.020456790924072266e-01
5.928165912628173828e-01
-1.488459762185811996e-02
-1.024387497454881668e-02
-2.106253862380981445e+00
-5.839372873306274414e-01
-6.398986577987670898e-01
1.608641266822814941e+00
-9.975610300898551941e-03
2.352555543184280396e-01
-7.556577324867248535e-01
2.585707791149616241e-02
-9.593802690505981445e-01
2.974825501441955566e-01
3.338656723499298096e-01
1.035056114196777344e+00
2.970612645149230957e-01
-3.467871844768524170e-01
5.669157505035400391e-01
1.527468562126159668e+00
-1.907843470573425293e+00
-1.292524039745330811e-01
5.505752563476562500e-01
2.449188679456710815e-01
6.647218465805053711e-01
-7.555115222930908203e-01
6.655272841453552246e-01
3.306631445884704590e-01
-1.087526679039001465e+00
-1.280609846115112305e+00
-3.795116841793060303e-01
-8.029834032058715820e-01
-6.340382099151611328e-01
9.138585925102233887e-01
-5.118949413299560547e-01
-1.171369433403015137e+00
-5.234745740890502930e-01
-8.885134458541870117e-01
-4.300684034824371338e-01
-5.435837060213088989e-02
-5.863232612609863281e-01
2.269119739532470703e+00
2.265838831663131714e-01
-2.206850528717041016e+00
-3.866970241069793701e-01
-4.658010601997375488e-02
5.235623717308044434e-01
-1.224781513214111328e+00
-1.572653651237487793e+00
8.957591056823730469e-01
-9.728602766990661621e-01
5.024833679199218750e-01
1.471038162708282471e-01
-4.922968447208404541e-01
1.175868391990661621e+00
1.953353047370910645e+00
4.054155945777893066e-01
-1.010351419448852539e+00
-1.825906932353973389e-01
3.351052701473236084e-01
6.623411774635314941e-01
-5.214143395423889160e-01
4.802092313766479492e-01
5.841183066368103027e-01
1.143270611763000488e+00
1.124587535858154297e+00
-2.637584507465362549e-01
1.555556893348693848e+00
1.850876212120056152e+00
5.512079596519470215e-01
-1.054458260536193848e+00
3.830546140670776367e-01
-1.911593198776245117e+00
2.177201658487319946e-01
-1.400305151939392090e+00
-6.754226684570312500e-01
-3.877965807914733887e-01
-6.736162304878234863e-01
6.446895003318786621e-01
-2.022215127944946289e+00
1.141228899359703064e-01
-7.353134453296661377e-02
-2.351467609405517578e+00
7.958744764328002930e-01
7.254541516304016113e-01
7.122969627380371094e-01
-5.410971045494079590e-01
1.371365040540695190e-01
-7.743406891822814941e-01
-3.209945932030677795e-02
-2.403460025787353516e+00
1.597649306058883667e-01
1.729502081871032715e+00
3.942375257611274719e-02
6.518776416778564453e-01
2.409826405346393585e-02
7.420625686645507812e-01
1.294877409934997559e+00
7.698458433151245117e-01
