-1.084944367408752441e+00
-4.675348401069641113e-01
-7.637206912040710449e-01
1.875161170959472656e+00
1.692679971456527710e-01
2.456870675086975098e-01
-1.312503099441528320e+00
1.413850337266921997e-01
-7.256861925125122070e-01
3.960138261318206787e-01
4.443628191947937012e-01
1.806811429560184479e-02
-1.033217608928680420e-01
2.186565876007080078e+00
-3.648352921009063721e-01
1.423878431320190430e+00
-1.813131123781204224e-01
-8.007433414459228516e-01
-7.707584500312805176e-01
1.235649585723876953e-01
-5.951599478721618652e-01
2.177101135253906250e+00
6.591290235519409180e-02
-9.882401823997497559e-01
9.137363731861114502e-02
-3.698401749134063721e-01
1.489733308553695679e-01
-9.630410075187683105e-01
1.554704308509826660e-01
7.276049256324768066e-02
-1.892141580581665039e+00
-2.146419137716293335e-01
-1.717842817306518555e+00
9.486655592918395996e-01
1.096584200859069824e+00
-9.237707853317260742e-01
1.461948081851005554e-02
-1.311501264572143555e+00
2.540141642093658447e-01
6.206431239843368530e-02
5.439372658729553223e-01
-1.301369905471801758e+00
-3.010634779930114746e-01
-3.221395313739776611e-01
-1.228511929512023926e+00
7.125029563903808594e-01
-4.693135619163513184e-01
-1.098736882209777832e+00
-1.402438879013061523e-01
1.063398718833923340e+00
1.097370147705078125e+00
-2.899070680141448975e-01
-1.517406463623046875e+00
3.424780666828155518e-01
3.404531776905059814e-01
8.724570274353027344e-02
2.163715511560440063e-01
-3.528509140014648438e-01
1.571110129356384277e+00
-1.916301369667053223e+00
7.374613285064697266e-01
1.001588821411132812e+00
2.797208309173583984e+00
-1.822549939155578613e+00
5.050106048583984375e-01
-9.530511498451232910e-02
4.634644389152526855e-01
2.369698137044906616e-02
1.543562173843383789e+00
2.762182056903839111e-01
1.130711197853088379e+00
-1.611742824316024780e-01
-3.232585489749908447e-01
-8.255587816238403320e-01
-1.723629117012023926e+00
-1.196324229240417480e+00
-6.829946637153625488e-01
-1.337327063083648682e-01
-1.442586064338684082e+00
-1.793371319770812988e+00
6.145478039979934692e-02
-1.801656335592269897e-01
3.412609398365020752e-01
5.507190823554992676e-01
-1.354810714721679688e+00
-5.508209019899368286e-02
-1.489360332489013672e-01
-3.829028308391571045e-01
-7.042952179908752441e-01
7.222496718168258667e-02
-2.149668037891387939e-01
2.444042205810546875e+00
1.277496457099914551e+00
1.233161330223083496e+00
8.317025899887084961e-01
-9.044489860534667969e-01
1.788681894540786743e-01
1.586969256401062012e+00
1.228118896484375000e+00
-1.172006368637084961e+00
1.503127068281173706e-01
-4.185850024223327637e-01
1.080343365669250488e+00
-1.667264938354492188e+00
-1.528590559959411621e+00
-8.853097558021545410e-01
1.149168491363525391e+00
-2.201314419507980347e-01
2.964142262935638428e-01
-3.671742081642150879e-01
1.597230911254882812e+00
1.328896045684814453e+00
1.802507340908050537e-01
-1.152267083525657654e-01
1.932719945907592773e-01
8.708236217498779297e-01
-1.577447354793548584e-01
-5.224375724792480469e-01
7.829103469848632812e-01
-2.015302628278732300e-01
3.513649702072143555e-01
-1.080997228622436523e+00
4.850500524044036865e-01
-2.212146967649459839e-01
6.622436642646789551e-01
-2.395129799842834473e-01
1.721068024635314941e+00
3.687606006860733032e-02
4.896140098571777344e-01
-3.811098337173461914e-01
-1.269827008247375488e+00
-5.483009815216064453e-01
2.247433811426162720e-01
-2.113216519355773926e-01
1.183523297309875488e+00
5.900952219963073730e-01
-1.383313298225402832e+00
-7.085821628570556641e-01
2.162222713232040405e-01
-3.133638799190521240e-01
-3.870743513107299805e-01
-9.110518693923950195e-01
-1.584611296653747559e+00
8.526039719581604004e-01
-3.203114867210388184e-01
-5.194457769393920898e-01
1.393839955329895020e+00
1.979843378067016602e+00
-2.020994722843170166e-01
2.584580183029174805e-01
-9.352863430976867676e-01
-6.013537645339965820e-01
1.258592128753662109e+00
8.673061728477478027e-01
2.928933203220367432e-01
-1.221214771270751953e+00
-7.369150519371032715e-01
2.266182005405426025e-01
1.179290294647216797e+00
6.601635813713073730e-01
3.025433719158172607e-01
1.330113172531127930e+00
9.468870162963867188e-01
6.970710754394531250e-01
-1.259681344032287598e+00
-1.074196696281433105e+00
2.194040566682815552e-01
-2.622399032115936279e-01
5.573548078536987305e-01
3.507804870605468750e-01
-6.506925225257873535e-01
1.025266647338867188e+00
1.379125714302062988e-01
-3.035495877265930176e-01
2.684508264064788818e-01
-8.855313062667846680e-01
7.046210765838623047e-01
1.421114683151245117e+00
-1.285710185766220093e-01
3.163864612579345703e-01
-1.687159985303878784e-01
-5.171986818313598633e-01
7.529230117797851562e-01
-9.058859348297119141e-01
4.759700000286102295e-01
-5.741947293281555176e-01
2.201704978942871094e+00
5.974277853965759277e-01
1.857368499040603638e-01
1.946282386779785156e+00
7.592751979827880859e-01
-1.068492293357849121e+00
-5.521265864372253418e-01
7.632068395614624023e-01
-1.792890578508377075e-01
-4.503670632839202881e-01
-8.033392429351806641e-01
-7.462182044982910156e-01
6.641830801963806152e-01
1.199127554893493652e+00
-4.941817522048950195e-01
-1.725097000598907471e-01
-8.759509325027465820e-01
-3.243421316146850586e-01
2.082324504852294922e+00
6.246187686920166016e-01
-4.330765604972839355e-01
7.208856754004955292e-03
1.768267512321472168e+00
1.211550951004028320e+00
2.896254360675811768e-01
7.506099343299865723e-02
-8.098090291023254395e-01
-6.158517003059387207e-01
1.056910037994384766e+00
-2.791348397731781006e-01
-2.091194540262222290e-01
-2.044506311416625977e+00
-4.348323941230773926e-01
-5.218864679336547852e-01
-2.400663346052169800e-01
-6.194744706153869629e-01
-3.068626523017883301e-01
-5.216910839080810547e-01
-4.377117753028869629e-01
-4.596256911754608154e-01
-9.068067073822021484e-01
-1.074715256690979004e+00
9.623785614967346191e-01
3.902535438537597656e-01
9.976128935813903809e-01
2.321187257766723633e+00
-2.212003231048583984e+00
1.038610577583312988e+00
-1.875242888927459717e-01
1.278019994497299194e-01
7.422023415565490723e-01
1.154160350561141968e-01
-4.915260076522827148e-01
-1.315434128046035767e-01
-4.077502489089965820e-01
1.236404538154602051e+00
1.148111701011657715e+00
5.465555191040039062e-01
-7.971013188362121582e-01
-1.008407354354858398e+00
-8.447950482368469238e-01
-1.158201217651367188e+00
-2.110424280166625977e+00
3.615714013576507568e-01
-1.681700944900512695e-01
-5.371867418289184570e-01
-6.284313201904296875e-01
9.889892339706420898e-01
7.713866233825683594e-01
1.118012189865112305e+00
-1.611638784408569336e+00
-1.307700634002685547e+00
-5.034517645835876465e-01
-2.188519954681396484e+00
-2.891095280647277832e-01
-8.018694818019866943e-02
6.569090485572814941e-01
-5.100202560424804688e-01
1.959908157587051392e-01
1.144537448883056641e+00
-2.043263018131256104e-01
-7.544424533843994141e-01
-4.204255640506744385e-01
4.587657153606414795e-01
-5.650221705436706543e-01
1.840516477823257446e-01
-1.210504531860351562e+00
1.408616065979003906e+00
-2.167855501174926758e-01
3.450641781091690063e-02
-7.579854130744934082e-01
-1.142541885375976562e+00
6.291014552116394043e-01
2.341630011796951294e-01
-3.682754933834075928e-01
-5.405220389366149902e-01
-1.204090714454650879e+00
3.628044426441192627e-01
-1.381805777549743652e+00
1.157036185264587402e+00
-3.429330885410308838e-02
-1.931338608264923096e-01
5.970513224601745605e-01
-9.695898890495300293e-01
-1.150104045867919922e+00
-1.285687327384948730e+00
8.146535605192184448e-02
-7.500789761543273926e-01
-6.838830560445785522e-02
3.972934558987617493e-02
1.120215058326721191e+00
-9.248126149177551270e-01
-1.364037513732910156e+00
-1.449401259422302246e+00
7.721871137619018555e-01
-2.031677484512329102e+00
-2.981484234333038330e-01
-1.636635541915893555e+00
3.406947553157806396e-01
7.728490233421325684e-01
-4.006279632449150085e-02
3.209706023335456848e-02
-1.486828923225402832e+00
4.927696883678436279e-01
1.316608309745788574e+00
-2.265517115592956543e-01
-2.898654937744140625e+00
-1.794117242097854614e-01
-1.081726327538490295e-01
-1.342658042907714844e+00
3.561798334121704102e-01
-8.942440748214721680e-01
4.541653692722320557e-01
-3.819887042045593262e-01
-2.571596205234527588e-01
-1.386315703392028809e+00
-1.921449089422821999e-03
-1.348823904991149902e+00
6.410284042358398438e-01
-4.476017355918884277e-01
1.470833897590637207e+00
-2.021670579910278320e+00
-9.585469961166381836e-01
1.683499693870544434e+00
1.431489467620849609e+00
5.644062906503677368e-02
-1.183430552482604980e+00
-2.161869525909423828e+00
4.227690398693084717e-01
-2.570420503616333008e-01
-1.188503265380859375e+00
6.015611290931701660e-01
5.803158283233642578e-01
9.985885024070739746e-01
2.413023412227630615e-01
3.260313570499420166e-01
-1.056684255599975586e+00
-3.219602406024932861e-01
-5.156055092811584473e-01
-1.157261058688163757e-01
-9.503418207168579102e-01
4.390081763267517090e-01
-8.058257699012756348e-01
6.373493671417236328e-01
-5.039280652999877930e-01
1.431105852127075195e+00
1.240950107574462891e+00
8.698803782463073730e-01
-7.020394802093505859e-01
-1.080598831176757812e+00
-7.686987519264221191e-01
2.852680683135986328e+00
2.677764892578125000e-01
1.037544250488281250e+00
-7.274408936500549316e-01
9.205070137977600098e-01
1.746717572212219238e+00
2.144273757934570312e+00
3.003298640251159668e-01
7.225055694580078125e-01
1.534061551094055176e+00
-1.528955698013305664e+00
7.313720583915710449e-01
5.907352566719055176e-01
-7.936138510704040527e-01
3.284820914268493652e-01
-4.947829246520996094e-01
-4.428208246827125549e-02
-1.284984499216079712e-01
-3.762054443359375000e-01
8.591241836547851562e-01
-7.549386471509933472e-02
-8.635846376419067383e-01
7.765838503837585449e-01
-1.625343322753906250e+00
-6.941598057746887207e-01
-4.568755626678466797e-01
-9.760296940803527832e-01
3.142328262329101562e-01
1.293968796730041504e+00
5.409315824508666992e-01
-4.051500260829925537e-01
-6.928753852844238281e-01
1.464028120040893555e+00
-6.940570473670959473e-01
2.129041962325572968e-02
1.133476614952087402e+00
1.011621475219726562e+00
-1.009325861930847168e+00
-9.347909092903137207e-01
6.516828536987304688e-01
1.021273851394653320e+00
5.562987327575683594e-01
7.252862304449081421e-02
-5.593944787979125977e-01
3.363260300830006599e-03
3.548349142074584961e-01
-2.451256662607192993e-01
2.897602319717407227e-01
1.794520616531372070e-01
-1.356356143951416016e+00
1.086668491363525391e+00
-1.488727629184722900e-01
1.552908778190612793e+00
1.219781398773193359e+00
4.329614937305450439e-01
-5.868726875633001328e-03
-6.627888083457946777e-01
4.563105702400207520e-01
1.646957755088806152e+00
5.997946262359619141e-01
-2.885400131344795227e-02
-3.572854995727539062e-01
-1.076314091682434082e+00
1.239732027053833008e+00
2.559155821800231934e-01
1.614680886268615723e+00
-1.206711888313293457e+00
7.671030759811401367e-01
8.104115128517150879e-01
6.072288751602172852e-01
7.608826756477355957e-01
5.049181580543518066e-01
-1.618260502815246582e+00
-3.475302830338478088e-02
-5.073037147521972656e-01
2.371511906385421753e-01
2.043943881988525391e+00
6.327769719064235687e-03
-1.184015274047851562e-01
1.546820998191833496e+00
2.019749164581298828e+00
7.220983505249023438e-01
3.448205292224884033e-01
-8.651087284088134766e-01
-1.598648190498352051e+00
3.680268526077270508e-01
-1.670718044042587280e-01
8.746695518493652344e-02
-7.534097433090209961e-01
-5.596621632575988770e-01
2.441262267529964447e-02
5.491889119148254395e-01
1.098800778388977051e+00
1.069264292716979980e+00
1.361980587244033813e-01
1.242517232894897461e+00
3.220903277397155762e-01
9.181497693061828613e-01
-1.691475659608840942e-01
6.487777233123779297e-01
4.872641712427139282e-02
9.798324108123779297e-01
-6.626622676849365234e-01
-3.633658587932586670e-01
-4.763431251049041748e-01
1.239564061164855957e+00
-1.059097424149513245e-01
-7.544777542352676392e-02
4.038984775543212891e-01
-1.028102040290832520e-01
-9.920578002929687500e-01
6.030465960502624512e-01
-5.625150203704833984e-01
-3.729372024536132812e-01
-5.592561960220336914e-01
2.659782648086547852e+00
5.417180061340332031e-01
5.040980875492095947e-03
-2.025317907333374023e+00
6.338213086128234863e-01
3.236595392227172852e-01
-1.165904477238655090e-01
4.312725365161895752e-01
-3.131702244281768799e-01
1.263240456581115723e+00
1.883453011512756348e+00
1.497398376464843750e+00
9.722159504890441895e-01
5.273900628089904785e-01
-1.075623512268066406e+00
-2.222397089004516602e+00
-4.470272064208984375e-01
-6.801947355270385742e-01
4.358492791652679443e-01
-5.630766749382019043e-01
-1.892147302627563477e+00
-4.271275401115417480e-01
2.059565067291259766e+00
-6.639617085456848145e-01
-1.770398467779159546e-01
-4.875052571296691895e-01
-1.226883888244628906e+00
-3.239030241966247559e-01
7.253529429435729980e-01
-2.537630796432495117e-01
4.974745213985443115e-01
6.905173417180776596e-03
6.673029065132141113e-01
1.547096848487854004e+00
5.723238587379455566e-01
4.060215055942535400e-01
-4.286694899201393127e-02
-4.707510471343994141e-01
-5.257682204246520996e-01
3.380405306816101074e-01
2.109238952398300171e-01
-2.236942499876022339e-01
6.998313665390014648e-01
-2.140870839357376099e-01
-1.227172166109085083e-01
1.163040027022361755e-01
1.568851590156555176e+00
-4.887600988149642944e-02
-6.062685251235961914e-01
1.796557068824768066e+00
-7.425427436828613281e-01
-1.698494791984558105e+00
-8.844571113586425781e-01
-3.251400887966156006e-01
5.341714620590209961e-01
1.343905568122863770e+00
1.055331826210021973e+00
1.025955915451049805e+00
5.468251705169677734e-01
7.352540493011474609e-01
5.387367010116577148e-01
-2.927145957946777344e-01
-3.152079284191131592e-01
-3.402051925659179688e-01
-4.231688976287841797e-01
1.196080803871154785e+00
-8.864744752645492554e-02
1.043353438377380371e+00
1.014099955558776855e+00
2.184898376464843750e+00
-1.212767839431762695e+00
2.950808107852935791e-01
-6.454643011093139648e-01
2.297166824340820312e+00
-1.783327817916870117e+00
1.786719709634780884e-01
1.213328003883361816e+00
-5.155435800552368164e-01
-6.882759928703308105e-01
4.485997855663299561e-01
1.635879993438720703e+00
-3.136485219001770020e-01
-1.269067525863647461e+00
-7.533482313156127930e-01
-4.352204203605651855e-01
7.560951113700866699e-01
-7.246870398521423340e-01
4.212899599224328995e-03
1.845450401306152344e-01
-7.484871149063110352e-01
6.502749025821685791e-02
5.508233308792114258e-01
-1.100749015808105469e+00
-4.875457882881164551e-01
2.015986919403076172e+00
-1.207185149192810059e+00
6.525349020957946777e-01
-2.722491696476936340e-02
-4.342026636004447937e-02
1.291217058897018433e-01
-2.966401278972625732e-01
-9.679898023605346680e-01
6.361120194196701050e-02
-6.963890790939331055e-01
-5.099430680274963379e-01
-5.733345746994018555e-01
4.522963762283325195e-01
8.358841538429260254e-01
-5.659123659133911133e-01
-1.306644439697265625e+00
1.573210954666137695e+00
6.447197198867797852e-01
1.490460634231567383e+00
7.579545974731445312e-01
1.185747906565666199e-01
-5.852245092391967773e-01
5.493736863136291504e-01
-9.067314863204956055e-02
1.249720692634582520e+00
3.808546662330627441e-01
4.099800288677215576e-01
-5.679363384842872620e-02
1.018147587776184082e+00
4.790802299976348877e-01
-1.010883688926696777e+00
7.378168106079101562e-01
2.248615771532058716e-01
6.815003752708435059e-01
-5.476047471165657043e-02
-7.800831198692321777e-01
-3.423801362514495850e-01
-1.099603414535522461e+00
8.640290498733520508e-01
1.418399095535278320e+00
-9.188412427902221680e-01
5.657130479812622070e-01
-6.271629333496093750e-01
1.094573378562927246e+00
2.104910373687744141e+00
2.317803621292114258e+00
-8.992691636085510254e-01
3.749099075794219971e-01
1.857391715049743652e+00
1.114015817642211914e+00
-6.677448153495788574e-01
-1.851127743721008301e+00
-7.109527289867401123e-02
1.021871089935302734e+00
2.064909696578979492e+00
-2.301735877990722656e+00
1.056539773941040039e+00
1.951473504304885864e-01
-3.268652781844139099e-02
3.194504976272583008e-01
1.079101860523223877e-01
-7.622692734003067017e-02
-4.764221310615539551e-01
1.060213685035705566e+00
-7.872080802917480469e-01
-9.736642241477966309e-01
8.872523903846740723e-01
-4.525381624698638916e-01
-1.420386433601379395e+00
-8.493928313255310059e-01
2.899473607540130615e-01
-4.688950777053833008e-01
-4.828042685985565186e-01
2.377448230981826782e-02
6.417341232299804688e-01
4.447872042655944824e-01
7.613760232925415039e-01
-1.752893686294555664e+00
6.604515910148620605e-01
-1.969385445117950439e-01
-1.345192790031433105e-01
-2.003751754760742188e+00
1.798985004425048828e+00
7.813317775726318359e-01
6.784909367561340332e-01
4.722180664539337158e-01
1.139189481735229492e+00
1.590487957000732422e-01
1.836657524108886719e-01
-1.825752735137939453e+00
-1.915680289268493652e+00
5.354872345924377441e-01
-3.703830540180206299e-01
2.399250417947769165e-01
6.806442737579345703e-01
-1.254729181528091431e-01
3.154698908329010010e-01
8.712810277938842773e-01
6.548299193382263184e-01
6.401527523994445801e-01
1.121925234794616699e+00
2.572698593139648438e-01
-4.461748301982879639e-01
2.669542729854583740e-01
-1.237280845642089844e+00
7.915242910385131836e-01
6.106786057353019714e-02
-1.064092755317687988e+00
-6.147879362106323242e-02
9.781687259674072266e-01
-1.608978867530822754e+00
-1.292857050895690918e+00
-9.814888238906860352e-02
1.478390693664550781e+00
-6.128395795822143555e-01
-6.237825155258178711e-01
8.223000168800354004e-01
1.555099487304687500e+00
-2.393542602658271790e-02
2.255350589752197266e+00
-1.331097364425659180e+00
4.843240380287170410e-01
-1.282354235649108887e+00
-2.277162820100784302e-01
-3.489957749843597412e-01
-6.279788017272949219e-01
6.463351249694824219e-01
1.916326045989990234e+00
-4.232414662837982178e-01
6.686201095581054688e-01
5.053001046180725098e-01
-2.930339872837066650e-01
-1.042087435722351074e+00
-2.958860874176025391e+00
-1.242288589477539062e+00
1.891084313392639160e-01
-4.435277283191680908e-01
3.116262853145599365e-01
8.375826478004455566e-01
-4.836394190788269043e-01
1.066525816917419434e+00
3.681589961051940918e-01
-7.208595871925354004e-01
-2.974347770214080811e-01
-6.797078251838684082e-02
-1.848970532417297363e+00
-2.253100574016571045e-01
-2.963296771049499512e-01
-3.268292173743247986e-02
1.405474662780761719e+00
-3.714012727141380310e-02
4.566774666309356689e-01
-1.527366757392883301e+00
8.259568214416503906e-01
3.266445994377136230e-01
2.942614793777465820e+00
-9.278974533081054688e-01
-9.701744318008422852e-01
1.279478669166564941e+00
-1.757074296474456787e-01
-1.910474181175231934e+00
-5.214139819145202637e-01
-2.043762445449829102e+00
7.682852149009704590e-01
5.296922326087951660e-01
-1.659262299537658691e+00
-2.727006375789642334e-01
-3.699460327625274658e-01
-1.697424292564392090e+00
-8.723595738410949707e-01
1.179895758628845215e+00
1.202234029769897461e+00
-4.977980554103851318e-01
1.716653347015380859e+00
9.515732526779174805e-02
4.287689924240112305e-01
-3.594262301921844482e-01
-7.912483811378479004e-01
-4.378347098827362061e-01
7.862664461135864258e-01
-4.627675712108612061e-01
-5.148185491561889648e-01
7.133398205041885376e-02
-1.342266559600830078e+00
-1.618025541305541992e+00
8.567496538162231445e-01
8.638110756874084473e-01
-2.147525995969772339e-01
-1.340035945177078247e-01
6.010190844535827637e-01
-5.462347269058227539e-01
1.383356563746929169e-02
4.853069316595792770e-03
-9.503458738327026367e-01
7.942648530006408691e-01
1.295748472213745117e+00
-2.561899423599243164e-01
-1.421141266822814941e+00
-7.664245367050170898e-01
1.041196938604116440e-02
2.559001743793487549e-01
1.929543614387512207e-01
-6.187370978295803070e-03
-1.603016629815101624e-02
7.629092931747436523e-01
1.991803884506225586e+00
8.245571851730346680e-01
6.205481886863708496e-01
2.221793413162231445e+00
-9.399732947349548340e-01
3.620129451155662537e-02
4.763357639312744141e-01
-7.645434737205505371e-01
1.483239412307739258e+00
-8.209571838378906250e-01
6.693266034126281738e-01
1.112203150987625122e-01
-2.548950910568237305e-01
5.581482648849487305e-01
-1.146338343620300293e+00
9.165626764297485352e-01
8.909716606140136719e-01
-2.548176422715187073e-02
-6.690538525581359863e-01
-7.304086685180664062e-01
7.893247008323669434e-01
-7.786275744438171387e-01
-5.383376479148864746e-01
2.780778169631958008e+00
1.386862516403198242e+00
2.587748169898986816e-01
3.584089279174804688e-01
-1.139854907989501953e+00
1.661928653717041016e+00
