6.992741674184799194e-02
-6.452162265777587891e-01
-3.917166888713836670e-01
5.417243391275405884e-02
4.139854311943054199e-01
1.349666565656661987e-01
7.751269936561584473e-01
-3.058302998542785645e-01
-1.938477039337158203e+00
7.206358909606933594e-01
-4.529137909412384033e-01
3.831134438514709473e-01
-1.549491524696350098e+00
8.998276591300964355e-01
8.911851048469543457e-01
4.718098342418670654e-01
2.523126006126403809e-01
-9.584007859230041504e-01
4.597036242485046387e-01
-1.418569326400756836e+00
-7.754291296005249023e-01
1.710921049118041992e+00
-4.456218481063842773e-01
-5.141814947128295898e-01
-4.373181983828544617e-02
2.449130266904830933e-01
-1.684665530920028687e-01
-8.341743946075439453e-01
-1.960984706878662109e+00
-6.179675459861755371e-01
2.089513063430786133e+00
-4.764463603496551514e-01
-2.703709602355957031e-01
-2.049718797206878662e-01
8.010819554328918457e-01
-1.201813578605651855e+00
3.925771415233612061e-01
-1.189302325248718262e+00
2.045288324356079102e+00
8.233999013900756836e-01
-9.583390951156616211e-01
-7.912689447402954102e-01
6.064974665641784668e-01
-3.226523101329803467e-01
8.315916657447814941e-01
1.987244725227355957e+00
2.308553308248519897e-01
-5.650320053100585938e-01
-2.209685325622558594e+00
3.383971750736236572e-01
6.083491258323192596e-03
1.246762514114379883e+00
1.421375989913940430e+00
1.853220313787460327e-01
-4.765074253082275391e-01
2.520485877990722656e+00
-1.269785404205322266e+00
8.059712648391723633e-01
-9.547863006591796875e-01
4.706237912178039551e-01
1.030425906181335449e+00
-1.803674817085266113e+00
1.796403899788856506e-02
7.853800058364868164e-01
2.611556053161621094e-01
2.032298088073730469e+00
4.226982891559600830e-01
4.419668614864349365e-01
1.079850316047668457e+00
1.906890124082565308e-01
-1.281182467937469482e-01
3.347604572772979736e-01
1.078722596168518066e+00
1.942333281040191650e-01
1.084742307662963867e+00
-4.964639246463775635e-01
-7.114469408988952637e-01
-7.010336518287658691e-01
4.142169654369354248e-02
4.425723254680633545e-01
1.098489761352539062e-01
-6.007990837097167969e-01
-1.075397253036499023e+00
-5.637057423591613770e-01
-9.827914237976074219e-01
-4.107905924320220947e-01
3.751169443130493164e-01
1.416731595993041992e+00
2.191741317510604858e-01
-1.550802588462829590e+00
-5.400921702384948730e-01
4.198169410228729248e-01
1.279669165611267090e+00
-1.264404296875000000e+00
-2.127511739730834961e+00
1.724507808685302734e+00
1.920809894800186157e-01
-2.882653474807739258e-01
-6.424519419670104980e-01
2.119188308715820312e-01
8.452866673469543457e-01
-1.888408899307250977e+00
-3.382457733154296875e+00
-5.107458233833312988e-01
1.200846552848815918e+00
-1.219232559204101562e+00
-8.345740437507629395e-01
-1.084393501281738281e+00
-5.030504465103149414e-01
-3.862976133823394775e-01
2.841330170631408691e-01
-8.725808858871459961e-01
-3.817141354084014893e-01
9.475654363632202148e-01
-1.602559924125671387e+00
8.128384947776794434e-01
-4.457056224346160889e-01
-4.020587801933288574e-01
1.960856020450592041e-01
3.448421359062194824e-01
-1.595875471830368042e-01
-1.059039592742919922e+00
1.231295585632324219e+00
4.123281240463256836e-01
-5.660771727561950684e-01
-2.282919585704803467e-01
1.096828222274780273e+00
-2.520468533039093018e-01
7.658151984214782715e-01
-1.926013380289077759e-01
9.925156086683273315e-02
2.151517391204833984e+00
5.546713247895240784e-02
-3.298897743225097656e+00
6.161091923713684082e-01
9.874528646469116211e-01
-4.823249578475952148e-01
5.804897546768188477e-01
9.797478318214416504e-01
-1.351135730743408203e+00
-8.987739086151123047e-01
1.790944218635559082e+00
-4.762175381183624268e-01
-1.363698124885559082e+00
5.935546755790710449e-01
1.150075197219848633e-01
-1.641485214233398438e+00
9.986874461174011230e-01
-2.966251671314239502e-01
-6.635074019432067871e-01
5.359468460083007812e-01
-1.175904273986816406e+00
-9.931913614273071289e-01
1.703018546104431152e+00
5.975652933120727539e-01
1.138242363929748535e+00
1.214815139770507812e+00
8.132379055023193359e-01
-4.870388805866241455e-01
6.763765811920166016e-01
-1.285077810287475586e+00
-2.483908981084823608e-01
1.175720572471618652e+00
7.230186462402343750e-01
-1.012001633644104004e+00
-1.326342463493347168e+00
-3.788566291332244873e-01
-8.743886351585388184e-01
-1.284878611564636230e+00
-9.776044487953186035e-01
2.123388290405273438e+00
-9.327916055917739868e-02
1.810705900192260742e+00
2.371479511260986328e+00
1.131847739219665527e+00
-2.076198309659957886e-01
1.568970203399658203e+00
1.999406933784484863e+00
3.713011145591735840e-01
-1.792059898376464844e+00
-4.413626790046691895e-01
-1.433674693107604980e+00
2.387098670005798340e-01
1.205011680722236633e-01
-1.068096995353698730e+00
-1.159504055976867676e+00
-2.870230674743652344e-01
1.233211040496826172e+00
-8.561786413192749023e-01
3.826209604740142822e-01
9.647744148969650269e-02
1.384066343307495117e+00
-4.301043599843978882e-02
-3.197384178638458252e-01
-2.638505697250366211e-01
1.117009162902832031e+00
-7.258844971656799316e-01
-1.158720970153808594e+00
2.539103329181671143e-01
1.593059897422790527e-01
-7.718957066535949707e-01
2.093280315399169922e+00
-1.317456513643264771e-01
8.615210652351379395e-01
1.455031991004943848e+00
9.464782476425170898e-01
-1.554344594478607178e-01
-5.745368599891662598e-01
6.710812449455261230e-01
-3.945125043392181396e-01
-1.269173622131347656e-01
-1.369133949279785156e+00
-1.462797671556472778e-01
-1.182491660118103027e+00
1.600663781166076660e+00
-3.046920299530029297e-01
4.000726342201232910e-01
-7.817428112030029297e-01
-1.163800239562988281e+00
1.247285962104797363e+00
-1.265359044075012207e+00
-7.002471685409545898e-01
4.220122098922729492e-01
1.229132175445556641e+00
4.473457038402557373e-01
6.372263431549072266e-01
-1.351546049118041992e+00
-6.164197623729705811e-02
7.887727618217468262e-01
-4.663980901241302490e-01
9.156035184860229492e-01
-1.866329014301300049e-01
-4.222877025604248047e-01
-5.101635456085205078e-01
8.025212287902832031e-01
2.382209002971649170e-01
-1.694541454315185547e+00
1.801492452621459961e+00
-1.123861670494079590e+00
7.541286349296569824e-01
-1.127292156219482422e+00
2.575000524520874023e+00
-2.095366954803466797e+00
-1.935484170913696289e+00
-1.478109836578369141e+00
-5.516704916954040527e-01
3.669353201985359192e-02
-8.229640722274780273e-01
1.747904121875762939e-01
-1.771296620368957520e+00
-1.718003988265991211e+00
5.189825296401977539e-01
2.245128631591796875e+00
-1.310808897018432617e+00
-7.783918641507625580e-03
1.750922322273254395e+00
-3.334518671035766602e-01
6.574526429176330566e-01
6.230056881904602051e-01
-1.321611762046813965e+00
-2.257429361343383789e-01
-5.228477120399475098e-01
1.113487720489501953e+00
-2.403220236301422119e-01
-3.679119646549224854e-01
-4.071667790412902832e-03
3.755038082599639893e-01
-2.869842052459716797e-01
-2.103982567787170410e-01
-7.120776772499084473e-01
-7.160705327987670898e-01
4.243983700871467590e-02
-8.105315566062927246e-01
-4.831102192401885986e-01
-8.659470081329345703e-01
2.166688680648803711e+00
-1.190696716308593750e+00
7.398102879524230957e-01
-3.338091075420379639e-01
6.918984651565551758e-01
-8.267059922218322754e-01
5.759981870651245117e-01
-1.219296813011169434e+00
1.012898564338684082e+00
5.180658102035522461e-01
-1.421859979629516602e+00
-2.322534173727035522e-01
5.788544565439224243e-02
-4.560668766498565674e-01
-5.988397598266601562e-01
1.773298144340515137e+00
8.179084658622741699e-01
1.216344356536865234e+00
7.329255938529968262e-01
1.940900087356567383e+00
-5.268703699111938477e-01
9.379020929336547852e-01
8.055431842803955078e-01
6.641985774040222168e-01
1.304391026496887207e+00
-5.401877760887145996e-01
-7.368196249008178711e-01
4.183250293135643005e-02
2.136004269123077393e-01
-3.464013338088989258e-01
-1.028813838958740234e+00
1.913342237472534180e+00
-1.405009508132934570e+00
-1.438639760017395020e+00
-1.351536154747009277e+00
2.470037639141082764e-01
8.000824451446533203e-01
7.565155029296875000e-01
-7.716429233551025391e-01
4.668610394001007080e-01
-1.176475644111633301e+00
-3.674178719520568848e-01
1.359237313270568848e+00
-2.172159433364868164e+00
-2.169545888900756836e-01
-1.281370818614959717e-01
-6.496259570121765137e-01
-1.100722789764404297e+00
-2.034902334213256836e+00
8.888896554708480835e-02
-1.573763489723205566e-01
-1.040788650512695312e+00
4.142837822437286377e-01
-1.668725490570068359e+00
-6.291412711143493652e-01
1.495100021362304688e+00
1.288215398788452148e+00
-2.849949002265930176e-01
-1.201063916087150574e-01
4.775432050228118896e-01
-9.037719964981079102e-01
-8.694086670875549316e-01
-1.715284228324890137e+00
2.113986946642398834e-02
-9.369364976882934570e-01
-1.429935932159423828e+00
-2.805259823799133301e-02
-1.554237604141235352e-01
1.110373064875602722e-01
-6.544567942619323730e-01
-9.687639474868774414e-01
2.416358590126037598e-01
-8.199320435523986816e-01
-7.858332246541976929e-03
4.154756963253021240e-01
1.807933092117309570e+00
1.206174969673156738e+00
-8.678785562515258789e-01
-3.241209030151367188e+00
-4.591058790683746338e-01
-2.004066109657287598e-01
-2.079849720001220703e+00
6.407606005668640137e-01
-5.352651700377464294e-02
1.871635913848876953e-01
6.174166798591613770e-01
2.387200444936752319e-01
2.079614102840423584e-01
1.046900749206542969e+00
1.857688874006271362e-01
-7.278401851654052734e-01
6.085770726203918457e-01
-5.146088004112243652e-01
-3.085412383079528809e-01
5.265743136405944824e-01
1.456301361322402954e-01
-3.240236341953277588e-01
-1.172415375709533691e+00
-5.955976843833923340e-01
-5.648649930953979492e-01
1.044243454933166504e+00
1.870727539062500000e+00
1.434090971946716309e+00
1.911681294441223145e+00
-4.205647408962249756e-01
-1.053761005401611328e+00
-1.836146861314773560e-01
1.711861848831176758e+00
-1.971692591905593872e-02
-4.461235105991363525e-01
-1.095356225967407227e+00
1.107147336006164551e+00
4.594393670558929443e-01
-1.781109809875488281e+00
-4.636683166027069092e-01
-2.219905614852905273e+00
4.748847335577011108e-03
1.430503129959106445e+00
7.636002898216247559e-01
1.962754607200622559e+00
-4.959191679954528809e-01
1.416599035263061523e+00
1.405634045600891113e+00
-8.274559974670410156e-01
-6.062366813421249390e-02
-3.742230236530303955e-01
-5.386369228363037109e-01
-1.639925986528396606e-01
1.070937871932983398e+00
-1.482422053813934326e-01
-1.227764844894409180e+00
6.117866635322570801e-01
2.628168277442455292e-02
-9.382217526435852051e-01
-2.034292966127395630e-01
-1.570729613304138184e+00
6.602428853511810303e-02
-1.677828192710876465e+00
-1.646426320075988770e-01
-1.490007877349853516e+00
1.716849356889724731e-01
-2.120939195156097412e-01
-1.880103945732116699e-01
9.572001099586486816e-01
1.007132887840270996e+00
4.208995401859283447e-01
2.818278782069683075e-02
-1.074054539203643799e-01
1.496756434440612793e+00
-1.468443274497985840e+00
-9.759874343872070312e-01
-5.582427978515625000e-01
5.154739618301391602e-01
4.393996000289916992e-01
1.899172663688659668e-01
2.402130812406539917e-01
-8.452073335647583008e-01
1.818091273307800293e-01
-4.207816421985626221e-01
-4.101959168910980225e-01
5.450073480606079102e-01
2.158197641372680664e+00
-2.815864980220794678e-01
2.700632095336914062e+00
-1.076955050230026245e-01
8.079125881195068359e-01
4.606652259826660156e-02
-4.074468016624450684e-01
1.496566832065582275e-01
-1.622411966323852539e+00
-1.369307875633239746e+00
1.608486890792846680e+00
-1.926838994026184082e+00
-2.721768617630004883e-01
4.511533677577972412e-01
-9.353686571121215820e-01
3.443967401981353760e-01
2.038031578063964844e+00
8.469120860099792480e-01
-6.259307861328125000e-01
-8.347302079200744629e-01
-1.523997902870178223e+00
-1.619393080472946167e-01
-1.272081136703491211e+00
1.074822783470153809e+00
-1.399555802345275879e+00
9.353020787239074707e-01
1.038979768753051758e+00
-9.153918027877807617e-01
-9.865000247955322266e-01
4.735677242279052734e-01
1.512962579727172852e+00
1.217306137084960938e+00
3.385150432586669922e-02
-2.541326761245727539e+00
9.675478935241699219e-01
9.821953773498535156e-01
2.679710090160369873e-01
-7.309464812278747559e-01
-3.980779051780700684e-01
-1.394916892051696777e+00
5.158309936523437500e-01
-5.555424094200134277e-01
1.534809947013854980e+00
-7.412049770355224609e-01
-8.180871605873107910e-01
-1.144406676292419434e+00
-6.039107441902160645e-01
-4.930024445056915283e-01
6.436847448348999023e-01
6.939043402671813965e-01
4.422211647033691406e-02
4.073877632617950439e-01
1.605854153633117676e+00
6.598544120788574219e-01
9.148020148277282715e-01
-2.271062731742858887e-01
9.171270132064819336e-01
-2.772465348243713379e-01
1.172368526458740234e+00
1.471840262413024902e+00
-1.730196595191955566e+00
4.015192687511444092e-01
1.870594263076782227e+00
-7.180709242820739746e-01
-1.047883749008178711e+00
-1.005984783172607422e+00
-6.873872280120849609e-01
1.673546195030212402e+00
-2.364611864089965820e+00
6.084195375442504883e-01
2.109954118728637695e+00
9.658024907112121582e-01
2.144330501556396484e+00
2.232626825571060181e-01
-6.437894701957702637e-01
1.493714094161987305e+00
-4.670953750610351562e-01
-6.455751657485961914e-01
2.170832306146621704e-01
-9.487897157669067383e-01
1.340162158012390137e+00
1.608096241950988770e+00
3.558359444141387939e-01
2.129275649785995483e-01
2.961116135120391846e-01
-8.567893505096435547e-01
-5.174950957298278809e-01
-1.399381756782531738e+00
-6.168921589851379395e-01
-1.772184669971466064e-01
6.498653888702392578e-01
4.984658956527709961e-01
-6.900813579559326172e-01
4.733356833457946777e-01
-1.051493406295776367e+00
-1.358304500579833984e+00
-4.165150523185729980e-01
-6.949729919433593750e-01
-4.869928956031799316e-01
-7.907652854919433594e-02
-8.117793798446655273e-01
1.681537926197052002e-01
-1.194571256637573242e+00
1.913977861404418945e-01
-1.474670290946960449e+00
8.643074035644531250e-01
5.966148376464843750e-01
2.082620412111282349e-01
-3.079269230365753174e-01
-3.572069108486175537e-01
-1.154572606086730957e+00
1.374553799629211426e+00
7.721720933914184570e-01
-2.643536329269409180e-01
3.379402458667755127e-01
2.810862660408020020e-01
-5.841138213872909546e-02
1.561411499977111816e+00
9.934321045875549316e-01
-1.575735569000244141e+00
-2.223656892776489258e+00
-1.032556593418121338e-01
5.182394981384277344e-01
8.148564100265502930e-01
2.353097200393676758e-01
2.928209006786346436e-01
-7.757174372673034668e-01
-1.959004163742065430e+00
-2.146782636642456055e+00
-5.309101343154907227e-01
1.199981451034545898e+00
3.600778803229331970e-02
-9.367682039737701416e-03
2.001744985580444336e+00
-6.787816286087036133e-01
-3.594993948936462402e-01
1.726858854293823242e+00
1.535024762153625488e+00
9.263876080513000488e-01
5.429899096488952637e-01
1.180724859237670898e+00
5.461296439170837402e-01
-8.886635899543762207e-01
-5.811610221862792969e-01
-9.996355324983596802e-02
1.312165975570678711e+00
-7.241718769073486328e-01
-1.345924735069274902e+00
9.733064770698547363e-01
-1.736240983009338379e+00
1.928961038589477539e+00
2.103692740201950073e-01
4.032673239707946777e-01
-2.286973714828491211e+00
-5.989200472831726074e-01
1.841396093368530273e-01
-1.028026223182678223e+00
7.128778696060180664e-01
-9.617843478918075562e-02
-2.145588099956512451e-01
-1.490729451179504395e-01
-1.703876852989196777e+00
9.568430185317993164e-01
-1.918662786483764648e+00
-1.338938623666763306e-02
8.711624145507812500e-01
-5.354130268096923828e-01
-7.993534207344055176e-01
-1.443265080451965332e+00
2.114081941545009613e-02
4.121372699737548828e-01
-5.514003038406372070e-01
6.933601498603820801e-01
2.908480167388916016e-01
-9.795073866844177246e-01
-4.834644496440887451e-01
2.731182098388671875e+00
-3.861152231693267822e-01
7.730885744094848633e-01
-1.816074699163436890e-01
-3.038234949111938477e+00
-8.695723414421081543e-01
-6.832675337791442871e-01
-1.096650362014770508e+00
-4.324032068252563477e-01
2.322407066822052002e-01
-7.812405228614807129e-01
3.860342502593994141e-02
4.356935620307922363e-01
-5.191770195960998535e-01
-5.982701480388641357e-02
1.542070150375366211e+00
-1.392944693565368652e+00
-1.817130744457244873e-01
-6.091236472129821777e-01
3.020964145660400391e+00
1.718456745147705078e+00
5.473964810371398926e-01
-1.161441087722778320e+00
-9.529058337211608887e-01
1.692425370216369629e+00
-2.195322513580322266e+00
-8.203814625740051270e-01
-1.184960007667541504e+00
5.413813591003417969e-01
-1.103339433670043945e+00
-1.270723700523376465e+00
1.083982944488525391e+00
1.713722705841064453e+00
4.157035648822784424e-01
1.687860250473022461e+00
1.881488561630249023e+00
2.050901174545288086e+00
1.814220428466796875e+00
2.939365804195404053e-01
2.945488393306732178e-01
2.050282955169677734e+00
-1.635982394218444824e+00
1.720151305198669434e+00
7.308002710342407227e-01
-9.546052813529968262e-01
-1.104377150535583496e+00
-7.072545289993286133e-01
3.194063305854797363e-01
2.053870260715484619e-01
-5.808960795402526855e-01
-1.487046241760253906e+00
1.143647670745849609e+00
1.812494993209838867e+00
8.110288977622985840e-01
-9.651391506195068359e-01
-3.993123173713684082e-01
-1.585034847259521484e+00
2.686228044331073761e-02
4.404382407665252686e-02
-9.785843491554260254e-01
4.663999080657958984e-01
-6.284931302070617676e-01
-1.391276478767395020e+00
1.502974033355712891e-01
1.010231852531433105e+00
-2.019664764404296875e+00
-1.352870613336563110e-01
1.119880557060241699e+00
-1.317637681961059570e+00
4.919907748699188232e-01
5.524657964706420898e-01
-1.718804121017456055e+00
6.503194570541381836e-01
1.606396794319152832e+00
9.954913854598999023e-01
-8.354258537292480469e-01
3.555032014846801758e-01
-1.181564331054687500e-01
-1.320052862167358398e+00
-4.994142651557922363e-01
-1.093307971954345703e+00
5.728951096534729004e-01
1.221910953521728516e+00
-5.894849896430969238e-01
6.686095595359802246e-01
1.281679868698120117e+00
-2.146512717008590698e-01
-1.500072598457336426e+00
1.402932286262512207e+00
2.010094404220581055e+00
5.372620224952697754e-01
1.221092581748962402e+00
-5.560566782951354980e-01
7.231212258338928223e-01
-7.062126398086547852e-01
-9.515915513038635254e-01
1.335607409477233887e+00
-9.528072923421859741e-02
1.273718953132629395e+00
-2.333374917507171631e-01
1.574951261281967163e-01
1.136888504028320312e+00
-2.181539297103881836e+00
3.401717841625213623e-01
1.264006733894348145e+00
2.703751325607299805e+00
-8.914846181869506836e-01
-3.278111219406127930e-01
-2.680213928222656250e+00
1.304545998573303223e+00
-2.258324861526489258e+00
3.139458894729614258e-01
5.420663952827453613e-01
-4.589941501617431641e-01
-3.868797123432159424e-01
1.244214653968811035e+00
3.138020336627960205e-01
4.744550883769989014e-01
2.847154617309570312e+00
-3.612781465053558350e-01
2.126684904098510742e+00
-1.429784744977951050e-01
9.102151989936828613e-01
-8.351837396621704102e-01
-2.763127982616424561e-01
1.466362476348876953e+00
-8.986464738845825195e-01
1.126093745231628418e+00
-9.833617806434631348e-01
-9.964233040809631348e-01
-1.002721548080444336e+00
-2.374285012483596802e-01
1.229155302047729492e+00
1.056668255478143692e-02
7.940275669097900391e-01
-3.741474747657775879e-01
-1.559219837188720703e+00
-1.825412988662719727e+00
8.547292351722717285e-01
6.317607760429382324e-01
-1.046666741371154785e+00
7.826430797576904297e-01
-1.443586945533752441e-01
1.136965528130531311e-01
8.486474156379699707e-01
-2.183542251586914062e-01
-3.421692550182342529e-01
1.949383020401000977e+00
2.914583981037139893e-01
-1.124494194984436035e+00
-9.762359857559204102e-01
2.179729938507080078e-01
1.189807295799255371e+00
7.715656161308288574e-01
-2.347244322299957275e-01
-3.941150754690170288e-02
-1.477317690849304199e+00
-1.653542518615722656e+00
-2.497176975011825562e-01
-1.063530445098876953e+00
9.808643460273742676e-01
-2.015963554382324219e+00
-5.393008589744567871e-01
-5.411509871482849121e-01
1.180259108543395996e+00
-1.753460645675659180e+00
6.879551410675048828e-01
-5.607566237449645996e-01
3.523109853267669678e-01
-2.912528216838836670e-01
-1.894320100545883179e-01
6.783722639083862305e-01
-1.074256896972656250e+00
1.371730566024780273e+00
-1.104163289070129395e+00
1.659795761108398438e+00
3.502294123172760010e-01
2.000455141067504883e+00
-7.389987707138061523e-01
9.212962388992309570e-01
2.309396505355834961e+00
8.573794364929199219e-02
3.276034295558929443e-01
1.075830459594726562e+00
4.571055173873901367e-01
-2.384720087051391602e+00
9.263543784618377686e-02
1.341751217842102051e+00
