1.644532799720764160e+00
3.763410449028015137e-01
5.339072346687316895e-01
1.829649090766906738e+00
2.652494668960571289e+00
2.224726229906082153e-01
2.924401760101318359e-01
-1.042390227317810059e+00
1.882795333862304688e+00
-1.951399207115173340e+00
1.887094229459762573e-01
-1.556445211172103882e-01
4.778241813182830811e-01
1.778116106986999512e+00
-2.254584729671478271e-01
1.655230283737182617e+00
7.997796535491943359e-01
1.644959568977355957e+00
9.978052973747253418e-02
2.376500666141510010e-01
3.645295510068535805e-05
-2.257083058357238770e-01
-7.371016144752502441e-01
6.925181746482849121e-01
1.540874958038330078e+00
-1.268536210060119629e+00
6.215155720710754395e-01
-7.602905035018920898e-01
-1.946750164031982422e+00
1.172354817390441895e+00
-1.533846735954284668e+00
1.037772655487060547e+00
5.359345674514770508e-01
5.547857880592346191e-01
7.059028148651123047e-01
-6.336011886596679688e-01
9.622248411178588867e-01
1.912765651941299438e-01
-1.639213204383850098e+00
5.190216004848480225e-02
-1.989777565002441406e+00
1.401517152786254883e+00
-1.590239644050598145e+00
-1.081247925758361816e+00
3.192792415618896484e+00
-1.105689167976379395e+00
1.946140408515930176e+00
-9.095906019210815430e-01
-3.163463771343231201e-01
-2.913185954093933105e-01
-3.999265134334564209e-01
-1.040255188941955566e+00
-3.775098919868469238e-02
1.372910499572753906e+00
5.707033276557922363e-01
-9.928762316703796387e-01
1.236312910914421082e-01
-7.576533555984497070e-01
2.357685416936874390e-01
-7.255452871322631836e-01
2.149100303649902344e-01
-5.610433816909790039e-01
-1.172648668289184570e-01
1.476475745439529419e-01
-7.474536895751953125e-01
-1.842044711112976074e+00
-5.679594352841377258e-02
-3.344442844390869141e-01
5.256704092025756836e-01
1.778473705053329468e-01
-4.535188972949981689e-01
-8.514238893985748291e-02
-1.525978922843933105e+00
-2.346091270446777344e-01
4.050050079822540283e-01
1.395874023437500000e+00
8.896509408950805664e-01
-5.477079153060913086e-01
1.125208854675292969e+00
-1.774920523166656494e-01
2.771390676498413086e+00
2.761029601097106934e-01
3.337225317955017090e-01
2.505105733871459961e-01
8.867537379264831543e-01
-1.176870226860046387e+00
5.829991102218627930e-01
-6.670776009559631348e-01
-2.018972486257553101e-01
-6.182361245155334473e-01
3.662428557872772217e-01
-7.969679832458496094e-01
-9.920392930507659912e-02
5.186464786529541016e-01
-2.437938153743743896e-01
-5.118858069181442261e-02
-3.058166503906250000e-01
1.099424958229064941e+00
6.562364101409912109e-01
1.242295131087303162e-01
-1.163715958595275879e+00
4.186750352382659912e-01
9.031372070312500000e-01
-7.731209993362426758e-01
-5.657354593276977539e-01
-1.891920566558837891e-01
-4.975568354129791260e-01
9.769068360328674316e-01
1.143527269363403320e+00
-1.797078490257263184e+00
-3.402580320835113525e-01
-1.261912226676940918e+00
-1.043991684913635254e+00
1.159297466278076172e+00
-2.120849132537841797e+00
-1.074583649635314941e+00
2.091457605361938477e+00
5.003706738352775574e-02
1.088666081428527832e+00
1.644994735717773438e+00
-9.506900310516357422e-01
-8.936550021171569824e-01
-9.660698175430297852e-01
-8.172865509986877441e-01
2.976546287536621094e-01
7.340254783630371094e-01
1.481801122426986694e-01
-3.267257213592529297e+00
1.131570816040039062e+00
-1.036624550819396973e+00
-6.213209629058837891e-01
-1.385909557342529297e+00
-1.757165193557739258e+00
1.998968571424484253e-01
7.960640192031860352e-01
-1.770849227905273438e-01
7.711779475212097168e-01
1.179168894886970520e-01
4.716812074184417725e-01
2.169675350189208984e+00
-1.037435293197631836e+00
-1.057705760002136230e+00
1.286037325859069824e+00
2.571711838245391846e-01
4.990164339542388916e-01
4.950686097145080566e-01
-9.047572612762451172e-01
-5.276241153478622437e-02
7.343774437904357910e-01
-1.135949850082397461e+00
9.559773802757263184e-01
4.295092225074768066e-01
-7.409893870353698730e-01
-8.102197647094726562e-01
-5.406630635261535645e-01
-1.257841467857360840e+00
6.684562563896179199e-02
-1.280570328235626221e-01
-2.072838395833969116e-01
1.084479570388793945e+00
-5.400075316429138184e-01
-3.937361836433410645e-01
1.038900539278984070e-01
-1.141495466232299805e+00
1.686319231986999512e+00
-6.920651197433471680e-01
3.757830858230590820e-01
-8.878234624862670898e-01
9.237508773803710938e-01
4.363261163234710693e-01
1.804971933364868164e+00
1.343631386756896973e+00
8.734816908836364746e-01
4.057693481445312500e-01
1.290426254272460938e+00
-2.203964143991470337e-01
-9.894337654113769531e-01
-3.858154416084289551e-01
-3.621506094932556152e-01
2.965718805789947510e-01
-2.051769495010375977e-01
-2.839900366961956024e-02
7.666062116622924805e-01
1.219205617904663086e+00
1.180629968643188477e+00
-3.471579551696777344e-01
-2.056831121444702148e+00
4.756017327308654785e-01
-4.158680438995361328e-01
1.094842195510864258e+00
-4.572446346282958984e-01
-8.162464499473571777e-01
-3.068357229232788086e+00
-1.605902612209320068e-01
-1.382426381111145020e+00
-1.270792007446289062e+00
-1.780259013175964355e-01
9.020325541496276855e-01
-8.837707042694091797e-01
-5.307034850120544434e-01
-2.645397484302520752e-01
1.070360541343688965e+00
8.966227173805236816e-01
6.427154541015625000e-01
1.937498599290847778e-01
2.005075961351394653e-01
8.981798291206359863e-01
-6.230347156524658203e-01
1.196675181388854980e+00
-4.385363459587097168e-01
-1.249698042869567871e+00
-2.519202828407287598e-01
-4.194704890251159668e-01
5.372170209884643555e-01
-4.989132881164550781e-01
1.779255747795104980e+00
-1.141876697540283203e+00
1.358038187026977539e+00
2.676878571510314941e-01
-3.038843870162963867e-01
5.604528784751892090e-01
4.830598831176757812e-02
-4.229774773120880127e-01
-3.243255317211151123e-01
1.457908630371093750e+00
-9.993667006492614746e-01
-5.752526521682739258e-01
1.384619116783142090e+00
-1.762386679649353027e+00
2.579555511474609375e+00
-2.254309356212615967e-01
-2.084540843963623047e+00
-7.359281778335571289e-01
-6.820432543754577637e-01
1.142234563827514648e+00
2.864508032798767090e-01
-1.277293443679809570e+00
-2.332990884780883789e+00
1.753111332654953003e-01
-2.408987879753112793e-01
1.798416674137115479e-01
-9.271018952131271362e-02
-7.750369906425476074e-01
-1.579312324523925781e+00
-9.636939764022827148e-01
-5.841036438941955566e-01
-5.308917760848999023e-01
-5.183071494102478027e-01
-9.475028514862060547e-01
-2.591678798198699951e-01
1.048158168792724609e+00
3.805841505527496338e-01
-1.801806807518005371e+00
1.582654476165771484e+00
-1.099478721618652344e+00
-1.845981925725936890e-01
1.525432825088500977e+00
-2.159319669008255005e-01
1.164448022842407227e+00
1.249814391136169434e+00
6.868141293525695801e-01
3.325855135917663574e-01
-1.226388931274414062e+00
-3.907671570777893066e-01
3.912719190120697021e-01
4.773510992527008057e-01
-3.296970129013061523e-01
1.863090693950653076e-01
-1.871911644935607910e+00
-5.771641805768013000e-02
7.059422135353088379e-01
-7.874886989593505859e-01
-2.699853181838989258e-01
1.956137537956237793e+00
8.563702702522277832e-01
3.307375907897949219e-01
2.448309510946273804e-01
-6.944623589515686035e-01
-6.081276535987854004e-01
1.632941007614135742e+00
-1.430438280105590820e+00
1.891297340393066406e+00
5.678622126579284668e-01
-8.114656209945678711e-01
1.667128801345825195e+00
5.977888032793998718e-02
2.458947896957397461e-01
2.429177165031433105e-01
2.412180304527282715e-01
6.270923018455505371e-01
-1.271687388420104980e+00
-2.616012096405029297e-01
2.610059082508087158e-01
-3.780082166194915771e-01
-1.450255811214447021e-01
-8.496629595756530762e-01
1.114373207092285156e+00
-1.239988580346107483e-01
4.703396558761596680e-01
-5.175821185111999512e-01
-4.966025352478027344e-01
6.650278717279434204e-02
1.216146111488342285e+00
4.525811076164245605e-01
-4.871466755867004395e-01
2.093937993049621582e-01
-2.994497716426849365e-01
-1.915654987096786499e-01
-8.639407344162464142e-03
-1.256560444831848145e+00
-7.567158341407775879e-01
-3.823265060782432556e-02
-4.210511445999145508e-01
1.156604051589965820e+00
1.343795776367187500e+00
7.257944941520690918e-01
-1.505816578865051270e-01
1.698832958936691284e-01
-9.896517395973205566e-01
1.742033958435058594e+00
1.230963230133056641e+00
-6.881444454193115234e-01
4.585183039307594299e-02
-5.147026777267456055e-01
8.964731544256210327e-02
-1.415007859468460083e-01
-3.785971403121948242e-01
-7.686114907264709473e-01
2.138623476028442383e+00
-1.586740612983703613e-01
1.558064222335815430e+00
7.505069971084594727e-01
2.028827089816331863e-03
6.986106634140014648e-01
-9.871045351028442383e-01
1.219030380249023438e+00
2.232492268085479736e-01
-4.574159160256385803e-02
-1.648348212242126465e+00
-4.964122548699378967e-02
-8.306113481521606445e-01
4.890904724597930908e-01
-1.436372041702270508e+00
4.412571489810943604e-01
-3.195874989032745361e-01
-3.665542006492614746e-01
-2.357210814952850342e-01
-2.916206791996955872e-02
-1.165173649787902832e+00
1.027651354670524597e-01
3.221259713172912598e-01
8.597787618637084961e-01
1.548345804214477539e+00
8.061583042144775391e-01
1.302729845046997070e-01
-4.327134191989898682e-01
-1.592547893524169922e+00
8.947947621345520020e-01
1.243210077285766602e+00
3.126076459884643555e-01
1.390911698341369629e+00
-2.288184881210327148e+00
5.298417210578918457e-01
5.040550976991653442e-02
1.574130654335021973e-01
-1.239882469177246094e+00
-6.862569451332092285e-01
1.804595708847045898e+00
-6.419935822486877441e-01
1.281734824180603027e+00
3.132438659667968750e-01
-1.007449388504028320e+00
-5.999406576156616211e-01
-9.197244048118591309e-02
-7.789084911346435547e-01
-1.695089787244796753e-01
-1.684234023094177246e+00
2.283679962158203125e+00
9.125750660896301270e-01
-3.224430382251739502e-01
-8.628537058830261230e-01
3.625183105468750000e-01
1.119122385978698730e+00
-4.164264723658561707e-02
-3.382642865180969238e-01
-3.504330813884735107e-01
6.374111771583557129e-01
9.715977907180786133e-01
-3.200440406799316406e-01
-5.508297681808471680e-01
8.163183331489562988e-01
1.335864782333374023e+00
2.247720658779144287e-01
1.249750733375549316e+00
5.693356990814208984e-01
1.556842327117919922e+00
6.253586411476135254e-01
-1.370877861976623535e+00
-1.134070992469787598e+00
1.394434720277786255e-01
1.314404606819152832e+00
-1.713649332523345947e-01
-1.081253141164779663e-01
-2.370473146438598633e+00
-1.024542450904846191e+00
-7.562997937202453613e-01
-3.489910811185836792e-02
3.603923320770263672e-01
-4.211272001266479492e-01
-1.630579113960266113e+00
-1.238782182335853577e-01
-7.402300834655761719e-02
-1.277064442634582520e+00
-3.128227591514587402e-01
-1.384152173995971680e-01
2.679343700408935547e+00
2.290695607662200928e-01
-1.678429692983627319e-01
-1.534932851791381836e+00
-1.172900557518005371e+00
-1.087235927581787109e+00
7.154616117477416992e-01
1.947268843650817871e-01
-1.023331046104431152e+00
-1.763215065002441406e+00
-8.300213217735290527e-01
1.587985157966613770e-01
-8.441755175590515137e-02
7.282446622848510742e-01
1.470621228218078613e+00
-2.671010494232177734e-01
-4.512737989425659180e-01
-9.977697134017944336e-01
7.262654304504394531e-01
7.840282917022705078e-01
9.017333388328552246e-01
2.315938174724578857e-01
-1.708800494670867920e-01
2.500848174095153809e-01
-6.271679997444152832e-01
-7.413414716720581055e-01
6.879797577857971191e-01
-1.635158419609069824e+00
3.770704567432403564e-02
-6.506358738988637924e-03
4.413755536079406738e-01
-8.137452602386474609e-01
-3.146940469741821289e-01
2.177317380905151367e+00
5.025813579559326172e-01
1.064473483711481094e-02
1.685414075851440430e+00
-8.958116173744201660e-01
-2.088401168584823608e-01
4.656760990619659424e-01
-4.385193586349487305e-01
-1.261577129364013672e+00
3.953977227210998535e-01
1.638664245605468750e+00
-5.878311395645141602e-01
6.036444101482629776e-03
3.679619431495666504e-01
7.053285241127014160e-01
7.839524745941162109e-01
2.824597954750061035e-01
-6.510226726531982422e-01
9.028614163398742676e-01
2.839187622070312500e+00
-4.264645576477050781e-01
4.258226454257965088e-01
7.672767639160156250e-01
6.691383719444274902e-01
-1.668636202812194824e+00
9.066396355628967285e-01
-3.819091990590095520e-02
-4.811502099037170410e-01
2.400486022233963013e-01
-6.111467480659484863e-01
4.070741534233093262e-01
1.203005671501159668e+00
-1.454691052436828613e+00
8.233454823493957520e-01
-6.631792187690734863e-01
-2.761753462255001068e-02
-2.204676389694213867e+00
1.430847346782684326e-01
1.594745755195617676e+00
-8.090732693672180176e-01
-3.186044216156005859e+00
3.868829011917114258e-01
5.062991976737976074e-01
-9.220174551010131836e-01
-1.319480240345001221e-01
-7.393070310354232788e-02
7.065631747245788574e-01
1.182155534625053406e-01
2.409577369689941406e-01
1.717347353696823120e-01
3.769996343180537224e-03
-1.150983214378356934e+00
4.162154197692871094e-01
1.691130638122558594e+00
1.641547679901123047e+00
-2.301603108644485474e-01
8.432860374450683594e-01
-1.549052119255065918e+00
-1.257785856723785400e-01
-1.592630147933959961e-01
3.689208030700683594e-01
1.617010831832885742e-01
2.420348972082138062e-01
-1.083657503128051758e+00
-4.109893143177032471e-01
9.182056784629821777e-01
-6.436985731124877930e-01
1.061197042465209961e+00
6.019679307937622070e-01
-2.511190474033355713e-01
2.318875119090080261e-02
2.547658383846282959e-01
5.997807979583740234e-01
7.850682139396667480e-01
8.997340202331542969e-01
9.345622062683105469e-01
1.065343141555786133e+00
4.449560642242431641e-01
2.530806660652160645e-01
3.927643597126007080e-01
-1.670728623867034912e-01
-6.401796936988830566e-01
-3.238173723220825195e-01
-5.677425861358642578e-01
6.820899844169616699e-01
1.623308777809143066e+00
-3.622753173112869263e-02
-6.816351413726806641e-02
6.072361469268798828e-01
5.014116764068603516e-01
-1.664306163787841797e+00
5.388850569725036621e-01
-3.419166505336761475e-01
-3.360313773155212402e-01
-1.202110424637794495e-01
6.148225069046020508e-01
-4.146037697792053223e-01
1.610305905342102051e+00
5.435965061187744141e-01
6.783316135406494141e-01
1.758755650371313095e-03
1.110512733459472656e+00
-2.808167636394500732e-01
5.327251739799976349e-03
6.823597010225057602e-03
-1.037599682807922363e+00
1.013399004936218262e+00
8.101463913917541504e-01
5.125951766967773438e-01
-1.441860049962997437e-01
7.016289830207824707e-01
3.110162615776062012e-01
-7.562779188156127930e-01
1.602505564689636230e+00
-8.170892596244812012e-01
6.108794808387756348e-01
-4.643338024616241455e-01
-9.419608712196350098e-01
1.389799118041992188e+00
-9.079285860061645508e-01
3.588584437966346741e-02
-3.526490032672882080e-01
9.335726499557495117e-01
2.082281261682510376e-01
-1.538259983062744141e+00
1.024356603622436523e+00
-3.928272724151611328e-01
5.737984180450439453e-01
1.948398709297180176e+00
-1.228852152824401855e+00
-9.369199275970458984e-01
-5.811634287238121033e-02
3.576267510652542114e-02
1.036160707473754883e+00
-1.428105831146240234e-01
-6.793022155761718750e-01
6.278694272041320801e-01
-1.163757920265197754e+00
-5.613639950752258301e-01
1.927419543266296387e+00
3.339489698410034180e-01
-1.656855046749114990e-01
1.199673563241958618e-01
-4.695630967617034912e-01
-8.020555973052978516e-01
-1.067589163780212402e+00
1.849739670753479004e+00
1.156657561659812927e-01
-2.928684949874877930e-01
-1.177791953086853027e+00
-5.009949207305908203e-01
9.337308406829833984e-01
1.131742596626281738e+00
-9.965894222259521484e-01
2.012157887220382690e-01
1.006308436393737793e+00
-4.059132635593414307e-01
8.522970080375671387e-01
-7.554522156715393066e-01
3.232346773147583008e-01
7.911667227745056152e-01
-1.827797055244445801e+00
1.717283844947814941e+00
-4.054403305053710938e-01
4.558043181896209717e-02
1.291135311126708984e+00
2.407859265804290771e-01
1.034080833196640015e-01
-1.076262235641479492e+00
3.213097527623176575e-02
3.252336680889129639e-01
-1.283267855644226074e+00
-6.747089028358459473e-01
1.428584456443786621e+00
5.324974060058593750e-01
-6.877190470695495605e-01
1.390392184257507324e+00
-1.359893202781677246e+00
-2.966521382331848145e-01
8.663601875305175781e-01
-3.911919891834259033e-01
8.778355717658996582e-01
-3.412984907627105713e-01
-1.328955441713333130e-01
1.386287093162536621e+00
6.423023939132690430e-01
-4.817462265491485596e-01
2.089620113372802734e+00
9.752190709114074707e-01
1.327674508094787598e+00
1.440536618232727051e+00
-3.218718767166137695e-01
5.746987462043762207e-01
-2.465839624404907227e+00
8.851414322853088379e-01
-3.703289330005645752e-01
5.033729076385498047e-01
4.448932707309722900e-01
2.925146222114562988e-01
-1.088474154472351074e+00
1.674373388290405273e+00
1.457555651664733887e+00
-1.698384881019592285e+00
-1.522058844566345215e-01
1.106337785720825195e+00
5.725896358489990234e-01
6.268132328987121582e-01
5.177543163299560547e-01
1.258230805397033691e+00
-1.576201558113098145e+00
-1.852526068687438965e-01
2.459354847669601440e-01
-1.150035858154296875e+00
-3.453451097011566162e-01
-4.775615334510803223e-01
6.804040074348449707e-01
2.626505494117736816e-01
-2.637185752391815186e-01
-5.221019387245178223e-01
-1.914936900138854980e+00
-1.881142735481262207e+00
-3.099436163902282715e-01
5.651570558547973633e-01
-2.648994028568267822e-01
7.401695847511291504e-02
1.588609218597412109e-01
1.754624605178833008e+00
-1.304612755775451660e-01
1.068650335073471069e-01
1.623142719268798828e+00
-1.799340128898620605e+00
-7.469078898429870605e-01
-1.205013751983642578e+00
-4.353792667388916016e-01
-7.770398259162902832e-01
-1.953620195388793945e+00
-4.517798721790313721e-01
3.884325623512268066e-01
2.919797897338867188e-01
8.035648465156555176e-01
-6.646856069564819336e-01
3.487480878829956055e-01
2.646165490150451660e-01
2.524351596832275391e+00
-8.119601011276245117e-01
-2.150227069854736328e+00
-5.099378824234008789e-01
-4.470129609107971191e-01
-9.540883302688598633e-01
7.244004607200622559e-01
2.255127131938934326e-01
-1.265823841094970703e-01
1.651178479194641113e+00
1.842404127120971680e+00
-2.312393300235271454e-02
8.450920581817626953e-01
-2.054201602935791016e+00
-1.281145095825195312e+00
1.732794195413589478e-02
-1.605501532554626465e+00
2.052060216665267944e-01
7.749018073081970215e-01
1.552529215812683105e+00
-9.237194061279296875e-01
-1.740461111068725586e+00
1.109822273254394531e+00
1.004983544349670410e+00
-8.071205019950866699e-01
-5.436966419219970703e-01
1.317481279373168945e+00
-4.869295060634613037e-01
-3.881500959396362305e-01
4.431871473789215088e-01
-1.314445495605468750e+00
-9.743927121162414551e-01
8.264289051294326782e-02
2.588865756988525391e-01
2.086094617843627930e+00
1.330187637358903885e-02
1.754244863986968994e-01
-1.883360028266906738e+00
2.390408217906951904e-01
-6.375612020492553711e-01
1.529158592224121094e+00
2.260523438453674316e-01
-3.553000390529632568e-01
1.023725986480712891e+00
-7.321125268936157227e-01
7.828697562217712402e-01
-1.370984673500061035e+00
1.352551341056823730e+00
3.232396543025970459e-01
-2.893583178520202637e-01
2.530334889888763428e-01
3.257062733173370361e-01
1.872040987014770508e+00
-8.287718519568443298e-03
1.489219218492507935e-01
3.847698271274566650e-01
5.186586454510688782e-02
4.079889357089996338e-01
2.999320030212402344e-01
-1.871260881423950195e+00
1.981631755828857422e+00
-2.668838500976562500e-01
1.597387433052062988e+00
1.217573165893554688e+00
2.453854680061340332e-01
3.943164944648742676e-01
-1.661869287490844727e+00
1.221648454666137695e+00
-5.691170692443847656e-01
-1.950523018836975098e+00
1.385269045829772949e+00
8.858802914619445801e-02
-3.935611248016357422e-01
-4.633853137493133545e-01
-1.219458460807800293e+00
-1.607943773269653320e+00
-2.031535953283309937e-01
1.295351088047027588e-01
7.346749305725097656e-01
7.303435802459716797e-01
-1.189695119857788086e+00
-1.786402821540832520e+00
8.101068437099456787e-02
1.635256648063659668e+00
3.261090070009231567e-02
1.370243787765502930e+00
7.389463186264038086e-01
1.108682632446289062e+00
9.890143275260925293e-01
5.689707398414611816e-01
1.022152781486511230e+00
4.169476032257080078e-01
-1.294599056243896484e+00
-9.278571605682373047e-01
-5.363248586654663086e-01
7.361065149307250977e-01
-6.349285840988159180e-01
-3.075795173645019531e+00
2.118855714797973633e+00
8.067210912704467773e-01
3.852565586566925049e-01
-7.930434346199035645e-01
1.497849076986312866e-01
-2.879226803779602051e-01
3.158537745475769043e-01
-1.342931687831878662e-01
5.478886365890502930e-01
1.626806616783142090e+00
-3.948414325714111328e-01
