1.203102171421051025e-01
7.716723084449768066e-01
-2.332929223775863647e-01
5.079134702682495117e-01
-1.048749566078186035e+00
4.738231599330902100e-01
-5.902771949768066406e-01
1.569110006093978882e-01
7.203456163406372070e-01
9.929227828979492188e-01
-1.793077439069747925e-01
-3.272744417190551758e-01
-6.375856399536132812e-01
-1.422657370567321777e-01
-5.448696017265319824e-01
7.892845869064331055e-01
-3.214555978775024414e+00
-4.748639166355133057e-01
-9.040025472640991211e-01
-2.713763415813446045e-01
-1.589619040489196777e+00
-4.391009279061108828e-04
4.735535681247711182e-01
3.779259920120239258e-01
1.826899051666259766e+00
-1.432166248559951782e-01
-1.578376740217208862e-01
-7.387323975563049316e-01
4.141962528228759766e-02
2.394620180130004883e-01
7.415763139724731445e-01
-2.659932374954223633e-01
5.830791592597961426e-01
-2.462759971618652344e+00
-5.397105813026428223e-01
-1.461953967809677124e-01
3.963491022586822510e-01
-8.326522707939147949e-01
2.807663917541503906e+00
-3.304731249809265137e-01
-1.579900979995727539e+00
1.167154759168624878e-01
-2.408987432718276978e-01
9.712123870849609375e-01
-1.875436753034591675e-01
8.171081542968750000e-02
-7.362652420997619629e-01
1.455701470375061035e+00
6.659446954727172852e-01
7.814831733703613281e-01
-6.462058424949645996e-01
1.292677402496337891e+00
2.607937753200531006e-01
-4.242135211825370789e-02
3.037180304527282715e-01
-3.064955174922943115e-01
-1.060038447380065918e+00
-7.370131015777587891e-01
5.475161075592041016e-01
4.605252444744110107e-01
-1.264068298041820526e-02
6.337958574295043945e-01
-4.277904331684112549e-01
-4.809186458587646484e-01
6.422630697488784790e-02
2.763157129287719727e+00
-5.009888410568237305e-01
-1.331377476453781128e-01
2.342990040779113770e-01
1.946326531469821930e-02
-1.680025219917297363e+00
1.408037900924682617e+00
5.726885795593261719e-01
-3.396404087543487549e-01
-1.180433273315429688e+00
-3.594754040241241455e-01
9.684237837791442871e-01
-4.988720715045928955e-01
-2.115530222654342651e-01
-1.413584947586059570e+00
-1.470670819282531738e+00
5.132947564125061035e-01
-1.338082849979400635e-01
-1.067751288414001465e+00
1.892747282981872559e+00
-3.111013472080230713e-01
-2.063843458890914917e-01
2.474607229232788086e+00
-1.081741571426391602e+00
8.817994594573974609e-01
-5.500700473785400391e-01
6.048980355262756348e-01
3.653706908226013184e-01
-5.910001993179321289e-01
-1.454331725835800171e-01
-1.864929944276809692e-01
5.637472867965698242e-01
-2.712481319904327393e-01
-2.919403910636901855e-01
-7.970860600471496582e-01
-2.592542767524719238e-01
-1.321945071220397949e+00
-9.230335354804992676e-01
-7.535564303398132324e-01
-1.139283537864685059e+00
3.694725036621093750e-01
7.334042787551879883e-01
-2.514579057693481445e+00
1.513977646827697754e-01
-1.777000308036804199e+00
-9.073538333177566528e-02
5.208485722541809082e-01
6.983568668365478516e-01
2.790422439575195312e+00
2.479309558868408203e+00
-1.656032800674438477e-01
-9.146418571472167969e-01
-1.068945527076721191e+00
-8.929648995399475098e-01
1.213812232017517090e+00
-1.172791123390197754e+00
-6.866065263748168945e-01
4.334512054920196533e-01
4.228954315185546875e-01
9.168268740177154541e-02
1.501931667327880859e+00
-4.670576453208923340e-01
6.114726662635803223e-01
-9.047057032585144043e-01
2.336634993553161621e-01
-4.649092555046081543e-01
-8.566749095916748047e-01
-9.800423868000507355e-03
-1.070924282073974609e+00
-1.067030787467956543e+00
-4.015513956546783447e-01
-1.765402913093566895e+00
1.237045288085937500e+00
-8.079529404640197754e-01
-2.472382187843322754e-01
3.819395601749420166e-01
-2.218688488006591797e+00
5.459197163581848145e-01
-3.114291131496429443e-01
-6.904236674308776855e-01
-7.108445763587951660e-01
-1.123830318450927734e+00
1.315306574106216431e-01
-2.529184579849243164e+00
-9.243101477622985840e-01
-1.562748432159423828e+00
-7.598952651023864746e-01
5.229829549789428711e-01
7.900617718696594238e-01
8.085033893585205078e-01
5.447490811347961426e-01
-1.239114642143249512e+00
-5.345247387886047363e-01
-1.105728030204772949e+00
-2.578379511833190918e-01
1.661428689956665039e+00
6.689666509628295898e-01
1.148673295974731445e+00
6.429681181907653809e-02
-1.504479050636291504e+00
-3.322829604148864746e-01
1.349812865257263184e+00
1.552157878875732422e+00
-1.433562874794006348e+00
-1.646846413612365723e+00
2.642112970352172852e-01
4.115939140319824219e-02
-3.168891072273254395e-01
-8.746989965438842773e-01
5.215261578559875488e-01
1.176674246788024902e+00
4.562813937664031982e-01
4.660811424255371094e-01
-2.671319544315338135e-01
2.912217140197753906e+00
-1.238105297088623047e+00
-1.745587348937988281e+00
4.275735616683959961e-01
5.829530358314514160e-01
8.816999197006225586e-01
-1.720134854316711426e+00
3.935758396983146667e-02
-5.523517131805419922e-01
-4.826181828975677490e-01
9.986768364906311035e-01
-3.927865624427795410e-02
-2.277664393186569214e-01
1.712557077407836914e+00
-4.952488243579864502e-01
-1.712684482336044312e-01
6.256005764007568359e-01
1.744498372077941895e+00
3.828594684600830078e-01
-3.805721998214721680e-01
1.924519538879394531e-01
7.863777279853820801e-01
-1.078750014305114746e+00
-5.075113773345947266e-01
6.475070714950561523e-01
1.072858929634094238e+00
-1.360819339752197266e+00
-2.973788082599639893e-01
-6.559718251228332520e-01
4.688531160354614258e-02
-2.214881479740142822e-01
-5.161415934562683105e-01
1.381121426820755005e-01
1.873371958732604980e+00
-8.822947740554809570e-01
6.618297100067138672e-01
5.958352610468864441e-02
-5.097252130508422852e-01
8.262304067611694336e-01
-7.388035655021667480e-01
-4.380591213703155518e-01
-1.192286372184753418e+00
1.527812242507934570e+00
-2.955372929573059082e-01
1.842654705047607422e+00
-5.981887578964233398e-01
-9.552663564682006836e-02
-4.261717796325683594e-01
-5.313839912414550781e-01
1.458306703716516495e-02
-7.854275703430175781e-01
7.927221059799194336e-02
-1.076381057500839233e-01
-2.162123918533325195e-01
-1.392788290977478027e-01
4.370960295200347900e-01
7.228409051895141602e-01
2.212556153535842896e-01
-1.158582687377929688e+00
5.515535473823547363e-01
-1.790674686431884766e+00
-5.395682454109191895e-01
-1.721638917922973633e+00
1.077937841415405273e+00
2.462858259677886963e-01
-5.103703737258911133e-01
1.291188760660588741e-03
-8.207293152809143066e-01
2.793688178062438965e-01
-5.229161381721496582e-01
1.183068752288818359e+00
9.534564018249511719e-01
8.070049285888671875e-01
2.253379970788955688e-01
1.026616454124450684e+00
-5.473002195358276367e-01
2.147886753082275391e+00
1.915780067443847656e+00
2.098910510540008545e-01
-5.060833320021629333e-02
7.653498649597167969e-01
4.552589058876037598e-01
-1.167152225971221924e-01
4.938242435455322266e-01
-9.707528352737426758e-01
1.093720316886901855e+00
4.068728983402252197e-01
-4.227712452411651611e-01
2.841996252536773682e-01
1.391428470611572266e+00
-3.806980252265930176e-01
7.434662580490112305e-01
2.957745552062988281e+00
-1.729065775871276855e+00
2.188381999731063843e-01
-7.772006988525390625e-01
1.473081856966018677e-01
-1.447620868682861328e+00
-2.961278259754180908e-01
1.607469797134399414e+00
-3.699427843093872070e-01
4.363874495029449463e-01
4.128325879573822021e-01
1.517448574304580688e-01
1.328685998916625977e+00
-1.169808581471443176e-01
-1.085359215736389160e+00
-6.652478128671646118e-03
2.487279176712036133e+00
1.741038203239440918e+00
1.376849770545959473e+00
-7.103174328804016113e-01
1.231805309653282166e-01
6.349441595375537872e-03
-1.251466989517211914e+00
1.657665133476257324e+00
2.628181576728820801e-01
1.248367309570312500e+00
-1.424212902784347534e-01
-6.159856915473937988e-01
1.329423069953918457e+00
-1.047423243522644043e+00
3.815082013607025146e-01
1.448165774345397949e+00
-1.339482426643371582e+00
-1.240758180618286133e+00
9.297129511833190918e-01
-5.071261525154113770e-01
-5.710769891738891602e-01
-8.259357213973999023e-01
-3.662787675857543945e-01
2.145007133483886719e+00
-5.533730983734130859e-01
-1.154678583145141602e+00
-1.535730242729187012e+00
-1.309634208679199219e+00
1.762635856866836548e-01
-1.205554842948913574e+00
2.961165606975555420e-01
1.955120801925659180e+00
-4.043394327163696289e-01
-1.848237156867980957e+00
-2.899255454540252686e-01
1.976236999034881592e-01
-9.180086851119995117e-01
2.527561783790588379e-01
1.908323764801025391e-01
-3.633680045604705811e-01
3.391488194465637207e-01
-3.877850472927093506e-01
-1.560019552707672119e-01
-9.433395266532897949e-01
1.670965909957885742e+00
-1.481797933578491211e+00
1.074589133262634277e+00
2.278836965560913086e-01
1.782983541488647461e+00
-6.168401241302490234e-01
7.963526248931884766e-01
-2.799795567989349365e-01
1.968372762203216553e-01
5.836557149887084961e-01
5.900071263313293457e-01
1.659979671239852905e-01
-1.987538933753967285e+00
5.332697033882141113e-01
-3.304928913712501526e-02
9.880662560462951660e-01
-1.115645408630371094e+00
1.782592833042144775e-01
9.524998068809509277e-02
-6.291958093643188477e-01
-3.693207204341888428e-01
1.525267958641052246e+00
8.355740457773208618e-02
-9.598757028579711914e-01
-1.682538986206054688e+00
1.781109571456909180e+00
-9.596329927444458008e-01
9.582664817571640015e-02
-4.491759836673736572e-01
-5.970950722694396973e-01
1.728329062461853027e-01
8.343157768249511719e-01
-7.773678302764892578e-01
-3.067095279693603516e-01
-1.681103348731994629e+00
9.258624315261840820e-01
-2.348636239767074585e-01
-1.031865715980529785e+00
-3.268433213233947754e-01
-9.918372035026550293e-01
4.911465942859649658e-01
-1.919600844383239746e+00
1.428864002227783203e+00
8.556993007659912109e-01
-5.742942094802856445e-01
1.557695746421813965e+00
2.266764342784881592e-01
-7.504668831825256348e-01
-9.783525466918945312e-01
-1.909461855888366699e+00
-5.982365608215332031e-01
1.703530550003051758e-01
7.197687625885009766e-01
4.690890908241271973e-01
-9.322156906127929688e-01
-7.503510713577270508e-01
1.655972957611083984e+00
-1.087589859962463379e-01
1.219820380210876465e-01
3.203697502613067627e-01
-1.157596588134765625e+00
-3.178351819515228271e-01
9.006649255752563477e-01
2.525035381317138672e+00
1.402467936277389526e-01
3.298693895339965820e-01
1.125870585441589355e+00
-4.282737672328948975e-01
-8.966801166534423828e-01
-4.116654396057128906e-01
-6.077763438224792480e-01
-7.535540461540222168e-01
-2.291660070419311523e+00
1.509456515312194824e+00
6.720132231712341309e-01
1.770277619361877441e-01
2.137159705162048340e-01
-4.244943261146545410e-01
-1.041718125343322754e+00
-3.481821417808532715e-01
-3.389599084854125977e+00
-2.753780409693717957e-02
-8.586009740829467773e-01
-6.519881486892700195e-01
3.712166845798492432e-01
5.595398545265197754e-01
4.572951495647430420e-01
2.857107222080230713e-01
9.907430410385131836e-02
5.402768030762672424e-02
-1.119897365570068359e+00
-5.538591649383306503e-03
-8.531205058097839355e-01
-1.218996524810791016e+00
-6.245067119598388672e-01
-6.301755905151367188e-01
-3.504715859889984131e-01
-1.686639666557312012e+00
2.810061275959014893e-01
8.082140088081359863e-01
8.446758389472961426e-01
-7.295169234275817871e-01
-8.612157702445983887e-01
-4.428391158580780029e-01
1.217425167560577393e-01
-2.068103700876235962e-01
-6.566925644874572754e-01
-5.908717215061187744e-02
2.699098736047744751e-02
1.727186799049377441e+00
-6.057775616645812988e-01
2.577944695949554443e-01
6.676760911941528320e-01
1.115248799324035645e+00
1.593007802963256836e+00
-1.244866251945495605e+00
-4.708549976348876953e-01
1.391269326210021973e+00
-6.161417365074157715e-01
1.656444072723388672e+00
5.148854255676269531e-01
4.549152851104736328e-01
-2.942509055137634277e-01
-5.212310552597045898e-01
-9.050717949867248535e-01
-6.215944886207580566e-01
-2.705870628356933594e+00
-9.232494235038757324e-01
2.436089962720870972e-01
1.372652769088745117e+00
-1.266596436500549316e+00
5.165603756904602051e-01
5.387860536575317383e-01
2.409192025661468506e-01
5.027213096618652344e-01
-1.820854663848876953e+00
1.068273901939392090e+00
2.246319204568862915e-01
3.901466429233551025e-01
-4.866566658020019531e-01
1.264367461204528809e+00
7.555677294731140137e-01
1.032220795750617981e-01
-3.358129858970642090e-01
-6.410013884305953979e-02
-7.074791789054870605e-01
-8.458223938941955566e-01
9.212248325347900391e-01
1.400950193405151367e+00
1.647976398468017578e+00
1.816563248634338379e+00
8.756340146064758301e-01
-2.136921405792236328e+00
-9.829305112361907959e-02
7.501108050346374512e-01
-1.606580853462219238e+00
-7.190356254577636719e-01
4.679369032382965088e-01
1.069630503654479980e+00
-2.289686053991317749e-01
8.946956992149353027e-01
-1.388332009315490723e+00
2.212468087673187256e-01
1.698926091194152832e-01
-1.436042070388793945e+00
5.168363451957702637e-01
1.055697679519653320e+00
-6.668831110000610352e-01
5.648471117019653320e-01
1.159185767173767090e+00
2.226042270660400391e+00
-9.289939701557159424e-02
4.316948354244232178e-01
3.680467307567596436e-01
-3.003016114234924316e-01
1.602872908115386963e-01
-4.615229368209838867e-01
-4.178090691566467285e-01
5.249957442283630371e-01
2.270479649305343628e-01
8.181464076042175293e-01
-5.082070231437683105e-01
4.918377697467803955e-01
-8.059900403022766113e-01
-6.099309325218200684e-01
7.638248056173324585e-02
-1.456660777330398560e-01
1.835177242755889893e-01
-2.021755874156951904e-01
-1.043638139963150024e-01
5.229704976081848145e-01
-7.508946061134338379e-01
5.731530785560607910e-01
1.018615484237670898e+00
-4.437288343906402588e-01
-9.527707844972610474e-02
-1.042510390281677246e+00
4.590871632099151611e-01
-5.071744322776794434e-01
6.938086748123168945e-01
9.064543843269348145e-01
2.260028600692749023e+00
-3.070724382996559143e-02
1.966974854469299316e+00
-2.834682762622833252e-01
-5.768893957138061523e-01
4.856643378734588623e-01
-7.219773530960083008e-01
-4.135935753583908081e-02
1.156506061553955078e+00
1.106004595756530762e+00
-9.202135801315307617e-01
-5.174499154090881348e-01
1.166600465774536133e+00
-4.685562849044799805e-01
7.982462644577026367e-01
5.810720324516296387e-01
9.652012586593627930e-01
1.056146264076232910e+00
-4.115279316902160645e-01
-1.593978703022003174e-01
5.826428532600402832e-01
-1.169774532318115234e+00
1.887071490287780762e+00
8.022440075874328613e-01
-9.883036464452743530e-02
1.411208957433700562e-01
1.143702864646911621e-01
1.571424722671508789e+00
2.098814964294433594e+00
-6.280377507209777832e-01
-1.047855734825134277e+00
-2.769283771514892578e+00
-1.200799584388732910e+00
-4.326938092708587646e-01
6.233388185501098633e-01
9.351372122764587402e-01
9.541034698486328125e-01
-7.327039241790771484e-01
2.838507890701293945e-01
-9.195715188980102539e-01
3.998505473136901855e-01
-2.612106323242187500e+00
-4.375475347042083740e-01
-2.236462831497192383e+00
7.300520539283752441e-01
-3.685207068920135498e-01
-1.098636984825134277e-01
7.139913439750671387e-01
-2.198254346847534180e+00
5.684729665517807007e-02
-4.141428172588348389e-01
1.073515295982360840e+00
-8.607898354530334473e-01
-8.332148790359497070e-01
-1.114251494407653809e+00
-1.314004421234130859e+00
-1.407269716262817383e+00
-2.129945009946823120e-01
5.287417173385620117e-01
-8.859128504991531372e-02
-1.405127882957458496e+00
-7.136955857276916504e-01
-3.757571876049041748e-01
4.558842182159423828e-01
-1.384091854095458984e+00
9.075609445571899414e-01
1.037587165832519531e+00
8.250663876533508301e-01
1.896697878837585449e-01
-2.249137163162231445e+00
8.912721872329711914e-01
1.533018708229064941e+00
4.816777706146240234e-01
1.838723540306091309e+00
2.238658815622329712e-01
-4.489115476608276367e-01
-7.004854679107666016e-01
1.799354255199432373e-01
-1.106809899210929871e-01
5.334079265594482422e-01
1.320340394973754883e+00
1.494669169187545776e-01
-6.147253513336181641e-01
-5.015870928764343262e-01
-1.449790954589843750e+00
-7.556316256523132324e-01
-4.314685463905334473e-01
5.999588370323181152e-01
-4.125505983829498291e-01
-7.257531881332397461e-01
1.969275593757629395e+00
5.937610268592834473e-01
-1.621681809425354004e+00
-9.081705659627914429e-02
1.443392872810363770e+00
5.774124264717102051e-01
-2.496179342269897461e-01
-6.235075592994689941e-01
-1.354659497737884521e-01
1.327479004859924316e+00
2.149423837661743164e+00
1.598190069198608398e+00
-2.490444928407669067e-01
4.263807833194732666e-01
-8.929678797721862793e-01
8.685315847396850586e-01
-1.638349771499633789e+00
9.289548546075820923e-02
5.134367346763610840e-01
7.783918976783752441e-01
1.214268326759338379e+00
-4.271255061030387878e-02
-4.503715038299560547e-02
-2.580945789813995361e-01
-2.829735279083251953e-01
-1.227123141288757324e+00
8.781535625457763672e-01
2.681765854358673096e-01
1.578508615493774414e-01
-4.920089840888977051e-01
2.517905950546264648e+00
4.631127715110778809e-01
-3.481411337852478027e-01
7.500685453414916992e-01
-2.007797479629516602e+00
-5.542074441909790039e-01
-2.022279500961303711e+00
-2.497588396072387695e-01
-7.623810321092605591e-02
2.861120998859405518e-01
-1.253652274608612061e-01
-1.172791004180908203e+00
2.164443254470825195e+00
-5.436798930168151855e-01
2.082290410995483398e+00
-7.953508496284484863e-01
-3.165693283081054688e-01
-1.199060678482055664e+00
4.080241024494171143e-01
-3.515090644359588623e-01
-6.918488740921020508e-01
-1.019356101751327515e-01
4.843572154641151428e-02
2.052984684705734253e-01
-1.355409979820251465e+00
4.121797382831573486e-01
-6.209475994110107422e-01
4.682500958442687988e-01
-4.255960285663604736e-01
-1.256920218467712402e+00
-2.506327927112579346e-01
-7.242501378059387207e-01
2.316397190093994141e+00
2.175330072641372681e-01
9.752913713455200195e-01
5.165844559669494629e-01
3.449991941452026367e-01
7.683812379837036133e-01
1.080963015556335449e-01
-9.394853711128234863e-01
7.486774921417236328e-01
5.536803007125854492e-01
-7.607148885726928711e-01
1.787416040897369385e-01
1.044182777404785156e+00
-1.809481829404830933e-01
2.652349233627319336e+00
3.974511846899986267e-02
1.597534537315368652e+00
-1.449348092079162598e+00
-6.264318823814392090e-01
9.231853485107421875e-02
1.080348253250122070e+00
1.277785301208496094e+00
-6.795419454574584961e-01
1.477095603942871094e+00
-1.357595026493072510e-01
5.691515207290649414e-01
6.558260917663574219e-01
3.471466302871704102e-01
-8.587585180066525936e-04
-6.290897727012634277e-01
-2.165997743606567383e+00
-1.209148168563842773e+00
-1.275475740432739258e+00
-1.542317152023315430e+00
7.003524899482727051e-01
-8.628266453742980957e-01
2.762922644615173340e-01
-9.299647212028503418e-01
1.041104555130004883e+00
-1.687023788690567017e-01
4.187112152576446533e-01
-4.376991689205169678e-01
-7.177439928054809570e-01
1.739616632461547852e+00
9.308156371116638184e-01
1.749956458806991577e-01
1.642336130142211914e+00
-2.360974401235580444e-01
1.312569260597229004e+00
4.207763671875000000e-01
-2.183285236358642578e+00
3.853805661201477051e-01
-9.226191639900207520e-01
-7.336431145668029785e-01
9.307101964950561523e-01
-2.929882109165191650e-01
-2.898394465446472168e-01
6.750946640968322754e-01
-6.285516619682312012e-01
-4.075064137578010559e-02
-2.914079129695892334e-01
-5.926775559782981873e-02
1.181295141577720642e-01
6.286206245422363281e-01
-6.168186664581298828e-01
-2.413422346115112305e+00
-2.281389951705932617e+00
2.219777554273605347e-03
8.538637757301330566e-01
-3.670256733894348145e-01
1.532094717025756836e+00
-6.773188114166259766e-01
-6.162987947463989258e-01
6.225374937057495117e-01
-1.334616422653198242e+00
1.589016795158386230e+00
-4.141732752323150635e-01
-2.689190804958343506e-01
2.522455215454101562e+00
-4.836262166500091553e-01
1.326743960380554199e+00
6.870309114456176758e-01
6.755046248435974121e-01
4.386015534400939941e-01
-2.397247552871704102e-01
-8.250763416290283203e-01
1.759364008903503418e+00
-5.371253490447998047e-01
-1.053024649620056152e+00
-4.895202815532684326e-01
8.913457393646240234e-01
-6.949741840362548828e-01
-2.103737592697143555e+00
-1.017477512359619141e+00
1.327879130840301514e-01
1.092298030853271484e+00
-1.432653903961181641e+00
1.358823299407958984e+00
-9.663556814193725586e-01
-1.192061185836791992e+00
1.319759011268615723e+00
-3.690775632858276367e-01
-7.747908830642700195e-01
7.587466388940811157e-02
1.503137230873107910e+00
-2.249077260494232178e-01
1.572569906711578369e-01
5.098567530512809753e-02
6.694428324699401855e-01
2.194528430700302124e-01
3.965522944927215576e-01
6.263166069984436035e-01
-1.825009226799011230e+00
-2.007481813430786133e+00
-8.794460296630859375e-01
1.195016145706176758e+00
