-1.102600932121276855e+00
-4.598093032836914062e-01
-7.516962885856628418e-01
1.887987017631530762e+00
1.587542891502380371e-01
2.501424551010131836e-01
-1.307672262191772461e+00
1.300102174282073975e-01
-7.416419386863708496e-01
3.764627277851104736e-01
4.354196488857269287e-01
1.231736317276954651e-02
-9.858672320842742920e-02
2.185728073120117188e+00
-3.506555259227752686e-01
1.420451283454895020e+00
-2.071937024593353271e-01
-8.156744837760925293e-01
-7.861278653144836426e-01
1.392954140901565552e-01
-5.810276865959167480e-01
2.181057453155517578e+00
6.094342842698097229e-02
-9.890357851982116699e-01
7.299921661615371704e-02
-3.477859795093536377e-01
1.577246338129043579e-01
-9.574401974678039551e-01
1.450010091066360474e-01
7.178477942943572998e-02
-1.891395330429077148e+00
-2.120440304279327393e-01
-1.704463362693786621e+00
9.532865881919860840e-01
1.113021373748779297e+00
-9.115045070648193359e-01
2.166678570210933685e-02
-1.312435746192932129e+00
2.618111968040466309e-01
5.089033022522926331e-02
5.641117095947265625e-01
-1.323018074035644531e+00
-3.124428987503051758e-01
-3.337683677673339844e-01
-1.224839568138122559e+00
7.063101530075073242e-01
-4.752293527126312256e-01
-1.134696006774902344e+00
-1.483937650918960571e-01
1.062755346298217773e+00
1.088050484657287598e+00
-3.107329308986663818e-01
-1.534741878509521484e+00
3.404308855533599854e-01
3.453820347785949707e-01
9.141776710748672485e-02
2.175446450710296631e-01
-3.587149083614349365e-01
1.587917923927307129e+00
-1.920060396194458008e+00
7.427571415901184082e-01
1.001191854476928711e+00
2.798973798751831055e+00
-1.821222901344299316e+00
5.016825795173645020e-01
-8.842899650335311890e-02
4.617730081081390381e-01
1.909369789063930511e-02
1.542504906654357910e+00
2.816386818885803223e-01
1.132553577423095703e+00
-1.594373732805252075e-01
-3.163704276084899902e-01
-8.174383640289306641e-01
-1.715763330459594727e+00
-1.184396982192993164e+00
-6.605053544044494629e-01
-1.199721023440361023e-01
-1.463366270065307617e+00
-1.773495912551879883e+00
4.639055579900741577e-02
-1.905373036861419678e-01
3.418596982955932617e-01
5.369182229042053223e-01
-1.359024524688720703e+00
-5.767798051238059998e-02
-1.169426068663597107e-01
-3.670719861984252930e-01
-6.911758184432983398e-01
8.731952309608459473e-02
-2.123453617095947266e-01
2.437259435653686523e+00
1.277493000030517578e+00
1.209625840187072754e+00
8.429369330406188965e-01
-8.906700015068054199e-01
1.731482595205307007e-01
1.589059233665466309e+00
1.223052501678466797e+00
-1.184508681297302246e+00
1.508109122514724731e-01
-4.202200174331665039e-01
1.065019726753234863e+00
-1.674684405326843262e+00
-1.524833083152770996e+00
-8.968458175659179688e-01
1.145931601524353027e+00
-2.170298844575881958e-01
2.716012299060821533e-01
-3.570313453674316406e-01
1.589058399200439453e+00
1.323579788208007812e+00
1.878018230199813843e-01
-1.236369609832763672e-01
1.852482259273529053e-01
8.754715323448181152e-01
-1.467451751232147217e-01
-5.213732719421386719e-01
7.604776024818420410e-01
-1.982973664999008179e-01
3.582219481468200684e-01
-1.077364206314086914e+00
4.988194704055786133e-01
-2.304920554161071777e-01
6.606437563896179199e-01
-2.425538748502731323e-01
1.721156477928161621e+00
3.666036948561668396e-02
4.906494021415710449e-01
-3.840909898281097412e-01
-1.263643383979797363e+00
-5.478167533874511719e-01
2.255497723817825317e-01
-2.275908291339874268e-01
1.172640442848205566e+00
6.179897785186767578e-01
-1.381019949913024902e+00
-7.111611366271972656e-01
2.119996994733810425e-01
-3.069511055946350098e-01
-3.902598619461059570e-01
-9.223763346672058105e-01
-1.591997623443603516e+00
8.315531015396118164e-01
-3.124918639659881592e-01
-5.174261927604675293e-01
1.382431149482727051e+00
1.987107276916503906e+00
-2.031698077917098999e-01
2.527996003627777100e-01
-9.366335868835449219e-01
-6.011368036270141602e-01
1.261705994606018066e+00
8.402206301689147949e-01
2.829589843750000000e-01
-1.219281077384948730e+00
-7.411775588989257812e-01
2.384382039308547974e-01
1.187051653861999512e+00
6.566274166107177734e-01
2.934571206569671631e-01
1.318603634834289551e+00
9.391019344329833984e-01
7.212646007537841797e-01
-1.271320939064025879e+00
-1.070918202400207520e+00
2.292542159557342529e-01
-2.556133568286895752e-01
5.462585091590881348e-01
3.611812293529510498e-01
-6.538103818893432617e-01
1.024659395217895508e+00
1.640147864818572998e-01
-2.791596651077270508e-01
2.773204445838928223e-01
-9.152104854583740234e-01
7.063492536544799805e-01
1.435637831687927246e+00
-1.470102369785308838e-01
3.290246427059173584e-01
-1.494687199592590332e-01
-5.236381292343139648e-01
7.293599247932434082e-01
-9.091411232948303223e-01
4.963000416755676270e-01
-5.622582435607910156e-01
2.210536718368530273e+00
5.942508578300476074e-01
1.879476308822631836e-01
1.941441178321838379e+00
7.816228270530700684e-01
-1.069117307662963867e+00
-5.333479046821594238e-01
7.612687945365905762e-01
-1.797231733798980713e-01
-4.627222418785095215e-01
-7.961866855621337891e-01
-7.485636472702026367e-01
6.536841988563537598e-01
1.206738710403442383e+00
-4.856831431388854980e-01
-1.939239054918289185e-01
-8.713693618774414062e-01
-3.097703456878662109e-01
2.079448461532592773e+00
6.288588643074035645e-01
-4.354711472988128662e-01
6.988029927015304565e-03
1.754809737205505371e+00
1.214108228683471680e+00
2.775872647762298584e-01
7.241111993789672852e-02
-8.150292634963989258e-01
-5.933036804199218750e-01
1.068144679069519043e+00
-2.798413038253784180e-01
-1.992731094360351562e-01
-2.037706851959228516e+00
-4.110173583030700684e-01
-5.218025445938110352e-01
-2.720594704151153564e-01
-6.122931241989135742e-01
-2.948436737060546875e-01
-4.935988187789916992e-01
-4.500598013401031494e-01
-4.655779004096984863e-01
-8.902447223663330078e-01
-1.076821208000183105e+00
9.574973583221435547e-01
4.098199009895324707e-01
9.701441526412963867e-01
2.328582286834716797e+00
-2.216325759887695312e+00
1.038890004158020020e+00
-1.859839260578155518e-01
1.116598471999168396e-01
7.352489233016967773e-01
1.106919273734092712e-01
-4.993832111358642578e-01
-1.483327448368072510e-01
-3.713484406471252441e-01
1.229433298110961914e+00
1.154349684715270996e+00
5.450782179832458496e-01
-8.215456008911132812e-01
-1.003043651580810547e+00
-8.464903831481933594e-01
-1.163102030754089355e+00
-2.101137638092041016e+00
3.649803996086120605e-01
-1.598446220159530640e-01
-5.411013960838317871e-01
-6.253061294555664062e-01
9.903410673141479492e-01
7.652517557144165039e-01
1.116565942764282227e+00
-1.626391530036926270e+00
-1.300506830215454102e+00
-5.154200792312622070e-01
-2.202390670776367188e+00
-2.849643528461456299e-01
-7.100938260555267334e-02
6.541294455528259277e-01
-5.029297471046447754e-01
1.869745701551437378e-01
1.137224078178405762e+00
-1.896124631166458130e-01
-7.425479292869567871e-01
-4.178707599639892578e-01
4.531916379928588867e-01
-5.449661016464233398e-01
1.980366110801696777e-01
-1.210924506187438965e+00
1.413739681243896484e+00
-2.185518443584442139e-01
4.567804187536239624e-02
-7.511615157127380371e-01
-1.137171149253845215e+00
6.293168663978576660e-01
2.308962643146514893e-01
-3.559246659278869629e-01
-5.506609678268432617e-01
-1.184323310852050781e+00
3.598859012126922607e-01
-1.395449757575988770e+00
1.160130500793457031e+00
-2.141468413174152374e-02
-1.898627877235412598e-01
5.933408737182617188e-01
-9.520179033279418945e-01
-1.131364941596984863e+00
-1.294417619705200195e+00
6.046853587031364441e-02
-7.427491545677185059e-01
-6.370843201875686646e-02
5.676054209470748901e-02
1.123687386512756348e+00
-9.311010837554931641e-01
-1.367443919181823730e+00
-1.449214100837707520e+00
7.670535445213317871e-01
-2.034739732742309570e+00
-2.984768748283386230e-01
-1.645485281944274902e+00
3.408672809600830078e-01
7.755925059318542480e-01
-2.538863569498062134e-02
3.894323855638504028e-02
-1.489672422409057617e+00
5.007677078247070312e-01
1.303224563598632812e+00
-2.360100746154785156e-01
-2.899466276168823242e+00
-1.774917691946029663e-01
-1.156495362520217896e-01
-1.343915462493896484e+00
3.687386512756347656e-01
-8.956089019775390625e-01
4.624624550342559814e-01
-3.856758177280426025e-01
-2.640134692192077637e-01
-1.375358700752258301e+00
-1.950505538843572140e-03
-1.343321204185485840e+00
6.631798148155212402e-01
-4.386376440525054932e-01
1.469027996063232422e+00
-2.002737283706665039e+00
-9.570439457893371582e-01
1.683477282524108887e+00
1.427497267723083496e+00
3.891082108020782471e-02
-1.191328763961791992e+00
-2.195798158645629883e+00
4.176008701324462891e-01
-2.518154680728912354e-01
-1.201162457466125488e+00
6.124268174171447754e-01
5.991604328155517578e-01
9.952127933502197266e-01
2.553252577781677246e-01
3.229970633983612061e-01
-1.061260104179382324e+00
-3.217552006244659424e-01
-5.402612686157226562e-01
-1.327740997076034546e-01
-9.552800059318542480e-01
4.269566833972930908e-01
-8.288915753364562988e-01
6.567453145980834961e-01
-4.893729388713836670e-01
1.434962987899780273e+00
1.240273594856262207e+00
8.477067947387695312e-01
-6.975111365318298340e-01
-1.086472272872924805e+00
-7.881314754486083984e-01
2.849128007888793945e+00
2.476928085088729858e-01
1.032117247581481934e+00
-7.446129918098449707e-01
9.266701936721801758e-01
1.752533674240112305e+00
2.123633623123168945e+00
2.826387584209442139e-01
7.152326703071594238e-01
1.534889459609985352e+00
-1.541309833526611328e+00
7.136905193328857422e-01
5.939360857009887695e-01
-7.920719981193542480e-01
3.228563368320465088e-01
-4.677045047283172607e-01
-6.853000819683074951e-02
-1.054019406437873840e-01
-3.566862344741821289e-01
8.568130135536193848e-01
-8.265439420938491821e-02
-8.596696853637695312e-01
7.850291132926940918e-01
-1.649716973304748535e+00
-6.806996464729309082e-01
-4.590978026390075684e-01
-9.828571081161499023e-01
3.019405901432037354e-01
1.278978705406188965e+00
5.246419310569763184e-01
-4.177781045436859131e-01
-7.120925784111022949e-01
1.463345885276794434e+00
-7.139639854431152344e-01
2.321865782141685486e-02
1.128825187683105469e+00
1.023768663406372070e+00
-1.021614432334899902e+00
-9.279165267944335938e-01
6.522380113601684570e-01
1.022217750549316406e+00
5.727659463882446289e-01
9.110575169324874878e-02
-5.578468441963195801e-01
2.542395377531647682e-03
3.780046999454498291e-01
-2.368169277906417847e-01
2.917563021183013916e-01
1.686676591634750366e-01
-1.361337780952453613e+00
1.117093682289123535e+00
-1.537760794162750244e-01
1.557860970497131348e+00
1.215737462043762207e+00
4.469487667083740234e-01
-9.167907759547233582e-03
-6.928213238716125488e-01
4.655300974845886230e-01
1.658852100372314453e+00
5.952622890472412109e-01
-2.534199506044387817e-02
-3.573581874370574951e-01
-1.077465176582336426e+00
1.243787646293640137e+00
2.586866617202758789e-01
1.612764239311218262e+00
-1.215917229652404785e+00
7.630212306976318359e-01
8.328391909599304199e-01
6.097449660301208496e-01
7.642530798912048340e-01
4.971553981304168701e-01
-1.581289649009704590e+00
-4.100632667541503906e-02
-4.846811592578887939e-01
2.403906881809234619e-01
2.051979541778564453e+00
1.117659453302621841e-02
-1.329179406166076660e-01
1.520111203193664551e+00
2.020219087600708008e+00
7.232610583305358887e-01
3.330896198749542236e-01
-8.741677999496459961e-01
-1.606673359870910645e+00
3.591911494731903076e-01
-1.682729721069335938e-01
1.025607213377952576e-01
-7.686532735824584961e-01
-5.584320425987243652e-01
3.292074427008628845e-02
5.491344928741455078e-01
1.085803031921386719e+00
1.068135857582092285e+00
1.294897943735122681e-01
1.243589401245117188e+00
3.173813521862030029e-01
9.226492047309875488e-01
-1.300794035196304321e-01
6.505751013755798340e-01
3.504809364676475525e-02
9.596117734909057617e-01
-6.653006076812744141e-01
-3.700569570064544678e-01
-4.992877840995788574e-01
1.234447240829467773e+00
-9.946566820144653320e-02
-6.578722596168518066e-02
4.119273424148559570e-01
-1.140241548418998718e-01
-9.885226488113403320e-01
6.015977859497070312e-01
-5.442545413970947266e-01
-3.584142327308654785e-01
-5.488433241844177246e-01
2.660198926925659180e+00
5.357876420021057129e-01
6.076250574551522732e-04
-2.028809070587158203e+00
6.460176110267639160e-01
3.275517523288726807e-01
-1.166071444749832153e-01
4.378269612789154053e-01
-3.321802616119384766e-01
1.243696570396423340e+00
1.889522194862365723e+00
1.496813058853149414e+00
9.833147525787353516e-01
5.498535633087158203e-01
-1.083527207374572754e+00
-2.223040819168090820e+00
-4.289591014385223389e-01
-6.790522336959838867e-01
4.470367431640625000e-01
-5.587341785430908203e-01
-1.895529985427856445e+00
-4.338296949863433838e-01
2.051467895507812500e+00
-6.564917564392089844e-01
-1.751713752746582031e-01
-4.843128919601440430e-01
-1.231319189071655273e+00
-3.246107995510101318e-01
7.347427010536193848e-01
-2.405187189579010010e-01
4.931725859642028809e-01
1.036721840500831604e-02
6.666389107704162598e-01
1.537577748298645020e+00
5.638096928596496582e-01
4.247148334980010986e-01
-4.372533410787582397e-02
-4.682726860046386719e-01
-5.172247290611267090e-01
3.234339356422424316e-01
2.093292325735092163e-01
-2.232422530651092529e-01
6.958754658699035645e-01
-2.266765832901000977e-01
-1.475067287683486938e-01
1.200740560889244080e-01
1.575695991516113281e+00
-8.338566869497299194e-02
-6.195610165596008301e-01
1.804806232452392578e+00
-7.416300773620605469e-01
-1.711378931999206543e+00
-8.797720670700073242e-01
-3.291829824447631836e-01
5.109779238700866699e-01
1.346597313880920410e+00
1.062108159065246582e+00
1.011371850967407227e+00
5.576395392417907715e-01
7.296230792999267578e-01
5.505679845809936523e-01
-2.946813106536865234e-01
-2.877607941627502441e-01
-3.172916471958160400e-01
-4.193158447742462158e-01
1.207237362861633301e+00
-9.301607310771942139e-02
1.044069766998291016e+00
1.022459864616394043e+00
2.176652193069458008e+00
-1.217907428741455078e+00
2.938725948333740234e-01
-6.447333693504333496e-01
2.304040908813476562e+00
-1.797298431396484375e+00
1.964786201715469360e-01
1.211659312248229980e+00
-5.071065425872802734e-01
-7.004712224006652832e-01
4.473835527896881104e-01
1.644842505455017090e+00
-3.238783180713653564e-01
-1.257524609565734863e+00
-7.572268843650817871e-01
-4.379292428493499756e-01
7.480636835098266602e-01
-7.301282882690429688e-01
1.474291551858186722e-02
1.810072362422943115e-01
-7.500200271606445312e-01
6.028508394956588745e-02
5.568296313285827637e-01
-1.117252588272094727e+00
-4.761186242103576660e-01
2.023530006408691406e+00
-1.208365082740783691e+00
6.589486598968505859e-01
-2.309474349021911621e-02
-3.475823253393173218e-02
6.792408227920532227e-02
-2.828733026981353760e-01
-9.768761992454528809e-01
5.383857339620590210e-02
-7.087828516960144043e-01
-5.107762217521667480e-01
-5.787422060966491699e-01
4.537084102630615234e-01
8.394106030464172363e-01
-5.724142789840698242e-01
-1.309006094932556152e+00
1.572742104530334473e+00
6.466150283813476562e-01
1.503756284713745117e+00
7.717561721801757812e-01
1.257666498422622681e-01
-6.019447445869445801e-01
5.453807711601257324e-01
-9.109655767679214478e-02
1.245182752609252930e+00
3.795638382434844971e-01
4.237027168273925781e-01
-6.650824099779129028e-02
1.012318968772888184e+00
4.719056189060211182e-01
-1.016786694526672363e+00
7.408686876296997070e-01
2.185624688863754272e-01
6.837866306304931641e-01
-5.398502945899963379e-02
-7.835000753402709961e-01
-3.362582325935363770e-01
-1.111938595771789551e+00
8.675739765167236328e-01
1.409736394882202148e+00
-9.200651049613952637e-01
5.539442300796508789e-01
-6.305131912231445312e-01
1.104909300804138184e+00
2.119243144989013672e+00
2.312967061996459961e+00
-8.807955980300903320e-01
3.853879868984222412e-01
1.869964003562927246e+00
1.117951631546020508e+00
-6.652966737747192383e-01
-1.844531655311584473e+00
-6.568601727485656738e-02
1.026455879211425781e+00
2.060306787490844727e+00
-2.301830530166625977e+00
1.074414730072021484e+00
2.052189856767654419e-01
-2.335869707167148590e-02
3.247700333595275879e-01
1.136604771018028259e-01
-7.935781776905059814e-02
-4.732317328453063965e-01
1.058447360992431641e+00
-7.659963369369506836e-01
-9.655578732490539551e-01
8.726655840873718262e-01
-4.339750409126281738e-01
-1.409485220909118652e+00
-8.487159013748168945e-01
2.971088588237762451e-01
-4.807477593421936035e-01
-4.799091815948486328e-01
2.154671214520931244e-02
6.622134447097778320e-01
4.455353617668151855e-01
7.592167854309082031e-01
-1.756294012069702148e+00
6.420031785964965820e-01
-1.894452720880508423e-01
-1.390668153762817383e-01
-2.008710145950317383e+00
1.801276445388793945e+00
7.509632706642150879e-01
6.899775266647338867e-01
4.727437794208526611e-01
1.144025802612304688e+00
1.704310774803161621e-01
1.905897259712219238e-01
-1.830953478813171387e+00
-1.916435480117797852e+00
5.302217602729797363e-01
-4.007180333137512207e-01
2.588460147380828857e-01
6.706491708755493164e-01
-1.162459701299667358e-01
3.412053883075714111e-01
8.582462072372436523e-01
6.726862192153930664e-01
6.291013360023498535e-01
1.137453675270080566e+00
2.602458596229553223e-01
-4.465766549110412598e-01
2.662755846977233887e-01
-1.239250540733337402e+00
7.916553020477294922e-01
5.871917679905891418e-02
-1.066529273986816406e+00
-5.824476107954978943e-02
9.693505167961120605e-01
-1.603938221931457520e+00
-1.283314824104309082e+00
-9.313691407442092896e-02
1.487808346748352051e+00
-6.244949698448181152e-01
-6.222894191741943359e-01
8.217052817344665527e-01
1.553768277168273926e+00
-2.797140367329120636e-02
2.264737129211425781e+00
-1.317848920822143555e+00
4.655820727348327637e-01
-1.281931877136230469e+00
-2.302796244621276855e-01
-3.761819899082183838e-01
-6.229214072227478027e-01
6.550360321998596191e-01
1.915602326393127441e+00
-4.356106221675872803e-01
6.634758710861206055e-01
5.033010244369506836e-01
-3.026479482650756836e-01
-1.032775521278381348e+00
-2.973952054977416992e+00
-1.248046517372131348e+00
1.851281076669692993e-01
-4.677712917327880859e-01
3.107849955558776855e-01
8.450351953506469727e-01
-4.793690145015716553e-01
1.062194108963012695e+00
3.739977478981018066e-01
-7.209041714668273926e-01
-3.065318763256072998e-01
-6.592313200235366821e-02
-1.850656270980834961e+00
-2.192832231521606445e-01
-3.160847723484039307e-01
-3.392289578914642334e-02
1.412505388259887695e+00
-3.921347856521606445e-02
4.294515550136566162e-01
-1.527362823486328125e+00
8.228494524955749512e-01
3.344009518623352051e-01
2.935405492782592773e+00
-9.226475954055786133e-01
-9.682449698448181152e-01
1.274324893951416016e+00
-1.584341526031494141e-01
-1.920585751533508301e+00
-5.155421495437622070e-01
-2.043820858001708984e+00
7.628978490829467773e-01
5.442597866058349609e-01
-1.661910295486450195e+00
-2.742385864257812500e-01
-3.759969770908355713e-01
-1.697777986526489258e+00
-8.675987720489501953e-01
1.183308362960815430e+00
1.191837549209594727e+00
-4.941005706787109375e-01
1.720809817314147949e+00
1.085159033536911011e-01
4.407884776592254639e-01
-3.605818748474121094e-01
-7.941372990608215332e-01
-4.306632578372955322e-01
7.819739580154418945e-01
-4.737426042556762695e-01
-5.211986303329467773e-01
4.737101122736930847e-02
-1.350447177886962891e+00
-1.631871819496154785e+00
8.697564601898193359e-01
8.740144371986389160e-01
-2.154578119516372681e-01
-1.510526239871978760e-01
6.126259565353393555e-01
-5.544809699058532715e-01
4.830039106309413910e-03
6.971252616494894028e-03
-9.477322101593017578e-01
8.069483637809753418e-01
1.296201586723327637e+00
-2.772336006164550781e-01
-1.447601437568664551e+00
-7.683897018432617188e-01
8.489654399454593658e-03
2.516973316669464111e-01
1.947303414344787598e-01
-1.696270704269409180e-02
-8.943863213062286377e-03
7.590584754943847656e-01
1.993859529495239258e+00
8.207148909568786621e-01
6.357637047767639160e-01
2.207617044448852539e+00
-9.424813985824584961e-01
3.280526027083396912e-02
4.709534943103790283e-01
-7.648450732231140137e-01
1.489449024200439453e+00
-8.198359608650207520e-01
6.743669509887695312e-01
1.100824847817420959e-01
-2.673910856246948242e-01
5.685085058212280273e-01
-1.147974729537963867e+00
9.112623333930969238e-01
8.767224550247192383e-01
-1.078497851267457008e-03
-6.827623844146728516e-01
-7.173070311546325684e-01
7.624467015266418457e-01
-7.903903722763061523e-01
-5.347936749458312988e-01
2.781610488891601562e+00
1.386680603027343750e+00
2.784366309642791748e-01
3.437840938568115234e-01
-1.132692575454711914e+00
1.666887760162353516e+00
