1.644532799720764160e+00
3.763410449028015137e-01
5.271613597869873047e-01
1.829974174499511719e+00
2.651705503463745117e+00
2.136141806840896606e-01
2.924401760101318359e-01
-1.042884707450866699e+00
1.882795333862304688e+00
-1.947855472564697266e+00
1.904889941215515137e-01
-1.575718969106674194e-01
4.782226979732513428e-01
1.781247377395629883e+00
-2.271943539381027222e-01
1.664009928703308105e+00
7.997797727584838867e-01
1.639820456504821777e+00
8.434392511844635010e-02
2.292806506156921387e-01
-9.235239704139530659e-04
-2.191186249256134033e-01
-7.402232289314270020e-01
6.925181746482849121e-01
1.539555788040161133e+00
-1.267939567565917969e+00
6.234729290008544922e-01
-7.625282406806945801e-01
-1.945647239685058594e+00
1.172353625297546387e+00
-1.533833384513854980e+00
1.040364265441894531e+00
5.295097231864929199e-01
5.557719469070434570e-01
7.021747827529907227e-01
-6.355648040771484375e-01
9.653822779655456543e-01
1.950177103281021118e-01
-1.641124725341796875e+00
5.438998714089393616e-02
-1.994515061378479004e+00
1.397206544876098633e+00
-1.590239644050598145e+00
-1.079587817192077637e+00
3.192824602127075195e+00
-1.104244232177734375e+00
1.946268558502197266e+00
-9.071995019912719727e-01
-3.141905367374420166e-01
-2.927507460117340088e-01
-4.008356034755706787e-01
-1.038729548454284668e+00
-3.058331273496150970e-02
1.369260191917419434e+00
5.718858242034912109e-01
-9.926509857177734375e-01
1.235761493444442749e-01
-7.576533555984497070e-01
2.433455735445022583e-01
-7.283118367195129395e-01
2.160746604204177856e-01
-5.613281726837158203e-01
-1.152794286608695984e-01
1.483170092105865479e-01
-7.468572258949279785e-01
-1.842044711112976074e+00
-5.679594352841377258e-02
-3.355461359024047852e-01
5.285964608192443848e-01
1.746739596128463745e-01
-4.523422718048095703e-01
-8.514238893985748291e-02
-1.519885301589965820e+00
-2.374336123466491699e-01
4.061006307601928711e-01
1.395874381065368652e+00
8.896509408950805664e-01
-5.477079153060913086e-01
1.125395774841308594e+00
-1.793026328086853027e-01
2.771118164062500000e+00
2.790174186229705811e-01
3.319277763366699219e-01
2.504342496395111084e-01
8.880132436752319336e-01
-1.176870584487915039e+00
5.823474526405334473e-01
-6.656059622764587402e-01
-2.007526904344558716e-01
-6.175782084465026855e-01
3.662428557872772217e-01
-7.969679832458496094e-01
-1.051775366067886353e-01
5.158469080924987793e-01
-2.402063608169555664e-01
-5.126176029443740845e-02
-3.044808208942413330e-01
1.103454589843750000e+00
6.559870243072509766e-01
1.251878440380096436e-01
-1.165572404861450195e+00
4.186750352382659912e-01
9.022676944732666016e-01
-7.731209993362426758e-01
-5.657351613044738770e-01
-1.902867108583450317e-01
-4.922608435153961182e-01
9.761158227920532227e-01
1.143527269363403320e+00
-1.799849033355712891e+00
-3.360274732112884521e-01
-1.261873602867126465e+00
-1.046635985374450684e+00
1.159341692924499512e+00
-2.120849370956420898e+00
-1.075157403945922852e+00
2.091802597045898438e+00
5.028551444411277771e-02
1.083525061607360840e+00
1.640441179275512695e+00
-9.514418244361877441e-01
-8.985179662704467773e-01
-9.633746743202209473e-01
-8.199113011360168457e-01
2.976316511631011963e-01
7.339323163032531738e-01
1.409218609333038330e-01
-3.270331382751464844e+00
1.131863951683044434e+00
-1.036624550819396973e+00
-6.210755109786987305e-01
-1.385909557342529297e+00
-1.761040210723876953e+00
1.988420337438583374e-01
7.987475991249084473e-01
-1.855431646108627319e-01
7.777488827705383301e-01
1.179168894886970520e-01
4.738745987415313721e-01
2.167703866958618164e+00
-1.037435293197631836e+00
-1.055667877197265625e+00
1.285947561264038086e+00
2.571711838245391846e-01
4.998278021812438965e-01
4.928016960620880127e-01
-9.005885124206542969e-01
-5.094709247350692749e-02
7.343774437904357910e-01
-1.132897377014160156e+00
9.535560011863708496e-01
4.295092225074768066e-01
-7.409852743148803711e-01
-8.133438825607299805e-01
-5.406630635261535645e-01
-1.253208279609680176e+00
6.742679327726364136e-02
-1.272594034671783447e-01
-2.062340527772903442e-01
1.083741307258605957e+00
-5.399534106254577637e-01
-3.849960565567016602e-01
9.878238290548324585e-02
-1.141492605209350586e+00
1.687503576278686523e+00
-6.888317465782165527e-01
3.780524134635925293e-01
-8.878969550132751465e-01
9.191154241561889648e-01
4.377073645591735840e-01
1.802950739860534668e+00
1.342263460159301758e+00
8.734816908836364746e-01
4.002623558044433594e-01
1.290462970733642578e+00
-2.254014760255813599e-01
-9.900707006454467773e-01
-3.876107931137084961e-01
-3.592131435871124268e-01
2.962783575057983398e-01
-2.079884260892868042e-01
-2.229065634310245514e-02
7.666062116622924805e-01
1.219805598258972168e+00
1.180629968643188477e+00
-3.459225296974182129e-01
-2.056810379028320312e+00
4.759621024131774902e-01
-4.161481857299804688e-01
1.092345952987670898e+00
-4.548800289630889893e-01
-8.129656910896301270e-01
-3.067244052886962891e+00
-1.605898439884185791e-01
-1.374574899673461914e+00
-1.269598603248596191e+00
-1.722133904695510864e-01
9.038348793983459473e-01
-8.821072578430175781e-01
-5.309306979179382324e-01
-2.641642093658447266e-01
1.073338031768798828e+00
8.928937315940856934e-01
6.430473923683166504e-01
1.926729232072830200e-01
1.991217434406280518e-01
8.952428698539733887e-01
-6.264014244079589844e-01
1.193452239036560059e+00
-4.379862844944000244e-01
-1.245059967041015625e+00
-2.543347775936126709e-01
-4.207128286361694336e-01
5.404709577560424805e-01
-4.989676773548126221e-01
1.779255747795104980e+00
-1.139200806617736816e+00
1.359399557113647461e+00
2.705506086349487305e-01
-3.065071105957031250e-01
5.576647520065307617e-01
5.135271325707435608e-02
-4.138543307781219482e-01
-3.243255317211151123e-01
1.458578228950500488e+00
-9.992906451225280762e-01
-5.752526521682739258e-01
1.385632276535034180e+00
-1.757911443710327148e+00
2.579555511474609375e+00
-2.262243777513504028e-01
-2.085496664047241211e+00
-7.270874381065368652e-01
-6.839644908905029297e-01
1.142234563827514648e+00
2.863661050796508789e-01
-1.277293443679809570e+00
-2.332355737686157227e+00
1.745490282773971558e-01
-2.408987879753112793e-01
1.798416674137115479e-01
-9.017658978700637817e-02
-7.759855389595031738e-01
-1.579313278198242188e+00
-9.653508067131042480e-01
-5.868479609489440918e-01
-5.305510759353637695e-01
-5.187730789184570312e-01
-9.381668567657470703e-01
-2.553936839103698730e-01
1.047987461090087891e+00
3.789405524730682373e-01
-1.801128864288330078e+00
1.584580183029174805e+00
-1.100613117218017578e+00
-1.847836375236511230e-01
1.526912927627563477e+00
-2.172217518091201782e-01
1.162071108818054199e+00
1.245463132858276367e+00
6.832710504531860352e-01
3.314475715160369873e-01
-1.223800539970397949e+00
-3.917703330516815186e-01
3.998822867870330811e-01
4.877633750438690186e-01
-3.324300944805145264e-01
1.863090693950653076e-01
-1.871544957160949707e+00
-4.965097829699516296e-02
7.067229151725769043e-01
-7.878716588020324707e-01
-2.643621563911437988e-01
1.956797361373901367e+00
8.563525080680847168e-01
3.317278027534484863e-01
2.486066073179244995e-01
-6.948527097702026367e-01
-6.020333766937255859e-01
1.629532575607299805e+00
-1.432910561561584473e+00
1.889044284820556641e+00
5.624381303787231445e-01
-8.129750490188598633e-01
1.666536331176757812e+00
5.901145935058593750e-02
2.512882947921752930e-01
2.429445832967758179e-01
2.340352535247802734e-01
6.260133385658264160e-01
-1.270667314529418945e+00
-2.643937766551971436e-01
2.562943100929260254e-01
-3.785444498062133789e-01
-1.506297588348388672e-01
-8.507404327392578125e-01
1.114990830421447754e+00
-1.202054098248481750e-01
4.665188789367675781e-01
-5.232918262481689453e-01
-4.970932602882385254e-01
6.371688097715377808e-02
1.220468521118164062e+00
4.525811076164245605e-01
-4.871466755867004395e-01
2.080081701278686523e-01
-3.004721999168395996e-01
-1.915654987096786499e-01
-8.240103721618652344e-03
-1.256560444831848145e+00
-7.584602832794189453e-01
-2.601476572453975677e-02
-4.212554991245269775e-01
1.156659603118896484e+00
1.343795776367187500e+00
7.178910374641418457e-01
-1.455077975988388062e-01
1.741632670164108276e-01
-9.896467924118041992e-01
1.742033958435058594e+00
1.230963230133056641e+00
-6.876218914985656738e-01
4.720340669155120850e-02
-5.171322226524353027e-01
8.804413676261901855e-02
-1.362578123807907104e-01
-3.809490799903869629e-01
-7.729166150093078613e-01
2.138623476028442383e+00
-1.625440567731857300e-01
1.555788278579711914e+00
7.534754276275634766e-01
4.022016655653715134e-03
6.984981894493103027e-01
-9.896043539047241211e-01
1.218807458877563477e+00
2.215814441442489624e-01
-4.555024206638336182e-02
-1.647488474845886230e+00
-5.618857964873313904e-02
-8.362348079681396484e-01
4.884050786495208740e-01
-1.429545998573303223e+00
4.448434412479400635e-01
-3.206219375133514404e-01
-3.698790073394775391e-01
-2.388921082019805908e-01
-2.916206791996955872e-02
-1.164359688758850098e+00
1.066558957099914551e-01
3.233075737953186035e-01
8.567631840705871582e-01
1.548345804214477539e+00
8.133267164230346680e-01
1.225763037800788879e-01
-4.291737377643585205e-01
-1.592164158821105957e+00
8.988943696022033691e-01
1.241780400276184082e+00
3.125572800636291504e-01
1.392024159431457520e+00
-2.287439823150634766e+00
5.289456844329833984e-01
4.535357654094696045e-02
1.574657708406448364e-01
-1.243390917778015137e+00
-6.862569451332092285e-01
1.803467392921447754e+00
-6.419936418533325195e-01
1.281641483306884766e+00
3.128012716770172119e-01
-1.007345676422119141e+00
-5.942083001136779785e-01
-9.157650917768478394e-02
-7.772713303565979004e-01
-1.760448515415191650e-01
-1.683900833129882812e+00
2.284795522689819336e+00
9.142908453941345215e-01
-3.181574344635009766e-01
-8.659209012985229492e-01
3.653684854507446289e-01
1.119311571121215820e+00
-4.166997596621513367e-02
-3.342391848564147949e-01
-3.502580225467681885e-01
6.352249383926391602e-01
9.715977907180786133e-01
-3.200576007366180420e-01
-5.507788658142089844e-01
8.112156987190246582e-01
1.335868835449218750e+00
2.313051968812942505e-01
1.255794405937194824e+00
5.702172517776489258e-01
1.557086110115051270e+00
6.292018890380859375e-01
-1.370877861976623535e+00
-1.128657102584838867e+00
1.394405215978622437e-01
1.317006468772888184e+00
-1.679538637399673462e-01
-1.041102409362792969e-01
-2.378756761550903320e+00
-1.027255535125732422e+00
-7.560907006263732910e-01
-3.399437293410301208e-02
3.606925904750823975e-01
-4.253686964511871338e-01
-1.630297660827636719e+00
-1.238782182335853577e-01
-7.930497825145721436e-02
-1.274378538131713867e+00
-3.181138932704925537e-01
-1.392101943492889404e-01
2.676967620849609375e+00
2.247317135334014893e-01
-1.666995584964752197e-01
-1.533984541893005371e+00
-1.172900557518005371e+00
-1.087235927581787109e+00
7.135889530181884766e-01
1.958833634853363037e-01
-1.023331046104431152e+00
-1.763215065002441406e+00
-8.299425840377807617e-01
1.611323058605194092e-01
-8.243308961391448975e-02
7.282446622848510742e-01
1.479231715202331543e+00
-2.783380746841430664e-01
-4.585809409618377686e-01
-9.986819028854370117e-01
7.300522327423095703e-01
7.856041789054870605e-01
9.002479314804077148e-01
2.321597486734390259e-01
-1.720043569803237915e-01
2.509567737579345703e-01
-6.271679997444152832e-01
-7.411834001541137695e-01
6.843127608299255371e-01
-1.637872099876403809e+00
3.445700183510780334e-02
-1.388416346162557602e-02
4.523269534111022949e-01
-8.146734237670898438e-01
-3.152812719345092773e-01
2.173754930496215820e+00
4.957682192325592041e-01
1.089143007993698120e-02
1.690038800239562988e+00
-8.958116173744201660e-01
-2.088481187820434570e-01
4.685018658638000488e-01
-4.373956620693206787e-01
-1.260872721672058105e+00
4.026820063591003418e-01
1.642853498458862305e+00
-5.843620896339416504e-01
9.013297967612743378e-03
3.650636970996856689e-01
7.056158781051635742e-01
7.843295335769653320e-01
2.832330763339996338e-01
-6.574541926383972168e-01
9.001243710517883301e-01
2.834757804870605469e+00
-4.223500788211822510e-01
4.317188560962677002e-01
7.673701047897338867e-01
6.691383719444274902e-01
-1.669367313385009766e+00
9.024987220764160156e-01
-3.819040954113006592e-02
-4.811500906944274902e-01
2.292633652687072754e-01
-6.111429929733276367e-01
4.155621528625488281e-01
1.206069946289062500e+00
-1.453226089477539062e+00
8.204962015151977539e-01
-6.631792187690734863e-01
-2.650246396660804749e-02
-2.196952342987060547e+00
1.446002125740051270e-01
1.595921277999877930e+00
-8.062967658042907715e-01
-3.188065767288208008e+00
3.868829011917114258e-01
5.027639269828796387e-01
-9.209144115447998047e-01
-1.285579949617385864e-01
-7.585899531841278076e-02
7.065623402595520020e-01
1.182155534625053406e-01
2.409577369689941406e-01
1.734784394502639771e-01
-1.957191852852702141e-03
-1.150983214378356934e+00
4.118632376194000244e-01
1.693005442619323730e+00
1.641547679901123047e+00
-2.312228381633758545e-01
8.466595411300659180e-01
-1.545461535453796387e+00
-1.240409538149833679e-01
-1.567558050155639648e-01
3.695459365844726562e-01
1.643545776605606079e-01
2.426574975252151489e-01
-1.085695028305053711e+00
-4.124501943588256836e-01
9.183295965194702148e-01
-6.432893276214599609e-01
1.061438322067260742e+00
6.019847989082336426e-01
-2.519430816173553467e-01
2.342785336077213287e-02
2.577490508556365967e-01
5.978804230690002441e-01
7.901852130889892578e-01
8.991537094116210938e-01
9.297954440116882324e-01
1.065343260765075684e+00
4.449560642242431641e-01
2.530806660652160645e-01
3.924632668495178223e-01
-1.647902727127075195e-01
-6.430395841598510742e-01
-3.238173723220825195e-01
-5.677425861358642578e-01
6.851701140403747559e-01
1.623261332511901855e+00
-3.747234866023063660e-02
-6.440506875514984131e-02
6.061564683914184570e-01
4.980545938014984131e-01
-1.662886738777160645e+00
5.377987027168273926e-01
-3.332213163375854492e-01
-3.331014811992645264e-01
-1.190673708915710449e-01
6.148225069046020508e-01
-4.187636673450469971e-01
1.610305905342102051e+00
5.475946664810180664e-01
6.830071806907653809e-01
-2.332242671400308609e-03
1.108239769935607910e+00
-2.809468209743499756e-01
7.090136874467134476e-03
1.242369692772626877e-02
-1.037599682807922363e+00
1.012423157691955566e+00
8.117901086807250977e-01
5.098004937171936035e-01
-1.442150622606277466e-01
7.043498158454895020e-01
3.110162615776062012e-01
-7.528243064880371094e-01
1.602505564689636230e+00
-8.201096057891845703e-01
6.128304004669189453e-01
-4.642082452774047852e-01
-9.396542310714721680e-01
1.391743898391723633e+00
-9.057136178016662598e-01
3.588211908936500549e-02
-3.526490032672882080e-01
9.334852099418640137e-01
2.113093286752700806e-01
-1.537877440452575684e+00
1.022733330726623535e+00
-3.917696774005889893e-01
5.718764066696166992e-01
1.948398709297180176e+00
-1.228908538818359375e+00
-9.398534297943115234e-01
-4.967970028519630432e-02
3.576267510652542114e-02
1.036825656890869141e+00
-1.369442343711853027e-01
-6.929077506065368652e-01
6.256552934646606445e-01
-1.159277796745300293e+00
-5.594602227210998535e-01
1.923484086990356445e+00
3.371833860874176025e-01
-1.660409271717071533e-01
1.187557950615882874e-01
-4.695630967617034912e-01
-8.055923581123352051e-01
-1.067582607269287109e+00
1.851638078689575195e+00
1.145717799663543701e-01
-3.001620471477508545e-01
-1.176308393478393555e+00
-5.009949207305908203e-01
9.349579215049743652e-01
1.133825182914733887e+00
-9.965894222259521484e-01
2.024103701114654541e-01
1.007080793380737305e+00
-4.045383036136627197e-01
8.522970080375671387e-01
-7.568487524986267090e-01
3.283469378948211670e-01
7.891918420791625977e-01
-1.823333382606506348e+00
1.717204451560974121e+00
-4.100139141082763672e-01
4.714455455541610718e-02
1.288345694541931152e+00
2.353774607181549072e-01
9.585282206535339355e-02
-1.075882673263549805e+00
2.851337008178234100e-02
3.260811567306518555e-01
-1.283883213996887207e+00
-6.743608713150024414e-01
1.428591012954711914e+00
5.334259271621704102e-01
-6.900084018707275391e-01
1.390392184257507324e+00
-1.362240791320800781e+00
-2.893754839897155762e-01
8.663601875305175781e-01
-3.960901498794555664e-01
8.778355717658996582e-01
-3.457757532596588135e-01
-1.375592350959777832e-01
1.385457992553710938e+00
6.458603739738464355e-01
-4.870263934135437012e-01
2.087388277053833008e+00
9.779736399650573730e-01
1.332628726959228516e+00
1.440960884094238281e+00
-3.182247579097747803e-01
5.765271782875061035e-01
-2.465839624404907227e+00
8.861913681030273438e-01
-3.703289330005645752e-01
5.068290233612060547e-01
4.485147595405578613e-01
2.925146818161010742e-01
-1.089058279991149902e+00
1.674521803855895996e+00
1.457555651664733887e+00
-1.698384881019592285e+00
-1.431588977575302124e-01
1.104833006858825684e+00
5.725896954536437988e-01
6.233525872230529785e-01
5.231944322586059570e-01
1.258230805397033691e+00
-1.570065021514892578e+00
-1.899614781141281128e-01
2.479751259088516235e-01
-1.148940563201904297e+00
-3.450218737125396729e-01
-4.757784605026245117e-01
6.827127933502197266e-01
2.584718167781829834e-01
-2.570835947990417480e-01
-5.221019387245178223e-01
-1.913910269737243652e+00
-1.881142735481262207e+00
-3.117336332798004150e-01
5.639672875404357910e-01
-2.648994922637939453e-01
7.401695847511291504e-02
1.576436907052993774e-01
1.759027361869812012e+00
-1.263410896062850952e-01
1.065422818064689636e-01
1.624317646026611328e+00
-1.799874782562255859e+00
-7.469078898429870605e-01
-1.204934358596801758e+00
-4.340122640132904053e-01
-7.769792079925537109e-01
-1.953620195388793945e+00
-4.558887183666229248e-01
3.880887627601623535e-01
2.907819747924804688e-01
8.086999654769897461e-01
-6.646855473518371582e-01
3.473209738731384277e-01
2.646165490150451660e-01
2.525143384933471680e+00
-8.192694783210754395e-01
-2.150499105453491211e+00
-5.120714902877807617e-01
-4.535425305366516113e-01
-9.533550143241882324e-01
7.223390936851501465e-01
2.308650910854339600e-01
-1.256425529718399048e-01
1.658537983894348145e+00
1.836680293083190918e+00
-2.956753224134445190e-02
8.418911695480346680e-01
-2.051267623901367188e+00
-1.281145095825195312e+00
1.629418134689331055e-02
-1.605301618576049805e+00
2.083059102296829224e-01
7.737045288085937500e-01
1.553053140640258789e+00
-9.254996776580810547e-01
-1.740461111068725586e+00
1.109822273254394531e+00
1.007738351821899414e+00
-8.117802143096923828e-01
-5.446312427520751953e-01
1.317977070808410645e+00
-4.846198260784149170e-01
-3.885321021080017090e-01
4.478226900100708008e-01
-1.314050078392028809e+00
-9.724490046501159668e-01
8.875943720340728760e-02
2.580138146877288818e-01
2.086213827133178711e+00
1.209673658013343811e-02
1.732272356748580933e-01
-1.883582115173339844e+00
2.390408217906951904e-01
-6.375585794448852539e-01
1.529158592224121094e+00
2.260538339614868164e-01
-3.595663011074066162e-01
1.023084759712219238e+00
-7.366848587989807129e-01
7.834794521331787109e-01
-1.371387243270874023e+00
1.350452423095703125e+00
3.232396543025970459e-01
-2.883605360984802246e-01
2.522371113300323486e-01
3.236326277256011963e-01
1.871050596237182617e+00
-8.992843329906463623e-03
1.488718092441558838e-01
3.865754902362823486e-01
4.635658115148544312e-02
4.079889357089996338e-01
2.974737584590911865e-01
-1.871260881423950195e+00
1.981631755828857422e+00
-2.668838500976562500e-01
1.592741727828979492e+00
1.226020336151123047e+00
2.531898319721221924e-01
3.943164944648742676e-01
-1.658515572547912598e+00
1.220680594444274902e+00
-5.699049234390258789e-01
-1.950486779212951660e+00
1.385081887245178223e+00
9.768719971179962158e-02
-3.896316885948181152e-01
-4.589901566505432129e-01
-1.219458460807800293e+00
-1.610015749931335449e+00
-1.997461318969726562e-01
1.321915686130523682e-01
7.359818220138549805e-01
7.315907478332519531e-01
-1.187061071395874023e+00
-1.790568947792053223e+00
9.005043655633926392e-02
1.632675290107727051e+00
3.877108544111251831e-02
1.371971249580383301e+00
7.375896573066711426e-01
1.108682632446289062e+00
9.902597069740295410e-01
5.729312896728515625e-01
1.022197842597961426e+00
4.157512187957763672e-01
-1.296602487564086914e+00
-9.271763563156127930e-01
-5.361633896827697754e-01
7.361065149307250977e-01
-6.335144042968750000e-01
-3.075795173645019531e+00
2.122658729553222656e+00
8.063969612121582031e-01
3.852340281009674072e-01
-7.927885055541992188e-01
1.515714228153228760e-01
-2.905063629150390625e-01
3.174304068088531494e-01
-1.418688893318176270e-01
5.476464033126831055e-01
1.626806616783142090e+00
-3.958586156368255615e-01
