7.212723791599273682e-02
-6.419963240623474121e-01
-3.926118314266204834e-01
5.265763401985168457e-02
4.188913106918334961e-01
1.349669247865676880e-01
7.779944539070129395e-01
-3.047238886356353760e-01
-1.938477039337158203e+00
7.198539376258850098e-01
-4.574957489967346191e-01
3.792490661144256592e-01
-1.549217104911804199e+00
8.955879807472229004e-01
8.917842507362365723e-01
4.706867039203643799e-01
2.546451687812805176e-01
-9.581212997436523438e-01
4.588706493377685547e-01
-1.416842937469482422e+00
-7.743193507194519043e-01
1.710921049118041992e+00
-4.456218481063842773e-01
-5.139319300651550293e-01
-4.181889072060585022e-02
2.499801069498062134e-01
-1.672275513410568237e-01
-8.353428244590759277e-01
-1.962379455566406250e+00
-6.145271658897399902e-01
2.091236829757690430e+00
-4.764786958694458008e-01
-2.703371942043304443e-01
-2.056855708360671997e-01
7.989003658294677734e-01
-1.201813459396362305e+00
3.914251923561096191e-01
-1.186802625656127930e+00
2.045269727706909180e+00
8.226426839828491211e-01
-9.553452134132385254e-01
-7.912689447402954102e-01
6.049650907516479492e-01
-3.232591748237609863e-01
8.315916657447814941e-01
1.985907912254333496e+00
2.308553308248519897e-01
-5.703786015510559082e-01
-2.215086460113525391e+00
3.381109237670898438e-01
5.216520279645919800e-03
1.246764779090881348e+00
1.422209262847900391e+00
1.860992908477783203e-01
-4.736688137054443359e-01
2.520485639572143555e+00
-1.271543860435485840e+00
8.098369836807250977e-01
-9.537268280982971191e-01
4.706237912178039551e-01
1.032154679298400879e+00
-1.809214353561401367e+00
1.886733621358871460e-02
7.854235172271728516e-01
2.599267065525054932e-01
2.029429197311401367e+00
4.201350212097167969e-01
4.419668614864349365e-01
1.079841613769531250e+00
1.893215477466583252e-01
-1.297041624784469604e-01
3.359902203083038330e-01
1.076530098915100098e+00
1.892725378274917603e-01
1.084209561347961426e+00
-4.928300380706787109e-01
-7.114470005035400391e-01
-6.983610987663269043e-01
4.035943374037742615e-02
4.386074542999267578e-01
1.092505976557731628e-01
-6.036824584007263184e-01
-1.079298853874206543e+00
-5.637182593345642090e-01
-9.810057878494262695e-01
-4.087565541267395020e-01
3.753047287464141846e-01
1.416731595993041992e+00
2.191741317510604858e-01
-1.549322009086608887e+00
-5.397899150848388672e-01
4.184640944004058838e-01
1.279669165611267090e+00
-1.266067266464233398e+00
-2.127511501312255859e+00
1.723169684410095215e+00
1.918643862009048462e-01
-2.876019477844238281e-01
-6.425176262855529785e-01
2.131921201944351196e-01
8.462836146354675293e-01
-1.888408899307250977e+00
-3.383723258972167969e+00
-5.119601488113403320e-01
1.199519753456115723e+00
-1.221850991249084473e+00
-8.310207724571228027e-01
-1.084393501281738281e+00
-4.990721940994262695e-01
-3.881547749042510986e-01
2.817157208919525146e-01
-8.765757679939270020e-01
-3.829316794872283936e-01
9.447733163833618164e-01
-1.602344632148742676e+00
8.134051561355590820e-01
-4.428918361663818359e-01
-4.000056982040405273e-01
1.996569037437438965e-01
3.434697985649108887e-01
-1.650775223970413208e-01
-1.056807994842529297e+00
1.231295585632324219e+00
4.175881147384643555e-01
-5.632954835891723633e-01
-2.278749793767929077e-01
1.096827864646911621e+00
-2.518782615661621094e-01
7.641533613204956055e-01
-1.960565149784088135e-01
1.020690426230430603e-01
2.145723819732666016e+00
4.906697198748588562e-02
-3.298971176147460938e+00
6.161091923713684082e-01
9.757226109504699707e-01
-4.843373894691467285e-01
5.856155157089233398e-01
9.797531962394714355e-01
-1.356287002563476562e+00
-8.987739086151123047e-01
1.800819039344787598e+00
-4.762175083160400391e-01
-1.363270759582519531e+00
5.880546569824218750e-01
1.176840588450431824e-01
-1.642056226730346680e+00
9.985494017601013184e-01
-2.967593073844909668e-01
-6.668345332145690918e-01
5.359468460083007812e-01
-1.176996588706970215e+00
-9.947781562805175781e-01
1.707690238952636719e+00
5.975654125213623047e-01
1.138242363929748535e+00
1.219513058662414551e+00
8.163256645202636719e-01
-4.827746450901031494e-01
6.778416633605957031e-01
-1.284927606582641602e+00
-2.449465841054916382e-01
1.178390622138977051e+00
7.229886651039123535e-01
-1.010883331298828125e+00
-1.323859453201293945e+00
-3.738469481468200684e-01
-8.733640313148498535e-01
-1.286184430122375488e+00
-9.817332625389099121e-01
2.123388290405273438e+00
-9.174366295337677002e-02
1.816587924957275391e+00
2.373920679092407227e+00
1.133947134017944336e+00
-2.083756178617477417e-01
1.573197484016418457e+00
2.002211570739746094e+00
3.719988465309143066e-01
-1.793344855308532715e+00
-4.413626790046691895e-01
-1.437074184417724609e+00
2.348460406064987183e-01
1.205011680722236633e-01
-1.067984461784362793e+00
-1.156479120254516602e+00
-2.854551672935485840e-01
1.234210252761840820e+00
-8.551968336105346680e-01
3.859152495861053467e-01
9.522175788879394531e-02
1.384835124015808105e+00
-4.301043599843978882e-02
-3.182366490364074707e-01
-2.618056535720825195e-01
1.115166544914245605e+00
-7.247264981269836426e-01
-1.160479784011840820e+00
2.563809752464294434e-01
1.560770422220230103e-01
-7.676135301589965820e-01
2.095359325408935547e+00
-1.325700730085372925e-01
8.625397682189941406e-01
1.455031991004943848e+00
9.461231231689453125e-01
-1.515930891036987305e-01
-5.775012373924255371e-01
6.710812449455261230e-01
-3.929967284202575684e-01
-1.269173622131347656e-01
-1.371542096138000488e+00
-1.479954123497009277e-01
-1.183271408081054688e+00
1.601638913154602051e+00
-2.997085750102996826e-01
4.000726342201232910e-01
-7.774422168731689453e-01
-1.164472699165344238e+00
1.250625252723693848e+00
-1.259530305862426758e+00
-6.981989145278930664e-01
4.220122098922729492e-01
1.229132175445556641e+00
4.473457038402557373e-01
6.372263431549072266e-01
-1.353328824043273926e+00
-6.351026147603988647e-02
7.873281836509704590e-01
-4.662651121616363525e-01
9.156035184860229492e-01
-1.881047636270523071e-01
-4.222877025604248047e-01
-5.052179694175720215e-01
8.039344549179077148e-01
2.408240139484405518e-01
-1.694514870643615723e+00
1.800965189933776855e+00
-1.123861670494079590e+00
7.523959279060363770e-01
-1.128250360488891602e+00
2.575452566146850586e+00
-2.098892688751220703e+00
-1.936471939086914062e+00
-1.477430224418640137e+00
-5.500590205192565918e-01
3.232088312506675720e-02
-8.229640722274780273e-01
1.751587092876434326e-01
-1.773914933204650879e+00
-1.717455029487609863e+00
5.161448121070861816e-01
2.242016077041625977e+00
-1.309583663940429688e+00
-1.059417147189378738e-02
1.751149058341979980e+00
-3.327040672302246094e-01
6.588390469551086426e-01
6.229316592216491699e-01
-1.321625947952270508e+00
-2.223022133111953735e-01
-5.224479436874389648e-01
1.113487720489501953e+00
-2.353470176458358765e-01
-3.705539405345916748e-01
-5.076050758361816406e-03
3.757184147834777832e-01
-2.906962931156158447e-01
-2.125496268272399902e-01
-7.120776772499084473e-01
-7.175932526588439941e-01
3.955126553773880005e-02
-8.136814236640930176e-01
-4.868464767932891846e-01
-8.654454350471496582e-01
2.164669275283813477e+00
-1.187045574188232422e+00
7.398102879524230957e-01
-3.360956907272338867e-01
6.878411769866943359e-01
-8.256837725639343262e-01
5.791921019554138184e-01
-1.219296813011169434e+00
1.013720750808715820e+00
5.180648565292358398e-01
-1.421988964080810547e+00
-2.334316819906234741e-01
5.091142654418945312e-02
-4.560668766498565674e-01
-5.988397598266601562e-01
1.775454282760620117e+00
8.179084658622741699e-01
1.213191866874694824e+00
7.328324913978576660e-01
1.942899107933044434e+00
-5.257839560508728027e-01
9.395639300346374512e-01
8.134350180625915527e-01
6.649821400642395020e-01
1.306358695030212402e+00
-5.409847497940063477e-01
-7.348932623863220215e-01
4.602007567882537842e-02
2.147038280963897705e-01
-3.446437120437622070e-01
-1.028133511543273926e+00
1.913342237472534180e+00
-1.403061389923095703e+00
-1.438874721527099609e+00
-1.351536154747009277e+00
2.436665743589401245e-01
8.014934659004211426e-01
7.567290663719177246e-01
-7.727216482162475586e-01
4.655994772911071777e-01
-1.176373720169067383e+00
-3.691393136978149414e-01
1.358207345008850098e+00
-2.172830820083618164e+00
-2.212887406349182129e-01
-1.223727315664291382e-01
-6.496156454086303711e-01
-1.100243330001831055e+00
-2.042006731033325195e+00
8.888896554708480835e-02
-1.573782116174697876e-01
-1.037229418754577637e+00
4.154575467109680176e-01
-1.668763279914855957e+00
-6.304043531417846680e-01
1.498635888099670410e+00
1.284093737602233887e+00
-2.871297895908355713e-01
-1.194278970360755920e-01
4.763283729553222656e-01
-9.050956964492797852e-01
-8.694086670875549316e-01
-1.715284228324890137e+00
2.113987132906913757e-02
-9.356412887573242188e-01
-1.430785179138183594e+00
-2.805259823799133301e-02
-1.551625579595565796e-01
1.091790571808815002e-01
-6.539070010185241699e-01
-9.687855243682861328e-01
2.424141019582748413e-01
-8.170087337493896484e-01
-6.241484545171260834e-03
4.154756665229797363e-01
1.807955861091613770e+00
1.205059289932250977e+00
-8.740932345390319824e-01
-3.241208076477050781e+00
-4.579485654830932617e-01
-2.017644643783569336e-01
-2.080136060714721680e+00
6.407606005668640137e-01
-5.363688245415687561e-02
1.868631392717361450e-01
6.166722178459167480e-01
2.321176230907440186e-01
2.120839655399322510e-01
1.052250504493713379e+00
1.880233585834503174e-01
-7.278401851654052734e-01
6.064209342002868652e-01
-5.112787485122680664e-01
-3.058326542377471924e-01
5.264460444450378418e-01
1.414846181869506836e-01
-3.271724879741668701e-01
-1.172418355941772461e+00
-5.974635481834411621e-01
-5.646109580993652344e-01
1.044243454933166504e+00
1.871165275573730469e+00
1.434090971946716309e+00
1.911855936050415039e+00
-4.199014306068420410e-01
-1.052907466888427734e+00
-1.837165951728820801e-01
1.712090730667114258e+00
-1.972905546426773071e-02
-4.461235105991363525e-01
-1.095734357833862305e+00
1.106603384017944336e+00
4.542593955993652344e-01
-1.779286146163940430e+00
-4.636683166027069092e-01
-2.222552299499511719e+00
5.730770993977785110e-03
1.433039307594299316e+00
7.604531645774841309e-01
1.962497949600219727e+00
-4.961282014846801758e-01
1.413626670837402344e+00
1.405427932739257812e+00
-8.274559974670410156e-01
-6.062366813421249390e-02
-3.751345574855804443e-01
-5.396910309791564941e-01
-1.625451296567916870e-01
1.071899294853210449e+00
-1.482885479927062988e-01
-1.231474161148071289e+00
6.112627387046813965e-01
2.832346223294734955e-02
-9.419636726379394531e-01
-2.034292966127395630e-01
-1.573089718818664551e+00
6.662008911371231079e-02
-1.677828192710876465e+00
-1.626252681016921997e-01
-1.490154623985290527e+00
1.716849356889724731e-01
-2.120734155178070068e-01
-1.848168522119522095e-01
9.583494663238525391e-01
1.007132887840270996e+00
4.245909452438354492e-01
2.472534961998462677e-02
-1.089932844042778015e-01
1.496200442314147949e+00
-1.465988993644714355e+00
-9.774852395057678223e-01
-5.597127079963684082e-01
5.189502835273742676e-01
4.391026794910430908e-01
1.881286352872848511e-01
2.429633587598800659e-01
-8.461365103721618652e-01
1.852284818887710571e-01
-4.212391376495361328e-01
-4.101966619491577148e-01
5.450073480606079102e-01
2.158172130584716797e+00
-2.775449156761169434e-01
2.699029684066772461e+00
-1.085647344589233398e-01
8.049294352531433105e-01
4.766283929347991943e-02
-4.060126245021820068e-01
1.495242267847061157e-01
-1.621813654899597168e+00
-1.368578314781188965e+00
1.609609484672546387e+00
-1.926813960075378418e+00
-2.721037864685058594e-01
4.431203007698059082e-01
-9.343195557594299316e-01
3.401492834091186523e-01
2.038186550140380859e+00
8.469120860099792480e-01
-6.259307861328125000e-01
-8.347165584564208984e-01
-1.523997902870178223e+00
-1.642088294029235840e-01
-1.272081136703491211e+00
1.075236558914184570e+00
-1.399555921554565430e+00
9.322129487991333008e-01
1.038976430892944336e+00
-9.098624587059020996e-01
-9.844197034835815430e-01
4.762994945049285889e-01
1.514998197555541992e+00
1.220278859138488770e+00
3.539703041315078735e-02
-2.544355154037475586e+00
9.664713740348815918e-01
9.821953177452087402e-01
2.713145911693572998e-01
-7.282617688179016113e-01
-3.986663520336151123e-01
-1.394916892051696777e+00
5.169401764869689941e-01
-5.556035041809082031e-01
1.532373189926147461e+00
-7.412049770355224609e-01
-8.180871605873107910e-01
-1.144586324691772461e+00
-6.063668727874755859e-01
-4.944395720958709717e-01
6.509286165237426758e-01
6.991426348686218262e-01
4.326108843088150024e-02
4.127387404441833496e-01
1.607997894287109375e+00
6.639509797096252441e-01
9.097849726676940918e-01
-2.264734059572219849e-01
9.173133969306945801e-01
-2.769661843776702881e-01
1.172239422798156738e+00
1.478914499282836914e+00
-1.730196595191955566e+00
4.015188515186309814e-01
1.870594263076782227e+00
-7.180709242820739746e-01
-1.047828078269958496e+00
-1.004947185516357422e+00
-6.807729601860046387e-01
1.673546195030212402e+00
-2.364611864089965820e+00
6.085314750671386719e-01
2.113170623779296875e+00
9.658024907112121582e-01
2.142098665237426758e+00
2.243202179670333862e-01
-6.437894701957702637e-01
1.493714094161987305e+00
-4.670953750610351562e-01
-6.457477211952209473e-01
2.194713503122329712e-01
-9.494088292121887207e-01
1.340162158012390137e+00
1.608957290649414062e+00
3.620970547199249268e-01
2.168181091547012329e-01
3.016479015350341797e-01
-8.611906170845031738e-01
-5.234258770942687988e-01
-1.399914383888244629e+00
-6.163833737373352051e-01
-1.752391308546066284e-01
6.505982279777526855e-01
4.968976378440856934e-01
-6.880640387535095215e-01
4.739892780780792236e-01
-1.053337454795837402e+00
-1.358304500579833984e+00
-4.154489934444427490e-01
-6.949729919433593750e-01
-4.869928956031799316e-01
-9.217554330825805664e-02
-8.130623102188110352e-01
1.710664331912994385e-01
-1.190104961395263672e+00
1.890439391136169434e-01
-1.474347352981567383e+00
8.639808893203735352e-01
5.909815430641174316e-01
2.039311528205871582e-01
-3.079269230365753174e-01
-3.616280853748321533e-01
-1.154270291328430176e+00
1.370393395423889160e+00
7.714605331420898438e-01
-2.571414411067962646e-01
3.364953994750976562e-01
2.834627330303192139e-01
-5.856621637940406799e-02
1.559553027153015137e+00
9.937655329704284668e-01
-1.577172756195068359e+00
-2.225613355636596680e+00
-1.093828827142715454e-01
5.182402729988098145e-01
8.148564100265502930e-01
2.353097200393676758e-01
2.930482923984527588e-01
-7.718442082405090332e-01
-1.959004163742065430e+00
-2.152116060256958008e+00
-5.309101343154907227e-01
1.199976921081542969e+00
3.483797982335090637e-02
-1.170832104980945587e-02
2.001744985580444336e+00
-6.787816882133483887e-01
-3.608111143112182617e-01
1.725736856460571289e+00
1.535068035125732422e+00
9.254673719406127930e-01
5.393558144569396973e-01
1.186282992362976074e+00
5.453287959098815918e-01
-8.884504437446594238e-01
-5.832108259201049805e-01
-1.042239814996719360e-01
1.309814095497131348e+00
-7.241722941398620605e-01
-1.347144246101379395e+00
9.755260348320007324e-01
-1.735648512840270996e+00
1.926536202430725098e+00
2.073120772838592529e-01
4.018588066101074219e-01
-2.287849187850952148e+00
-5.989200472831726074e-01
1.834865361452102661e-01
-1.028103351593017578e+00
7.128778696060180664e-01
-9.617843478918075562e-02
-2.134070843458175659e-01
-1.525763869285583496e-01
-1.704895615577697754e+00
9.509880542755126953e-01
-1.920899510383605957e+00
-1.739244721829891205e-02
8.694968223571777344e-01
-5.315582752227783203e-01
-7.998096942901611328e-01
-1.441665172576904297e+00
2.417091280221939087e-02
4.121372997760772705e-01
-5.514003038406372070e-01
6.918618083000183105e-01
2.908480167388916016e-01
-9.778596758842468262e-01
-4.834644496440887451e-01
2.731664419174194336e+00
-3.814794123172760010e-01
7.721900939941406250e-01
-1.861048340797424316e-01
-3.038236856460571289e+00
-8.664451241493225098e-01
-6.866750121116638184e-01
-1.096487045288085938e+00
-4.308786392211914062e-01
2.305169850587844849e-01
-7.812395691871643066e-01
3.700469434261322021e-02
4.346557557582855225e-01
-5.206450223922729492e-01
-5.982701480388641357e-02
1.541954278945922852e+00
-1.389501571655273438e+00
-1.817130744457244873e-01
-6.098308563232421875e-01
3.023592233657836914e+00
1.721027255058288574e+00
5.473964810371398926e-01
-1.162058711051940918e+00
-9.509484171867370605e-01
1.689622879028320312e+00
-2.195479869842529297e+00
-8.165546059608459473e-01
-1.186232209205627441e+00
5.412977933883666992e-01
-1.104651212692260742e+00
-1.270817756652832031e+00
1.087153792381286621e+00
1.717952847480773926e+00
4.123708903789520264e-01
1.688399910926818848e+00
1.881280541419982910e+00
2.051332235336303711e+00
1.815500736236572266e+00
2.942321598529815674e-01
2.937783300876617432e-01
2.051769256591796875e+00
-1.635982394218444824e+00
1.712962150573730469e+00
7.310616374015808105e-01
-9.546061158180236816e-01
-1.103270649909973145e+00
-7.086782455444335938e-01
3.196007013320922852e-01
2.053870260715484619e-01
-5.800251960754394531e-01
-1.488021373748779297e+00
1.143097400665283203e+00
1.810044050216674805e+00
8.120455741882324219e-01
-9.695079922676086426e-01
-3.988995850086212158e-01
-1.585034847259521484e+00
2.404159307479858398e-02
4.535435512661933899e-02
-9.785843491554260254e-01
4.699029922485351562e-01
-6.284759044647216797e-01
-1.391144394874572754e+00
1.530754715204238892e-01
1.011584877967834473e+00
-2.020326614379882812e+00
-1.390074342489242554e-01
1.115934252738952637e+00
-1.317637681961059570e+00
4.919907748699188232e-01
5.514897704124450684e-01
-1.718804121017456055e+00
6.516306400299072266e-01
1.606396794319152832e+00
1.000147819519042969e+00
-8.417290449142456055e-01
3.520428836345672607e-01
-1.184784695506095886e-01
-1.319548010826110840e+00
-4.994210302829742432e-01
-1.092426538467407227e+00
5.754306912422180176e-01
1.220976352691650391e+00
-5.897647142410278320e-01
6.697160005569458008e-01
1.277711749076843262e+00
-2.151314169168472290e-01
-1.494174242019653320e+00
1.403102040290832520e+00
2.011328935623168945e+00
5.374594330787658691e-01
1.222290039062500000e+00
-5.581125020980834961e-01
7.273520827293395996e-01
-7.100061178207397461e-01
-9.514968395233154297e-01
1.331432461738586426e+00
-9.674210846424102783e-02
1.274747848510742188e+00
-2.337192147970199585e-01
1.602730602025985718e-01
1.133485078811645508e+00
-2.179937362670898438e+00
3.363589346408843994e-01
1.264817953109741211e+00
2.703754425048828125e+00
-8.914846181869506836e-01
-3.246018588542938232e-01
-2.679627656936645508e+00
1.304545998573303223e+00
-2.256762266159057617e+00
3.167114853858947754e-01
5.395657420158386230e-01
-4.555741250514984131e-01
-3.930891156196594238e-01
1.244527816772460938e+00
3.127530515193939209e-01
4.744550883769989014e-01
2.846687793731689453e+00
-3.632768094539642334e-01
2.126729011535644531e+00
-1.438834369182586670e-01
9.102445840835571289e-01
-8.336409330368041992e-01
-2.770700156688690186e-01
1.466362476348876953e+00
-8.964172601699829102e-01
1.124492287635803223e+00
-9.868775606155395508e-01
-9.966106414794921875e-01
-1.004958868026733398e+00
-2.320605069398880005e-01
1.229155302047729492e+00
6.130186375230550766e-03
7.940273880958557129e-01
-3.768718838691711426e-01
-1.559219837188720703e+00
-1.827959656715393066e+00
8.547699451446533203e-01
6.329268813133239746e-01
-1.044808268547058105e+00
7.826430797576904297e-01
-1.399333178997039795e-01
1.111635416746139526e-01
8.486474156379699707e-01
-2.205328643321990967e-01
-3.451048433780670166e-01
1.949383020401000977e+00
2.914534807205200195e-01
-1.123099923133850098e+00
-9.763056635856628418e-01
2.179729938507080078e-01
1.193295598030090332e+00
7.714865803718566895e-01
-2.347244322299957275e-01
-3.958731144666671753e-02
-1.479521036148071289e+00
-1.653608441352844238e+00
-2.449788898229598999e-01
-1.064125537872314453e+00
9.808650612831115723e-01
-2.018944263458251953e+00
-5.356515645980834961e-01
-5.372785329818725586e-01
1.180259108543395996e+00
-1.755786061286926270e+00
6.900777220726013184e-01
-5.620986223220825195e-01
3.471391201019287109e-01
-2.943956255912780762e-01
-1.880591958761215210e-01
6.784577965736389160e-01
-1.075188398361206055e+00
1.370326638221740723e+00
-1.103655457496643066e+00
1.659795880317687988e+00
3.514099121093750000e-01
2.000555276870727539e+00
-7.393811941146850586e-01
9.212959408760070801e-01
2.311605453491210938e+00
7.876427471637725830e-02
3.257516920566558838e-01
1.077958106994628906e+00
4.583966732025146484e-01
-2.385041713714599609e+00
9.712998569011688232e-02
1.338307619094848633e+00
