8.579044938087463379e-01
4.644172489643096924e-01
-1.682446718215942383e+00
-6.241945624351501465e-01
7.723315358161926270e-01
-7.710274457931518555e-01
9.310889244079589844e-01
-2.691598236560821533e-01
-2.014966309070587158e-01
4.775811433792114258e-01
9.733716249465942383e-01
-3.292309045791625977e-01
1.205086827278137207e+00
6.840671598911285400e-02
4.799444079399108887e-01
5.386112332344055176e-01
-4.342877268791198730e-01
2.926070243120193481e-02
4.202491417527198792e-02
4.664146006107330322e-01
6.716309189796447754e-01
1.716004610061645508e+00
6.251515746116638184e-01
1.013370990753173828e+00
5.943967700004577637e-01
5.178031921386718750e-01
-1.810458749532699585e-01
4.434376657009124756e-01
-1.135954380035400391e+00
-1.500069618225097656e+00
-4.127404987812042236e-01
9.961386770009994507e-02
1.894786834716796875e+00
2.048526763916015625e+00
-6.940211057662963867e-01
1.208894610404968262e+00
-4.838113486766815186e-01
-1.489743471145629883e+00
-2.537242136895656586e-02
9.831271767616271973e-01
-4.139275252819061279e-01
1.507310986518859863e+00
6.114735603332519531e-01
-5.181088447570800781e-01
1.004277586936950684e+00
2.321449071168899536e-01
3.587634563446044922e-01
-4.765641987323760986e-01
-1.787519603967666626e-01
1.324637174606323242e+00
7.631416320800781250e-01
1.228818535804748535e+00
-1.313356757164001465e-01
6.035677194595336914e-01
-6.860126256942749023e-01
1.946509718894958496e+00
1.809169203042984009e-01
-9.940754771232604980e-01
-9.268447160720825195e-01
-2.738811373710632324e-01
1.854926705360412598e+00
1.622904539108276367e-01
-4.959784746170043945e-01
-4.393282532691955566e-01
-3.208835124969482422e-01
1.400533795356750488e+00
-9.899725914001464844e-01
-1.816361904144287109e+00
-1.419192194938659668e+00
2.921458482742309570e-01
-1.083033561706542969e+00
2.063943386077880859e+00
-1.818437874317169189e-01
-1.344993472099304199e+00
8.440354466438293457e-01
-5.092451572418212891e-01
-7.651898860931396484e-01
-3.852196037769317627e-01
-1.442882657051086426e+00
8.288747072219848633e-01
4.709373116493225098e-01
-1.033463835716247559e+00
-2.794852972030639648e+00
2.862887978553771973e-01
1.176530003547668457e+00
-4.558787643909454346e-01
-1.133843585848808289e-01
5.014908909797668457e-01
1.541333198547363281e+00
1.016321778297424316e+00
5.631544589996337891e-01
-1.118168592453002930e+00
-3.439565300941467285e-01
-3.955720961093902588e-01
-3.398658037185668945e-01
6.325139999389648438e-01
9.770015478134155273e-01
5.620609521865844727e-01
1.415912389755249023e+00
-1.960451155900955200e-01
-7.725260257720947266e-01
-5.579372644424438477e-01
-1.085126519203186035e+00
-1.631164908409118652e+00
1.730112910270690918e+00
-5.650511980056762695e-01
-1.655758023262023926e+00
5.859483405947685242e-02
-1.164569497108459473e+00
-2.141793072223663330e-01
-1.091729044914245605e+00
-3.557389080524444580e-01
5.928019285202026367e-01
-3.444451689720153809e-01
9.801374673843383789e-01
-3.700471818447113037e-01
-1.499404430389404297e+00
4.508555829524993896e-01
1.127401232719421387e+00
3.460985720157623291e-01
1.153791621327400208e-01
1.098423376679420471e-01
5.170952081680297852e-01
-2.117692828178405762e-01
6.980025768280029297e-01
-1.249412178993225098e+00
-6.836038827896118164e-01
1.095477566123008728e-01
-6.443451046943664551e-01
-3.529037237167358398e-01
-1.169154644012451172e+00
-2.229025214910507202e-01
1.029136180877685547e+00
4.442015290260314941e-01
5.756394267082214355e-01
-3.152906179428100586e+00
-5.885856151580810547e-01
4.244655072689056396e-01
6.925021409988403320e-01
-1.343871355056762695e+00
5.533309578895568848e-01
-4.637585580348968506e-01
5.724626779556274414e-01
-2.325769424438476562e+00
-1.832720518112182617e+00
1.652523159980773926e+00
-7.619940638542175293e-01
-2.676309823989868164e+00
-4.238179326057434082e-01
-1.214665889739990234e+00
-1.227982878684997559e+00
5.873400568962097168e-01
1.009656071662902832e+00
-1.653760433197021484e+00
-9.815269708633422852e-01
-1.487100869417190552e-01
-8.115608692169189453e-01
1.048561811447143555e+00
-1.321241259574890137e+00
4.474839270114898682e-01
-3.578160703182220459e-02
2.114593982696533203e+00
-3.321110606193542480e-01
-4.096383750438690186e-01
5.959205701947212219e-02
6.150889992713928223e-01
-7.089396715164184570e-01
-3.722531199455261230e-01
5.935328006744384766e-01
4.769411683082580566e-01
5.321264863014221191e-01
-4.565772414207458496e-01
-9.502953886985778809e-01
2.503311634063720703e-01
-2.906719446182250977e-01
-3.480929434299468994e-01
-1.052529141306877136e-01
2.148079276084899902e-01
-7.946257591247558594e-01
2.536016941070556641e+00
-9.777888655662536621e-01
3.433573842048645020e-01
-4.667238891124725342e-01
-8.012278676033020020e-01
-1.952579021453857422e+00
-7.773713469505310059e-01
-1.151728034019470215e+00
-1.568900108337402344e+00
-5.528711080551147461e-01
-1.220115065574645996e+00
8.723620176315307617e-01
-2.787907421588897705e-01
-7.294089198112487793e-01
3.849289938807487488e-02
5.157207846641540527e-01
-1.362422943115234375e+00
2.991282343864440918e-01
5.908523797988891602e-01
-2.698048949241638184e-01
-6.214002370834350586e-01
4.550172090530395508e-01
9.917323589324951172e-01
4.426209628582000732e-01
-1.154765367507934570e+00
-8.077085018157958984e-01
5.177020430564880371e-01
8.749594092369079590e-01
3.745060265064239502e-01
1.771014690399169922e+00
-1.434169888496398926e+00
3.039336204528808594e-01
-1.225034832954406738e+00
1.340630173683166504e+00
1.635432958602905273e+00
-1.438248276710510254e+00
1.431466102600097656e+00
-8.907071948051452637e-01
4.788418300449848175e-03
-1.358226060867309570e+00
1.234547719359397888e-01
-4.286321997642517090e-01
7.901107072830200195e-01
-5.576301813125610352e-01
-2.470881640911102295e-01
-4.661210775375366211e-01
-2.967957258224487305e-01
5.772879123687744141e-01
-5.798614025115966797e-01
-7.369627952575683594e-01
-5.464644432067871094e-01
-2.454331517219543457e-01
8.097590208053588867e-01
-2.361006140708923340e-01
-2.170333564281463623e-01
4.462944865226745605e-01
1.110691905021667480e+00
1.199413761496543884e-01
-1.803624510765075684e+00
1.975103765726089478e-01
2.221128940582275391e+00
-7.113339900970458984e-01
-3.372189104557037354e-01
1.469767928123474121e+00
-1.199146986007690430e+00
-1.854957818984985352e+00
-3.947641700506210327e-02
1.839728474617004395e+00
-1.501795947551727295e-01
-7.641753554344177246e-01
-6.994564086198806763e-02
-6.793242096900939941e-01
9.607095122337341309e-01
-1.659778505563735962e-01
1.491338852792978287e-02
-8.705376088619232178e-02
1.066607356071472168e+00
-1.792810973711311817e-03
5.025261044502258301e-01
-1.808466196060180664e+00
-8.649205565452575684e-01
4.463954865932464600e-01
-1.229747772216796875e+00
2.090852260589599609e+00
-1.116817355155944824e+00
2.224936485290527344e-01
-4.618030190467834473e-01
-1.699157834053039551e+00
-2.440735340118408203e+00
1.226191148161888123e-01
-2.419810771942138672e+00
-4.908553659915924072e-01
-2.063919603824615479e-01
1.157342553138732910e+00
-1.646984517574310303e-01
7.726537585258483887e-01
-6.533378958702087402e-01
1.391816325485706329e-02
-1.433728635311126709e-02
1.723159790039062500e+00
2.924452349543571472e-02
1.667164564132690430e+00
3.115252219140529633e-02
-2.390259981155395508e+00
3.485555052757263184e-01
-1.216061472892761230e+00
-1.777620553970336914e+00
1.176235675811767578e+00
6.365107297897338867e-01
-7.888223528861999512e-01
1.056566476821899414e+00
-1.346278935670852661e-01
4.767004027962684631e-02
6.334214210510253906e-01
9.817832708358764648e-01
-5.853586196899414062e-01
-2.679631948471069336e+00
4.866467043757438660e-02
-2.496898889541625977e+00
9.567102193832397461e-01
-1.381133049726486206e-01
4.149157702922821045e-01
6.187807917594909668e-01
6.055986136198043823e-02
-3.655044734477996826e-01
1.209117844700813293e-01
-2.003234863281250000e+00
6.950123906135559082e-01
-5.046176314353942871e-01
-8.384879678487777710e-02
-4.101585224270820618e-02
-3.371519744396209717e-01
5.328970551490783691e-01
3.996190056204795837e-02
3.260058462619781494e-01
-2.046776771545410156e+00
7.037826180458068848e-01
-2.013175249099731445e+00
1.354595422744750977e+00
1.661648750305175781e-01
-1.878294944763183594e-01
6.024452298879623413e-02
4.467620551586151123e-01
3.669851124286651611e-01
6.978582739830017090e-01
-3.170854747295379639e-01
9.261515140533447266e-01
-1.124706149101257324e+00
1.712029725313186646e-01
1.707948327064514160e+00
-2.680984020233154297e+00
-9.776765108108520508e-01
-8.830551505088806152e-01
-3.321109339594841003e-02
-1.393024474382400513e-01
9.162438102066516876e-03
1.138756796717643738e-01
-1.735442429780960083e-01
-2.304592609405517578e+00
3.575512021780014038e-02
5.662324428558349609e-01
-8.812217116355895996e-01
1.610212564468383789e+00
-7.117532491683959961e-01
-2.262981653213500977e+00
-2.902480661869049072e-01
-1.698167085647583008e+00
-2.513130903244018555e-01
-1.181920647621154785e+00
-2.575986683368682861e-01
7.746178507804870605e-01
5.533749461174011230e-01
-1.228059530258178711e+00
1.346601605415344238e+00
1.905040979385375977e+00
5.954563021659851074e-01
1.403382658958435059e+00
-1.277993083000183105e+00
3.392197191715240479e-03
-3.100513517856597900e-01
-7.833459377288818359e-01
-5.327022075653076172e-01
-4.938989281654357910e-01
-8.634065836668014526e-02
7.529184222221374512e-01
3.484691679477691650e-01
-5.537547469139099121e-01
7.837913036346435547e-01
-1.886468082666397095e-01
-1.085357189178466797e+00
-1.281873226165771484e+00
-8.142179250717163086e-01
-1.442159891128540039e+00
8.351637125015258789e-01
1.995473742485046387e+00
5.539305508136749268e-02
-1.310000061988830566e+00
-1.507674574851989746e+00
-6.304360628128051758e-01
-1.486848592758178711e+00
1.148064970970153809e+00
5.457474589347839355e-01
3.883250057697296143e-01
1.037394642829895020e+00
-1.861521124839782715e+00
5.965080112218856812e-02
5.816862583160400391e-01
-1.915368556976318359e+00
4.552869796752929688e-01
-8.831638693809509277e-01
-1.371276527643203735e-01
3.205768465995788574e-01
-6.854785680770874023e-01
-4.741767942905426025e-01
-2.507205903530120850e-01
5.446993112564086914e-01
-7.814895510673522949e-01
-3.116275548934936523e+00
1.761439561843872070e+00
2.415367960929870605e-01
1.783267140388488770e+00
3.913201689720153809e-01
-9.653867483139038086e-01
-3.782794177532196045e-01
-1.028723001480102539e+00
-3.693080246448516846e-01
1.001293659210205078e-01
1.383922845125198364e-01
-9.119510054588317871e-01
8.172048628330230713e-02
3.221454620361328125e-01
-1.190285682678222656e-01
1.566583216190338135e-01
1.456470251083374023e+00
2.790479362010955811e-01
-1.010953664779663086e+00
-4.185701310634613037e-01
2.834042012691497803e-01
9.125411510467529297e-01
-2.265334576368331909e-01
-1.682490468025207520e+00
2.376944065093994141e+00
5.398089885711669922e-01
1.384346842765808105e+00
-3.915822505950927734e-01
1.250414133071899414e+00
-6.948152780532836914e-01
-4.459042549133300781e-01
5.683176517486572266e-01
-7.497529387474060059e-01
1.078256845474243164e+00
1.020137786865234375e+00
4.716283380985260010e-01
-5.643486976623535156e-01
-4.432850480079650879e-01
-3.034367859363555908e-01
1.056875109672546387e+00
-8.170480728149414062e-01
1.309502959251403809e+00
2.823103964328765869e-02
1.038912236690521240e-01
-4.616570472717285156e-02
-1.846294701099395752e-01
-5.823407173156738281e-01
-4.145981371402740479e-01
-7.421585321426391602e-01
2.205107510089874268e-01
-7.358178496360778809e-01
-1.675082325935363770e+00
3.011503517627716064e-01
-7.020847201347351074e-01
5.691044926643371582e-01
1.196038484573364258e+00
6.488957405090332031e-01
1.804776936769485474e-01
1.299062252044677734e+00
7.775792479515075684e-02
-1.865865349769592285e+00
1.561420410871505737e-02
-1.046610713005065918e+00
-4.643178284168243408e-01
-4.335663318634033203e-01
2.837376594543457031e-01
-8.167530894279479980e-01
1.805967986583709717e-01
4.444377720355987549e-01
-2.185062617063522339e-01
1.196367025375366211e+00
-4.475370049476623535e-01
1.470042347908020020e+00
1.597851276397705078e+00
2.698976546525955200e-02
1.090130686759948730e+00
4.623616933822631836e-01
9.512695670127868652e-01
5.497199296951293945e-01
-3.298728168010711670e-01
9.356111288070678711e-01
-2.246833801269531250e+00
-1.189388394355773926e+00
-1.946509256958961487e-02
1.037629041820764542e-02
-8.346636295318603516e-01
8.119416236877441406e-01
-5.852919220924377441e-01
1.102116942405700684e+00
7.471458911895751953e-01
-2.707587480545043945e-01
-1.257218956947326660e+00
8.131064176559448242e-01
1.112342476844787598e+00
1.309234142303466797e+00
-2.600443065166473389e-01
3.318436145782470703e-01
-1.924327373504638672e+00
-4.405520483851432800e-02
9.301498532295227051e-02
2.315099835395812988e-01
-2.070203304290771484e+00
-2.110813617706298828e+00
-4.073135554790496826e-01
9.350852370262145996e-01
7.969350367784500122e-02
1.911764264106750488e+00
-4.571121186017990112e-02
1.608498841524124146e-01
-4.177296459674835205e-01
-1.990790218114852905e-01
-6.778396964073181152e-01
4.429973363876342773e-01
-2.313597649335861206e-01
3.984232246875762939e-01
1.844388604164123535e+00
2.013451814651489258e+00
4.412877261638641357e-01
-1.478714704513549805e+00
-3.852228224277496338e-01
5.168461203575134277e-01
-1.875581294298171997e-01
7.934197187423706055e-01
-3.514791727066040039e-01
-3.897309005260467529e-01
-8.916580677032470703e-01
4.362254962325096130e-02
-4.337643384933471680e-01
1.507276654243469238e+00
4.502121508121490479e-01
-4.038133025169372559e-01
-1.144506573677062988e+00
-1.258735895156860352e+00
-5.087647438049316406e-01
-2.425746202468872070e+00
-1.429402232170104980e-01
-9.050443172454833984e-01
-2.037977218627929688e+00
9.311891198158264160e-01
2.453569769859313965e-01
-1.230486869812011719e+00
6.636426448822021484e-01
1.066018044948577881e-01
7.821813225746154785e-01
-1.053190469741821289e+00
7.269349098205566406e-01
1.341279149055480957e+00
1.331366419792175293e+00
1.833684802055358887e+00
3.878239989280700684e-01
6.387122869491577148e-01
2.589198201894760132e-02
-5.566594600677490234e-01
-1.893120706081390381e-01
2.100720405578613281e-01
-6.671657562255859375e-01
-1.827632486820220947e-01
-3.371390998363494873e-01
1.141040846705436707e-01
-4.094837009906768799e-01
-3.587664365768432617e-01
-1.262178182601928711e+00
2.102274745702743530e-01
-1.671790480613708496e+00
3.538707792758941650e-01
1.301148533821105957e+00
1.199915856122970581e-01
1.251249551773071289e+00
1.714410424232482910e+00
-6.953135132789611816e-01
-1.898052543401718140e-01
2.740224599838256836e-01
7.649512887001037598e-01
3.528845012187957764e-01
-2.157587260007858276e-01
-2.006162881851196289e+00
3.648094460368156433e-02
-9.669726490974426270e-01
1.467674255371093750e+00
6.835572719573974609e-01
-2.246211171150207520e-01
1.436737328767776489e-01
-2.182489931583404541e-01
-2.830564975738525391e-01
1.055540204048156738e+00
3.524323403835296631e-01
-4.374198988080024719e-02
2.785061895847320557e-01
1.291245222091674805e+00
3.292750418186187744e-01
7.786766886711120605e-01
-3.687646090984344482e-01
-8.011780381202697754e-01
-1.221639394760131836e+00
1.164430856704711914e+00
-1.386139243841171265e-01
6.392318010330200195e-01
8.470671176910400391e-01
6.087574362754821777e-01
1.784475564956665039e+00
-4.309648647904396057e-02
1.670664995908737183e-01
7.318341135978698730e-01
8.512098193168640137e-01
9.439834952354431152e-01
1.553382396697998047e+00
-3.919666707515716553e-01
-1.580706477165222168e+00
-1.436024546623229980e+00
1.005107045173645020e+00
-8.159115314483642578e-01
-1.697831153869628906e-01
-4.231464564800262451e-01
-2.126634120941162109e+00
-3.841750323772430420e-01
8.208432197570800781e-01
1.724817752838134766e+00
-3.876662850379943848e-01
1.013501167297363281e+00
-9.149160981178283691e-01
-2.133508622646331787e-01
-1.300323605537414551e-01
-2.031135320663452148e+00
-5.148911476135253906e-01
-4.759855270385742188e-01
1.048965930938720703e+00
-4.479139670729637146e-02
-7.394875884056091309e-01
2.766999304294586182e-01
3.433678150177001953e-01
-1.344388276338577271e-01
7.099150419235229492e-01
-8.812741637229919434e-01
-6.138687133789062500e-01
4.254351835697889328e-03
2.229508757591247559e-01
-6.517599821090698242e-01
1.653883576393127441e+00
6.944906115531921387e-01
8.832659572362899780e-02
-6.803534626960754395e-01
1.487881392240524292e-01
8.752119541168212891e-01
5.501555800437927246e-01
-2.616761922836303711e-01
2.057355165481567383e+00
-1.136711716651916504e+00
2.279902547597885132e-01
1.534481287002563477e+00
1.191620081663131714e-01
6.267822980880737305e-01
-3.741136491298675537e-01
-2.689204812049865723e-01
-1.721550375223159790e-01
-3.278498351573944092e-01
-1.700927615165710449e+00
1.724762171506881714e-01
2.510978877544403076e-01
9.821410775184631348e-01
-1.210132718086242676e+00
2.194174051284790039e+00
-6.480562686920166016e-01
-1.316115856170654297e-01
1.992766737937927246e+00
9.490784257650375366e-02
8.370209932327270508e-01
-3.933775722980499268e-01
-6.920586228370666504e-01
8.509989976882934570e-01
6.832789182662963867e-01
5.702483057975769043e-01
-1.023818135261535645e+00
-1.369808435440063477e+00
-2.546773433685302734e+00
-3.627175986766815186e-01
2.795656025409698486e-01
-9.533680081367492676e-01
1.268057942390441895e+00
-3.398888930678367615e-02
1.427727103233337402e+00
-1.394969820976257324e+00
-1.030721902847290039e+00
-3.432722985744476318e-01
-4.009023904800415039e-01
5.743837356567382812e-01
-4.202001392841339111e-01
5.401968955993652344e-01
-1.458258777856826782e-01
-1.017433524131774902e+00
1.880051374435424805e+00
-7.399041056632995605e-01
-1.004196166992187500e+00
-7.888335585594177246e-01
-5.917936563491821289e-01
7.599937263876199722e-03
-1.787412643432617188e+00
-1.923121362924575806e-01
1.703497409820556641e+00
1.327567696571350098e-01
-6.260703206062316895e-01
-1.859535217285156250e+00
2.814787924289703369e-01
-1.987888097763061523e+00
-1.150274395942687988e+00
-7.319582104682922363e-01
-7.057572007179260254e-01
5.926970839500427246e-01
-1.483132503926753998e-02
-1.024387497454881668e-02
-2.106253862380981445e+00
-5.839372873306274414e-01
-6.398986577987670898e-01
1.615325570106506348e+00
2.491382183507084846e-03
2.315301299095153809e-01
-7.563794255256652832e-01
2.550267614424228668e-02
-9.602221846580505371e-01
2.946029305458068848e-01
3.338656723499298096e-01
1.028316974639892578e+00
2.970612645149230957e-01
-3.438265323638916016e-01
5.668243765830993652e-01
1.528160810470581055e+00
-1.906251311302185059e+00
-1.292524039745330811e-01
5.447632074356079102e-01
2.449188679456710815e-01
6.645601987838745117e-01
-7.594289183616638184e-01
6.655272841453552246e-01
3.316341042518615723e-01
-1.094912767410278320e+00
-1.277334809303283691e+00
-3.758449256420135498e-01
-7.994698882102966309e-01
-6.340355873107910156e-01
9.171553850173950195e-01
-5.165175795555114746e-01
-1.170756936073303223e+00
-5.272282958030700684e-01
-8.885134458541870117e-01
-4.372958540916442871e-01
-5.990117415785789490e-02
-5.881019830703735352e-01
2.269119739532470703e+00
2.285459786653518677e-01
-2.204300403594970703e+00
-3.846670091152191162e-01
-4.728141427040100098e-02
5.239624977111816406e-01
-1.222777247428894043e+00
-1.567232489585876465e+00
8.919855356216430664e-01
-9.728602766990661621e-01
4.874299466609954834e-01
1.503736227750778198e-01
-4.939616918563842773e-01
1.175868391990661621e+00
1.951688408851623535e+00
4.054533839225769043e-01
-1.014611601829528809e+00
-1.883122622966766357e-01
3.332261443138122559e-01
6.597690582275390625e-01
-5.214143395423889160e-01
4.773116409778594971e-01
5.841190814971923828e-01
1.140806674957275391e+00
1.124587535858154297e+00
-2.563419938087463379e-01
1.555820345878601074e+00
1.854159832000732422e+00
5.500769615173339844e-01
-1.050602078437805176e+00
3.703520596027374268e-01
-1.911169409751892090e+00
2.182766050100326538e-01
-1.400305151939392090e+00
-6.754226684570312500e-01
-3.951718211174011230e-01
-6.736659407615661621e-01
6.395657658576965332e-01
-2.022159099578857422e+00
1.076977923512458801e-01
-6.551670283079147339e-02
-2.352848529815673828e+00
7.958744764328002930e-01
7.256912589073181152e-01
7.045801281929016113e-01
-5.329117178916931152e-01
1.358890086412429810e-01
-7.743406891822814941e-01
-3.679616376757621765e-02
-2.401408195495605469e+00
1.604251265525817871e-01
1.725638031959533691e+00
4.025012999773025513e-02
6.483041644096374512e-01
2.380299940705299377e-02
7.415642142295837402e-01
1.297694206237792969e+00
7.700261473655700684e-01
