-1.286662817001342773e+00
1.268876075744628906e+00
-1.679215788841247559e+00
-5.428328514099121094e-01
-5.804603695869445801e-01
1.170245558023452759e-01
-1.352701038122177124e-01
-5.646664500236511230e-01
6.608535051345825195e-01
2.557986736297607422e+00
-6.380705237388610840e-01
-2.423723340034484863e-01
4.016593992710113525e-01
7.806873917579650879e-01
-1.291163921356201172e+00
2.148714475333690643e-02
-7.117935419082641602e-01
-1.680087447166442871e-01
-6.070296764373779297e-01
-2.549002133309841156e-02
-1.170282483100891113e+00
-1.666293025016784668e+00
4.365234971046447754e-01
5.738599300384521484e-01
6.326746940612792969e-01
9.806186705827713013e-02
2.447253912687301636e-01
-3.342089056968688965e-01
-1.208400011062622070e+00
-1.147857069969177246e+00
-4.706596732139587402e-01
-6.944047212600708008e-01
1.008251547813415527e+00
1.975734233856201172e+00
1.157734394073486328e+00
4.409928917884826660e-01
-4.503885209560394287e-01
1.268308997154235840e+00
-1.361747503280639648e+00
1.392031431198120117e+00
6.648775339126586914e-01
2.497420832514762878e-02
-5.250109434127807617e-01
-1.514629602432250977e+00
1.745605617761611938e-01
-8.759065270423889160e-01
-8.783671855926513672e-01
-5.289443135261535645e-01
1.293506264686584473e+00
-1.045094370841979980e+00
6.363436579704284668e-01
-8.015903830528259277e-01
-1.513599634170532227e+00
-4.788016080856323242e-01
4.345405101776123047e-01
8.825740218162536621e-01
-5.023248493671417236e-02
-5.117497444152832031e-01
-6.182679533958435059e-01
1.555677652359008789e-01
4.898609220981597900e-01
-1.737417936325073242e+00
2.249194830656051636e-01
1.003938198089599609e+00
-9.840371608734130859e-01
-2.209651947021484375e+00
1.338524699211120605e+00
-1.494711875915527344e+00
-6.728200912475585938e-01
-1.077085658907890320e-01
1.106649875640869141e+00
-4.223033189773559570e-01
-4.873358905315399170e-01
3.515035212039947510e-01
-6.314311027526855469e-01
-1.463342308998107910e-01
-4.844280183315277100e-01
-1.742204070091247559e+00
-9.440465569496154785e-01
9.317359328269958496e-01
3.050916790962219238e-01
-4.095975756645202637e-01
-9.839522838592529297e-01
-2.033683300018310547e+00
-1.100912213325500488e+00
1.105261325836181641e+00
-6.721440553665161133e-01
-6.256022453308105469e-01
-2.381396055221557617e+00
2.772976271808147430e-02
7.697228789329528809e-01
-6.792669296264648438e-01
7.177537083625793457e-01
6.211765408515930176e-01
1.148460991680622101e-02
1.021278262138366699e+00
-2.232391387224197388e-01
-1.100056409835815430e+00
-5.710546374320983887e-01
-9.177475571632385254e-01
-5.335908532142639160e-01
1.560281634330749512e+00
2.644692063331604004e-01
1.774582505226135254e+00
-4.351866990327835083e-02
-1.820395112037658691e+00
6.856164336204528809e-01
-1.435650467872619629e+00
6.215544939041137695e-01
-1.118343949317932129e+00
-9.267833828926086426e-02
-1.237818121910095215e+00
9.036768078804016113e-01
8.713746666908264160e-01
5.006688181310892105e-03
1.676833629608154297e+00
5.745902061462402344e-01
-6.325453519821166992e-01
3.893674314022064209e-01
5.622718334197998047e-01
-2.218314647674560547e+00
-3.475490510463714600e-01
-1.156577840447425842e-01
-1.321819663047790527e+00
6.707583069801330566e-01
9.138459563255310059e-01
3.307294249534606934e-01
4.983733892440795898e-01
1.256334632635116577e-01
1.183652654290199280e-01
6.797702908515930176e-01
3.284625709056854248e-01
8.703708052635192871e-01
1.147734671831130981e-01
-3.768666088581085205e-01
3.910689949989318848e-01
-1.080954432487487793e+00
-7.326985001564025879e-01
-7.090619802474975586e-01
8.622223138809204102e-01
1.723135709762573242e+00
-1.437763571739196777e+00
-1.001186847686767578e+00
3.751916289329528809e-01
-1.100410699844360352e+00
3.551775515079498291e-01
7.563099265098571777e-01
8.495715260505676270e-01
-5.731120705604553223e-01
-9.979252815246582031e-01
-7.565072774887084961e-01
1.987058877944946289e+00
-4.456081390380859375e-01
2.679760456085205078e-01
-4.601579308509826660e-01
5.087370872497558594e-01
2.145875215530395508e+00
-1.061290726065635681e-01
-8.972270488739013672e-01
-4.809781014919281006e-01
4.814527332782745361e-01
3.383059799671173096e-01
-6.923525929450988770e-01
-8.601987957954406738e-01
1.814976334571838379e+00
-1.269569516181945801e+00
1.853228092193603516e+00
-8.024117946624755859e-01
1.662368699908256531e-02
-3.684836924076080322e-01
-4.363798797130584717e-01
-3.622844517230987549e-01
-1.945428133010864258e+00
-1.313059449195861816e+00
-9.388363361358642578e-01
3.443135917186737061e-01
-6.857587695121765137e-01
1.853704690933227539e+00
6.399852037429809570e-01
-6.867416501045227051e-01
-1.826852560043334961e-01
-2.038828134536743164e+00
-8.603683114051818848e-01
2.035548686981201172e+00
1.255017518997192383e+00
-1.665053516626358032e-01
-9.040384292602539062e-01
1.336863279342651367e+00
-1.028799295425415039e+00
1.520956635475158691e+00
6.584019064903259277e-01
1.359317004680633545e-01
1.819930672645568848e+00
-1.319815635681152344e+00
-1.750802248716354370e-01
-7.397791743278503418e-01
-5.974604487419128418e-01
-1.483507275581359863e+00
1.029431700706481934e+00
-1.135778784751892090e+00
-1.029832214117050171e-01
-1.651865243911743164e+00
1.104399919509887695e+00
-6.346439719200134277e-01
-6.826274991035461426e-01
1.992994308471679688e+00
6.584843397140502930e-01
2.860221862792968750e-01
-2.219924688339233398e+00
-4.065367951989173889e-02
-8.031600713729858398e-01
-2.349481731653213501e-02
-4.771272242069244385e-01
-9.240767955780029297e-01
1.385178565979003906e+00
-1.759067773818969727e+00
1.334601044654846191e-01
8.486237525939941406e-01
7.912997007369995117e-01
-4.539470076560974121e-01
3.882248699665069580e-01
-4.395975768566131592e-01
-2.919210493564605713e-01
-2.583134174346923828e+00
-1.035136222839355469e+00
-1.685187220573425293e-02
1.057823419570922852e+00
1.092593669891357422e+00
1.704116463661193848e+00
7.312122583389282227e-01
2.901242077350616455e-01
-3.963520228862762451e-01
-5.834780931472778320e-01
-9.950951337814331055e-01
1.043236255645751953e+00
7.302919626235961914e-01
-1.590647220611572266e+00
5.329673886299133301e-01
4.113158881664276123e-01
7.795358300209045410e-01
8.622816801071166992e-01
-5.157600641250610352e-01
3.667443394660949707e-01
1.106687426567077637e+00
4.117657244205474854e-01
-8.369876742362976074e-01
8.553358316421508789e-01
8.651208877563476562e-01
1.792898029088973999e-01
-3.111798167228698730e-01
1.349795907735824585e-01
-1.018238902091979980e+00
-1.278570592403411865e-01
-6.723526716232299805e-01
-1.460641145706176758e+00
7.640552520751953125e-01
2.794761955738067627e-01
-7.886003255844116211e-01
-4.726254343986511230e-01
-9.762841463088989258e-01
-8.562314510345458984e-01
-7.612892389297485352e-01
-2.110440284013748169e-01
-4.036640226840972900e-01
-4.786191880702972412e-02
-8.592791557312011719e-01
-1.058059096336364746e+00
-7.223744392395019531e-01
-1.679669141769409180e+00
-8.067680001258850098e-01
1.080770373344421387e+00
9.926323294639587402e-01
-1.411029100418090820e+00
-7.758140563964843750e-01
1.242243126034736633e-01
-2.043856143951416016e+00
-1.478268861770629883e+00
-1.914725899696350098e+00
-3.226124048233032227e-01
1.039118289947509766e+00
-5.665597915649414062e-01
-8.174123167991638184e-01
-1.990127444267272949e+00
2.257453203201293945e+00
1.946614682674407959e-01
6.244744658470153809e-01
-1.684256494045257568e-01
2.690016925334930420e-01
-3.779578506946563721e-01
9.387450814247131348e-01
-7.623366266489028931e-02
-1.437101125717163086e+00
6.683333776891231537e-03
-3.362299203872680664e+00
8.749588727951049805e-01
6.404106970876455307e-03
-1.017401888966560364e-01
1.860555410385131836e-01
5.807909369468688965e-01
6.450958251953125000e-01
3.013906069099903107e-02
-1.741105318069458008e+00
1.340047001838684082e+00
1.421303600072860718e-01
3.316949307918548584e-01
1.712317168712615967e-01
5.720828175544738770e-01
-4.634147286415100098e-01
-3.744703829288482666e-01
-3.657591342926025391e-01
1.280850768089294434e-01
-5.215736031532287598e-01
7.690618634223937988e-01
-6.552960276603698730e-01
-1.245183587074279785e+00
4.301352798938751221e-01
-2.115755528211593628e-01
-8.534601330757141113e-01
7.200527787208557129e-01
-4.263317584991455078e-01
2.200734466314315796e-01
1.224170684814453125e+00
-1.738281607627868652e+00
-2.585792839527130127e-01
-1.641609549522399902e+00
4.432626999914646149e-03
8.285579681396484375e-01
-1.037687540054321289e+00
9.625434875488281250e-01
-7.210025936365127563e-02
2.246463537216186523e+00
1.156068682670593262e+00
7.776071429252624512e-01
-7.007620483636856079e-02
3.505995571613311768e-01
-2.022265195846557617e+00
5.758216381072998047e-01
-1.147035121917724609e+00
-2.561329305171966553e-01
-1.700732469558715820e+00
-2.623609066009521484e+00
8.008282780647277832e-01
2.425038814544677734e+00
-6.393343806266784668e-01
4.394460916519165039e-01
-1.028343066573143005e-01
-1.124469161033630371e+00
-7.484043836593627930e-01
4.160793125629425049e-01
-7.022124528884887695e-01
5.272381901741027832e-01
7.026076912879943848e-01
-1.186155557632446289e+00
1.912374615669250488e+00
6.604036781936883926e-03
1.335136175155639648e+00
4.353300929069519043e-01
3.780595064163208008e-01
-5.942345857620239258e-01
-1.141088366508483887e+00
1.793213963508605957e+00
-1.014618039131164551e+00
5.465171337127685547e-01
6.236356869339942932e-02
6.633365750312805176e-01
-2.110423326492309570e+00
9.933620095252990723e-01
-4.017236828804016113e-02
-3.212267905473709106e-02
-4.247607290744781494e-02
-9.634773135185241699e-01
1.325684785842895508e-01
5.895803570747375488e-01
8.192078471183776855e-01
-2.773287296295166016e-01
-1.073319315910339355e+00
-4.494461417198181152e-01
-1.062591314315795898e+00
-7.888776659965515137e-01
-2.317447811365127563e-01
1.639638185501098633e+00
-6.749846339225769043e-01
-9.604253172874450684e-01
-6.224519610404968262e-01
-5.563084483146667480e-01
-5.257462263107299805e-01
5.146011710166931152e-01
-3.314818143844604492e-01
-5.992744565010070801e-01
-6.040460467338562012e-01
1.791015386581420898e+00
1.008001565933227539e+00
1.111967682838439941e+00
-7.935780882835388184e-01
1.413933485746383667e-01
1.260660171508789062e+00
-5.992622971534729004e-01
1.322052001953125000e+00
-7.684275507926940918e-01
1.534320414066314697e-01
