1.202438250184059143e-01
7.721800804138183594e-01
-2.339525669813156128e-01
5.079134702682495117e-01
-1.048981428146362305e+00
4.738231599330902100e-01
-5.895745754241943359e-01
1.566997617483139038e-01
7.197758555412292480e-01
9.934547543525695801e-01
-1.801770925521850586e-01
-3.268467485904693604e-01
-6.370105743408203125e-01
-1.422657370567321777e-01
-5.445926785469055176e-01
7.900930047035217285e-01
-3.214572668075561523e+00
-4.748939275741577148e-01
-9.050740599632263184e-01
-2.713763415813446045e-01
-1.589619040489196777e+00
-4.391009279061108828e-04
4.731502234935760498e-01
3.779837489128112793e-01
1.826899051666259766e+00
-1.429619044065475464e-01
-1.578223705291748047e-01
-7.389646172523498535e-01
4.093275591731071472e-02
2.399019747972488403e-01
7.416967153549194336e-01
-2.660678327083587646e-01
5.836876630783081055e-01
-2.462796926498413086e+00
-5.395001769065856934e-01
-1.461027562618255615e-01
3.961267471313476562e-01
-8.327060937881469727e-01
2.807690143585205078e+00
-3.296212255954742432e-01
-1.580083489418029785e+00
1.167154759168624878e-01
-2.410929799079895020e-01
9.712738394737243652e-01
-1.875436753034591675e-01
8.174180239439010620e-02
-7.362018823623657227e-01
1.455386042594909668e+00
6.649385690689086914e-01
7.815876603126525879e-01
-6.454043388366699219e-01
1.292676091194152832e+00
2.608838081359863281e-01
-4.261239618062973022e-02
3.039527833461761475e-01
-3.064955174922943115e-01
-1.059929490089416504e+00
-7.370131015777587891e-01
5.486013293266296387e-01
4.615811407566070557e-01
-1.254350971430540085e-02
6.333157420158386230e-01
-4.280154705047607422e-01
-4.820866882801055908e-01
6.450079381465911865e-02
2.763292074203491211e+00
-5.007840991020202637e-01
-1.326945722103118896e-01
2.329787462949752808e-01
1.903657987713813782e-02
-1.680025219917297363e+00
1.407486796379089355e+00
5.726885795593261719e-01
-3.396700024604797363e-01
-1.180433273315429688e+00
-3.594753444194793701e-01
9.695830941200256348e-01
-4.991941452026367188e-01
-2.115530222654342651e-01
-1.413584947586059570e+00
-1.470939040184020996e+00
5.133277177810668945e-01
-1.338432580232620239e-01
-1.067740440368652344e+00
1.893202185630798340e+00
-3.115957975387573242e-01
-2.076987773180007935e-01
2.474616527557373047e+00
-1.082507133483886719e+00
8.811174035072326660e-01
-5.501688122749328613e-01
6.048980355262756348e-01
3.651542663574218750e-01
-5.910001993179321289e-01
-1.463812589645385742e-01
-1.864929944276809692e-01
5.633471608161926270e-01
-2.713082432746887207e-01
-2.916501164436340332e-01
-7.970860600471496582e-01
-2.594659924507141113e-01
-1.321945071220397949e+00
-9.227644205093383789e-01
-7.529878020286560059e-01
-1.139283537864685059e+00
3.696153461933135986e-01
7.335135340690612793e-01
-2.514655828475952148e+00
1.513977646827697754e-01
-1.776477456092834473e+00
-9.073538333177566528e-02
5.208485722541809082e-01
6.983568668365478516e-01
2.789533138275146484e+00
2.479103565216064453e+00
-1.646072715520858765e-01
-9.141519665718078613e-01
-1.068826794624328613e+00
-8.929650187492370605e-01
1.213812232017517090e+00
-1.172532439231872559e+00
-6.870466470718383789e-01
4.346264302730560303e-01
4.229117333889007568e-01
9.104076772928237915e-02
1.501994848251342773e+00
-4.668195247650146484e-01
6.121069192886352539e-01
-9.039352536201477051e-01
2.332558035850524902e-01
-4.649388194084167480e-01
-8.566749095916748047e-01
-9.785951115190982819e-03
-1.070924162864685059e+00
-1.067064523696899414e+00
-4.015513956546783447e-01
-1.765330910682678223e+00
1.237193465232849121e+00
-8.080890178680419922e-01
-2.460302263498306274e-01
3.818477988243103027e-01
-2.218688488006591797e+00
5.457714200019836426e-01
-3.112779855728149414e-01
-6.901089549064636230e-01
-7.106173038482666016e-01
-1.123698115348815918e+00
1.312432289123535156e-01
-2.528426885604858398e+00
-9.243101477622985840e-01
-1.563445925712585449e+00
-7.598397135734558105e-01
5.228472352027893066e-01
7.902857065200805664e-01
8.083709478378295898e-01
5.455507636070251465e-01
-1.239001393318176270e+00
-5.334039926528930664e-01
-1.104638695716857910e+00
-2.587132155895233154e-01
1.662127375602722168e+00
6.689673662185668945e-01
1.148171782493591309e+00
6.471179425716400146e-02
-1.504369735717773438e+00
-3.324740827083587646e-01
1.349065899848937988e+00
1.551915526390075684e+00
-1.432937979698181152e+00
-1.645708441734313965e+00
2.642112970352172852e-01
4.147030040621757507e-02
-3.172307312488555908e-01
-8.746989965438842773e-01
5.215261578559875488e-01
1.176674246788024902e+00
4.567784070968627930e-01
4.660294353961944580e-01
-2.671319544315338135e-01
2.912217140197753906e+00
-1.238105297088623047e+00
-1.745902776718139648e+00
4.274558424949645996e-01
5.824906826019287109e-01
8.820599913597106934e-01
-1.720324516296386719e+00
3.904979676008224487e-02
-5.522390604019165039e-01
-4.837396740913391113e-01
9.986768364906311035e-01
-3.947822749614715576e-02
-2.278332114219665527e-01
1.712557077407836914e+00
-4.954054951667785645e-01
-1.719598323106765747e-01
6.255386471748352051e-01
1.744151115417480469e+00
3.829395174980163574e-01
-3.810399472713470459e-01
1.924519538879394531e-01
7.863777279853820801e-01
-1.078323602676391602e+00
-5.076239705085754395e-01
6.475012302398681641e-01
1.072566151618957520e+00
-1.360973238945007324e+00
-2.981705367565155029e-01
-6.559718251228332520e-01
4.911581426858901978e-02
-2.211424708366394043e-01
-5.159208774566650391e-01
1.373795568943023682e-01
1.873371958732604980e+00
-8.822947740554809570e-01
6.610608100891113281e-01
5.958352610468864441e-02
-5.089895725250244141e-01
8.258869647979736328e-01
-7.388495802879333496e-01
-4.384445846080780029e-01
-1.192316055297851562e+00
1.527684330940246582e+00
-2.963633835315704346e-01
1.842654705047607422e+00
-5.986356139183044434e-01
-9.552663564682006836e-02
-4.256145954132080078e-01
-5.313839912414550781e-01
1.537622418254613876e-02
-7.859799265861511230e-01
7.929769158363342285e-02
-1.103660836815834045e-01
-2.163686007261276245e-01
-1.388270854949951172e-01
4.358608424663543701e-01
7.225675582885742188e-01
2.219679802656173706e-01
-1.159080743789672852e+00
5.509309172630310059e-01
-1.790741920471191406e+00
-5.390632748603820801e-01
-1.721684336662292480e+00
1.077581167221069336e+00
2.458181232213973999e-01
-5.104422569274902344e-01
1.291256514377892017e-03
-8.208661675453186035e-01
2.795025110244750977e-01
-5.225499868392944336e-01
1.182954311370849609e+00
9.530594348907470703e-01
8.069549202919006348e-01
2.269040346145629883e-01
1.026674866676330566e+00
-5.473002195358276367e-01
2.147892475128173828e+00
1.914293885231018066e+00
2.085772305727005005e-01
-5.093266814947128296e-02
7.655239105224609375e-01
4.553949832916259766e-01
-1.165097802877426147e-01
4.944808781147003174e-01
-9.706226587295532227e-01
1.093720316886901855e+00
4.073871970176696777e-01
-4.230438470840454102e-01
2.838983237743377686e-01
1.391520023345947266e+00
-3.807345628738403320e-01
7.434662580490112305e-01
2.957745552062988281e+00
-1.728851199150085449e+00
2.192640453577041626e-01
-7.764368653297424316e-01
1.473081856966018677e-01
-1.447551250457763672e+00
-2.961278259754180908e-01
1.607469797134399414e+00
-3.696775436401367188e-01
4.362077713012695312e-01
4.132201373577117920e-01
1.522767245769500732e-01
1.328776359558105469e+00
-1.166445165872573853e-01
-1.085359215736389160e+00
-6.638069637119770050e-03
2.487279176712036133e+00
1.740608811378479004e+00
1.376849770545959473e+00
-7.097851037979125977e-01
1.235234141349792480e-01
5.898945964872837067e-03
-1.251562476158142090e+00
1.657610177993774414e+00
2.629810273647308350e-01
1.248221397399902344e+00
-1.422508656978607178e-01
-6.158228516578674316e-01
1.330231904983520508e+00
-1.047973036766052246e+00
3.813583254814147949e-01
1.448165774345397949e+00
-1.339555382728576660e+00
-1.240760564804077148e+00
9.296391606330871582e-01
-5.071261525154113770e-01
-5.710769891738891602e-01
-8.261635899543762207e-01
-3.660113215446472168e-01
2.145246028900146484e+00
-5.554089546203613281e-01
-1.154678583145141602e+00
-1.535922884941101074e+00
-1.309513807296752930e+00
1.758573502302169800e-01
-1.205957055091857910e+00
2.960436344146728516e-01
1.954662680625915527e+00
-4.046150147914886475e-01
-1.847833275794982910e+00
-2.904900908470153809e-01
1.972585320472717285e-01
-9.183818697929382324e-01
2.527561783790588379e-01
1.910459995269775391e-01
-3.633680045604705811e-01
3.394038379192352295e-01
-3.873941898345947266e-01
-1.554791778326034546e-01
-9.433387517929077148e-01
1.671167850494384766e+00
-1.481974959373474121e+00
1.074420571327209473e+00
2.273871302604675293e-01
1.782920002937316895e+00
-6.166471242904663086e-01
7.963526248931884766e-01
-2.799361348152160645e-01
1.971474289894104004e-01
5.830957889556884766e-01
5.918445587158203125e-01
1.665697097778320312e-01
-1.987820386886596680e+00
5.337033271789550781e-01
-3.308521956205368042e-02
9.880662560462951660e-01
-1.116392970085144043e+00
1.782592833042144775e-01
9.524998068809509277e-02
-6.293528079986572266e-01
-3.695503175258636475e-01
1.525267958641052246e+00
8.384205400943756104e-02
-9.606420397758483887e-01
-1.683285951614379883e+00
1.780023932456970215e+00
-9.597191810607910156e-01
9.582705795764923096e-02
-4.491759836673736572e-01
-5.970950722694396973e-01
1.729439049959182739e-01
8.342655897140502930e-01
-7.773669362068176270e-01
-3.062720894813537598e-01
-1.681163907051086426e+00
9.258624315261840820e-01
-2.350573390722274780e-01
-1.031729221343994141e+00
-3.269651830196380615e-01
-9.917365908622741699e-01
4.911969006061553955e-01
-1.919687151908874512e+00
1.429254055023193359e+00
8.557468652725219727e-01
-5.746906995773315430e-01
1.557749032974243164e+00
2.266764342784881592e-01
-7.504668831825256348e-01
-9.775471687316894531e-01
-1.909592270851135254e+00
-5.981399416923522949e-01
1.715194880962371826e-01
7.197828292846679688e-01
4.690890908241271973e-01
-9.322991967201232910e-01
-7.503689527511596680e-01
1.655978918075561523e+00
-1.085064932703971863e-01
1.211673840880393982e-01
3.207303583621978760e-01
-1.157740354537963867e+00
-3.178351819515228271e-01
9.001104831695556641e-01
2.525347948074340820e+00
1.402467936277389526e-01
3.300020694732666016e-01
1.125411272048950195e+00
-4.284269511699676514e-01
-8.967010974884033203e-01
-4.110843539237976074e-01
-6.077763438224792480e-01
-7.535540461540222168e-01
-2.291462421417236328e+00
1.508671998977661133e+00
6.725446581840515137e-01
1.771130710840225220e-01
2.145198583602905273e-01
-4.244943261146545410e-01
-1.041553616523742676e+00
-3.486828804016113281e-01
-3.389537334442138672e+00
-2.794701978564262390e-02
-8.587795495986938477e-01
-6.523331999778747559e-01
3.710034489631652832e-01
5.595398545265197754e-01
4.568874835968017578e-01
2.863542735576629639e-01
9.905348718166351318e-02
5.390134826302528381e-02
-1.119897007942199707e+00
-5.512344650924205780e-03
-8.541462421417236328e-01
-1.219003796577453613e+00
-6.239432096481323242e-01
-6.301755905151367188e-01
-3.503992557525634766e-01
-1.686347246170043945e+00
2.806337475776672363e-01
8.075450062751770020e-01
8.451194763183593750e-01
-7.305148243904113770e-01
-8.593075871467590332e-01
-4.426605701446533203e-01
1.217661201953887939e-01
-2.072872966527938843e-01
-6.571324467658996582e-01
-5.908717215061187744e-02
2.627551555633544922e-02
1.726949810981750488e+00
-6.050739288330078125e-01
2.581197023391723633e-01
6.676760911941528320e-01
1.115398526191711426e+00
1.593007802963256836e+00
-1.244546771049499512e+00
-4.709469676017761230e-01
1.391407608985900879e+00
-6.157578825950622559e-01
1.656067848205566406e+00
5.148854255676269531e-01
4.545924663543701172e-01
-2.936341166496276855e-01
-5.212418437004089355e-01
-9.050717949867248535e-01
-6.215884685516357422e-01
-2.706310987472534180e+00
-9.232497811317443848e-01
2.436089962720870972e-01
1.372652769088745117e+00
-1.266596436500549316e+00
5.165590643882751465e-01
5.386534333229064941e-01
2.407843768596649170e-01
5.027740597724914551e-01
-1.821041345596313477e+00
1.069117307662963867e+00
2.233550101518630981e-01
3.901466429233551025e-01
-4.866566658020019531e-01
1.263752222061157227e+00
7.555715441703796387e-01
1.032220795750617981e-01
-3.358129858970642090e-01
-6.405071914196014404e-02
-7.071410417556762695e-01
-8.461081981658935547e-01
9.209065437316894531e-01
1.401007294654846191e+00
1.647688508033752441e+00
1.816563248634338379e+00
8.755729794502258301e-01
-2.136921405792236328e+00
-9.842693805694580078e-02
7.503337264060974121e-01
-1.606580853462219238e+00
-7.182717323303222656e-01
4.694041609764099121e-01
1.070314288139343262e+00
-2.285684645175933838e-01
8.946473598480224609e-01
-1.388332009315490723e+00
2.220918685197830200e-01
1.689610481262207031e-01
-1.435091733932495117e+00
5.162151455879211426e-01
1.056059837341308594e+00
-6.663242578506469727e-01
5.648009181022644043e-01
1.158982872962951660e+00
2.225934267044067383e+00
-9.289737790822982788e-02
4.317822456359863281e-01
3.680467307567596436e-01
-3.003016114234924316e-01
1.602872908115386963e-01
-4.625688493251800537e-01
-4.177792966365814209e-01
5.254226326942443848e-01
2.279121279716491699e-01
8.180893659591674805e-01
-5.087202191352844238e-01
4.918347895145416260e-01
-8.059900403022766113e-01
-6.099309325218200684e-01
7.636906206607818604e-02
-1.457663327455520630e-01
1.834241300821304321e-01
-2.023906558752059937e-01
-1.043638139963150024e-01
5.226195454597473145e-01
-7.491285800933837891e-01
5.731294751167297363e-01
1.018615484237670898e+00
-4.438275098800659180e-01
-9.505783766508102417e-02
-1.042432904243469238e+00
4.578204154968261719e-01
-5.069330334663391113e-01
6.938810348510742188e-01
9.057192206382751465e-01
2.259905576705932617e+00
-3.019395843148231506e-02
1.966974854469299316e+00
-2.833953797817230225e-01
-5.765319466590881348e-01
4.846240878105163574e-01
-7.219773530960083008e-01
-4.198563471436500549e-02
1.156506061553955078e+00
1.106001377105712891e+00
-9.200046062469482422e-01
-5.174499154090881348e-01
1.167018890380859375e+00
-4.685939848423004150e-01
7.982462644577026367e-01
5.811707377433776855e-01
9.649076461791992188e-01
1.056087732315063477e+00
-4.114353954792022705e-01
-1.593774408102035522e-01
5.825089216232299805e-01
-1.169579267501831055e+00
1.887071490287780762e+00
8.022440075874328613e-01
-9.881297498941421509e-02
1.416197866201400757e-01
1.145974919199943542e-01
1.571795701980590820e+00
2.098415613174438477e+00
-6.280377507209777832e-01
-1.047855734825134277e+00
-2.769283771514892578e+00
-1.200965404510498047e+00
-4.326938092708587646e-01
6.230208873748779297e-01
9.356408119201660156e-01
9.537505507469177246e-01
-7.327039241790771484e-01
2.831931412220001221e-01
-9.195715188980102539e-01
3.995887041091918945e-01
-2.612106323242187500e+00
-4.376839995384216309e-01
-2.236462831497192383e+00
7.296910285949707031e-01
-3.673014938831329346e-01
-1.100947707891464233e-01
7.132302522659301758e-01
-2.198521375656127930e+00
5.603601410984992981e-02
-4.142421185970306396e-01
1.073670148849487305e+00
-8.594524860382080078e-01
-8.331629633903503418e-01
-1.114393353462219238e+00
-1.314003586769104004e+00
-1.407269716262817383e+00
-2.134288698434829712e-01
5.286573171615600586e-01
-8.859128504991531372e-02
-1.405062198638916016e+00
-7.136763930320739746e-01
-3.757945895195007324e-01
4.562253654003143311e-01
-1.384750366210937500e+00
9.075261354446411133e-01
1.037266016006469727e+00
8.245761990547180176e-01
1.893376111984252930e-01
-2.249085903167724609e+00
8.905289769172668457e-01
1.532704234123229980e+00
4.816777706146240234e-01
1.838652491569519043e+00
2.237236052751541138e-01
-4.490040838718414307e-01
-7.001937031745910645e-01
1.795468181371688843e-01
-1.099689453840255737e-01
5.335869789123535156e-01
1.319901466369628906e+00
1.488526761531829834e-01
-6.151828169822692871e-01
-5.016165971755981445e-01
-1.449760675430297852e+00
-7.557404637336730957e-01
-4.319438636302947998e-01
5.998939871788024902e-01
-4.127510786056518555e-01
-7.257505655288696289e-01
1.969275593757629395e+00
5.939774513244628906e-01
-1.622243404388427734e+00
-9.158652275800704956e-02
1.443607687950134277e+00
5.776264071464538574e-01
-2.496677488088607788e-01
-6.233925223350524902e-01
-1.354659497737884521e-01
1.327479004859924316e+00
2.148589372634887695e+00
1.597519159317016602e+00
-2.490444928407669067e-01
4.259010553359985352e-01
-8.933477401733398438e-01
8.683577775955200195e-01
-1.638504266738891602e+00
9.383513033390045166e-02
5.127670168876647949e-01
7.779483199119567871e-01
1.214563727378845215e+00
-4.271255061030387878e-02
-4.503715038299560547e-02
-2.588825523853302002e-01
-2.827115356922149658e-01
-1.227821946144104004e+00
8.779097795486450195e-01
2.682915627956390381e-01
1.584195196628570557e-01
-4.921475946903228760e-01
2.517740488052368164e+00
4.634274542331695557e-01
-3.481666445732116699e-01
7.498131990432739258e-01
-2.008140325546264648e+00
-5.548074841499328613e-01
-2.022372961044311523e+00
-2.501627504825592041e-01
-7.654123008251190186e-02
2.862414419651031494e-01
-1.249445006251335144e-01
-1.172876000404357910e+00
2.164443254470825195e+00
-5.439716577529907227e-01
2.082618951797485352e+00
-7.956685423851013184e-01
-3.163967430591583252e-01
-1.199145793914794922e+00
4.081592857837677002e-01
-3.518165946006774902e-01
-6.921599507331848145e-01
-1.021807119250297546e-01
4.840661585330963135e-02
2.052258998155593872e-01
-1.355152845382690430e+00
4.121797382831573486e-01
-6.222189068794250488e-01
4.682280123233795166e-01
-4.251021146774291992e-01
-1.256920218467712402e+00
-2.508999705314636230e-01
-7.244243025779724121e-01
2.315605640411376953e+00
2.164294272661209106e-01
9.752913713455200195e-01
5.165286064147949219e-01
3.449991941452026367e-01
7.682783603668212891e-01
1.080963015556335449e-01
-9.391845464706420898e-01
7.485477924346923828e-01
5.532416701316833496e-01
-7.607148885726928711e-01
1.787416040897369385e-01
1.044182777404785156e+00
-1.813324987888336182e-01
2.651990175247192383e+00
3.958149254322052002e-02
1.597575664520263672e+00
-1.448952555656433105e+00
-6.258716583251953125e-01
9.140302240848541260e-02
1.080349445343017578e+00
1.276188373565673828e+00
-6.800484657287597656e-01
1.477095603942871094e+00
-1.358547657728195190e-01
5.691772699356079102e-01
6.554781794548034668e-01
3.460210263729095459e-01
-7.124716648831963539e-04
-6.287900805473327637e-01
-2.165228366851806641e+00
-1.209148168563842773e+00
-1.275431632995605469e+00
-1.542237520217895508e+00
7.007768154144287109e-01
-8.628266453742980957e-01
2.765114605426788330e-01
-9.300310015678405762e-01
1.040584921836853027e+00
-1.703446358442306519e-01
4.185969829559326172e-01
-4.383068978786468506e-01
-7.188081741333007812e-01
1.739714622497558594e+00
9.315788745880126953e-01
1.750034689903259277e-01
1.642338752746582031e+00
-2.356362491846084595e-01
1.312569260597229004e+00
4.207763671875000000e-01
-2.183285236358642578e+00
3.858286440372467041e-01
-9.224380254745483398e-01
-7.332611680030822754e-01
9.305229187011718750e-01
-2.918334901332855225e-01
-2.904790639877319336e-01
6.766065359115600586e-01
-6.278437376022338867e-01
-4.075064137578010559e-02
-2.909401953220367432e-01
-5.881047621369361877e-02
1.180120781064033508e-01
6.283878684043884277e-01
-6.168963313102722168e-01
-2.413458585739135742e+00
-2.281389951705932617e+00
2.138836774975061417e-03
8.544934988021850586e-01
-3.670665621757507324e-01
1.532094717025756836e+00
-6.773197650909423828e-01
-6.158995032310485840e-01
6.217759847640991211e-01
-1.335266947746276855e+00
1.588696956634521484e+00
-4.139680266380310059e-01
-2.686178386211395264e-01
2.521340847015380859e+00
-4.835825264453887939e-01
1.327293753623962402e+00
6.869856715202331543e-01
6.755046248435974121e-01
4.384691119194030762e-01
-2.396937310695648193e-01
-8.250763416290283203e-01
1.759614348411560059e+00
-5.373108983039855957e-01
-1.053024649620056152e+00
-4.895617067813873291e-01
8.914856314659118652e-01
-6.944159865379333496e-01
-2.103737592697143555e+00
-1.017513871192932129e+00
1.324708014726638794e-01
1.091650009155273438e+00
-1.432158470153808594e+00
1.358823776245117188e+00
-9.663556814193725586e-01
-1.191169738769531250e+00
1.319759011268615723e+00
-3.692932724952697754e-01
-7.756239771842956543e-01
7.645244151353836060e-02
1.503082036972045898e+00
-2.249202132225036621e-01
1.572569906711578369e-01
5.098567530512809753e-02
6.695726513862609863e-01
2.188134193420410156e-01
3.965522944927215576e-01
6.262333393096923828e-01
-1.825312018394470215e+00
-2.007904052734375000e+00
-8.792958855628967285e-01
1.195009469985961914e+00
