2.516348838806152344e+00
-1.295406460762023926e+00
3.976035118103027344e-01
-4.492803215980529785e-01
-7.721117734909057617e-01
-2.269103765487670898e+00
-6.898624897003173828e-01
-3.720375001430511475e-01
-1.729666829109191895e+00
1.957249522209167480e+00
-8.378245234489440918e-01
3.387178480625152588e-01
6.328589916229248047e-01
-9.823046922683715820e-01
-2.777017951011657715e-01
1.498922586441040039e+00
9.951593279838562012e-01
-4.821266531944274902e-01
7.609409745782613754e-03
3.330670595169067383e-01
6.929967999458312988e-01
-7.357833385467529297e-01
1.408384919166564941e+00
5.910277962684631348e-01
-1.264479756355285645e-01
2.090015709400177002e-01
-8.396613597869873047e-01
1.433447241783142090e+00
2.008819878101348877e-01
-2.845512032508850098e-01
-5.165665149688720703e-01
-1.370524644851684570e+00
8.160732984542846680e-01
4.879257380962371826e-01
1.229498982429504395e+00
-2.435583353042602539e+00
-8.983463644981384277e-01
-2.046648025512695312e+00
2.357702888548374176e-02
-6.641809940338134766e-01
1.110532999038696289e+00
-1.630490541458129883e+00
-3.707934021949768066e-01
6.738410592079162598e-01
1.030381843447685242e-01
2.533884048461914062e+00
5.970305204391479492e-01
-6.157310605049133301e-01
-1.867076158523559570e+00
-5.412794947624206543e-01
-1.281508803367614746e+00
-9.688311219215393066e-01
-6.597117185592651367e-01
-1.590404272079467773e+00
2.287864983081817627e-01
-2.953498363494873047e-01
1.208650916814804077e-01
-9.310322999954223633e-01
6.392395496368408203e-01
-4.581454396247863770e-01
-1.116783380508422852e+00
1.341789007186889648e+00
-8.314253091812133789e-01
-1.079767227172851562e+00
-3.438115417957305908e-01
8.173729181289672852e-01
7.188052535057067871e-01
3.541523814201354980e-01
2.707303464412689209e-01
-3.044831454753875732e-01
-3.154752254486083984e-01
4.779590666294097900e-01
-1.141176581382751465e+00
5.537247061729431152e-01
9.531279802322387695e-01
-6.699461489915847778e-02
-1.553519219160079956e-01
5.270254015922546387e-01
-3.855953514575958252e-01
9.358161687850952148e-02
-5.978279113769531250e-01
3.935015574097633362e-02
-2.028068751096725464e-01
-1.181601643562316895e+00
-1.043275237083435059e+00
-6.217328906059265137e-01
-9.318323731422424316e-01
4.711323603987693787e-02
-5.436882972717285156e-01
-1.599724292755126953e+00
-1.440409541130065918e+00
3.996312618255615234e-01
-1.165485829114913940e-01
7.511782646179199219e-01
7.070083022117614746e-01
1.712273508310317993e-01
-4.471367895603179932e-01
-5.054152011871337891e-01
5.538579821586608887e-01
-2.868037521839141846e-01
-7.322834134101867676e-01
-8.427383750677108765e-02
1.069061875343322754e+00
-1.113386869430541992e+00
-6.827493309974670410e-01
2.010834366083145142e-01
3.910028934478759766e-01
2.216389894485473633e+00
-1.228722929954528809e+00
-2.989565730094909668e-01
6.559191346168518066e-01
-1.834027469158172607e-01
5.161609053611755371e-01
9.823557138442993164e-01
4.586816430091857910e-01
-3.793926537036895752e-01
-2.257973104715347290e-01
1.224765896797180176e+00
-5.745000243186950684e-01
-8.008738756179809570e-01
-5.922617912292480469e-01
-1.646792411804199219e+00
1.606265187263488770e+00
-5.879868939518928528e-02
-1.688469290733337402e+00
-1.176000595092773438e+00
-8.462116122245788574e-01
-4.470818638801574707e-01
-7.198001146316528320e-01
9.369198232889175415e-02
7.534797191619873047e-01
1.292342305183410645e+00
-2.102036476135253906e-01
1.442535996437072754e+00
-1.375041902065277100e-02
-5.569386109709739685e-02
3.257032334804534912e-01
9.980012476444244385e-02
-2.786495089530944824e-01
2.344126701354980469e+00
1.034339442849159241e-01
1.003949046134948730e+00
-5.162174627184867859e-02
1.552074790000915527e+00
4.321429505944252014e-02
1.381972074508666992e+00
1.893964111804962158e-01
-1.266621828079223633e+00
-3.003725111484527588e-01
6.367402076721191406e-01
-5.166296958923339844e-01
-1.027402758598327637e+00
2.959375083446502686e-02
-1.510634660720825195e+00
3.581795990467071533e-01
-2.183822393417358398e+00
-2.785025238990783691e-01
-3.429313302040100098e-01
1.837685346603393555e+00
9.916020035743713379e-01
1.211667776107788086e+00
1.056401252746582031e+00
1.162305474281311035e+00
9.673135876655578613e-01
1.086378216743469238e+00
-1.726868510246276855e+00
1.558229774236679077e-01
2.346330881118774414e+00
1.635449409484863281e+00
3.567378520965576172e-01
6.282307440415024757e-04
-1.078105568885803223e+00
-1.245894432067871094e+00
-2.242685109376907349e-01
3.196538388729095459e-01
1.696898579597473145e+00
-1.440886616706848145e+00
1.594579662196338177e-03
-8.476322889328002930e-01
-9.832803606986999512e-01
7.940605282783508301e-01
-2.423280626535415649e-01
-1.115724086761474609e+00
7.524327039718627930e-01
2.250690937042236328e+00
1.276347935199737549e-01
-1.009989261627197266e+00
6.662341356277465820e-01
8.373477309942245483e-02
-1.254404306411743164e+00
9.781427979469299316e-01
4.985444247722625732e-01
-1.000569701194763184e+00
7.067059874534606934e-01
3.363019824028015137e-01
3.713531494140625000e-01
1.367164015769958496e+00
-4.597496688365936279e-01
2.632658481597900391e-01
-7.912548780441284180e-01
1.115955471992492676e+00
-4.178372919559478760e-01
-5.301594361662864685e-02
9.016215801239013672e-01
6.423111557960510254e-01
-4.242683351039886475e-01
8.572359085083007812e-01
-4.812104254961013794e-02
-1.408962130546569824e+00
-6.282542943954467773e-01
-2.421588182449340820e+00
-9.077867269515991211e-01
6.688157916069030762e-01
7.642633318901062012e-01
-1.468964695930480957e+00
1.457091569900512695e+00
1.771933585405349731e-01
-1.076998949050903320e+00
-1.111716270446777344e+00
1.016201376914978027e+00
-5.297238826751708984e-01
6.695258021354675293e-01
4.118827283382415771e-01
4.390564858913421631e-01
6.935647726058959961e-01
1.823854744434356689e-01
4.309997260570526123e-01
1.349273771047592163e-01
8.085262179374694824e-01
6.589472293853759766e-01
-2.000237941741943359e+00
-1.221456006169319153e-01
-1.623256802558898926e-01
6.319051980972290039e-01
-2.087465971708297729e-01
-1.588904708623886108e-01
1.678003787994384766e+00
-7.882367968559265137e-01
8.000153303146362305e-01
-8.658165335655212402e-01
-8.631653785705566406e-01
-6.723793148994445801e-01
-2.675875127315521240e-01
8.548891544342041016e-01
-8.750350028276443481e-02
6.708890199661254883e-01
-1.106112748384475708e-01
-7.173024415969848633e-01
-6.151079535484313965e-01
-1.432833790779113770e+00
-1.366021513938903809e+00
9.168837666511535645e-01
1.249723315238952637e+00
-1.642978429794311523e+00
-1.867675185203552246e+00
-2.622608900070190430e+00
4.282390177249908447e-01
5.565589666366577148e-01
-8.245229721069335938e-01
1.403867155313491821e-01
-5.146577954292297363e-01
-7.246605157852172852e-01
4.370043277740478516e-01
-3.814519941806793213e-01
-1.115364193916320801e+00
-2.608485937118530273e+00
3.094575703144073486e-01
4.305558279156684875e-02
-4.413007497787475586e-01
5.425660014152526855e-01
4.754430949687957764e-01
1.405550241470336914e-01
1.967318415641784668e+00
7.893612980842590332e-01
-1.900076746940612793e+00
1.956671029329299927e-01
-9.997938871383666992e-01
-1.776794314384460449e+00
-1.236121177673339844e+00
-3.517788648605346680e-01
-4.873465001583099365e-01
1.322319030761718750e+00
-9.913716316223144531e-01
-4.627757072448730469e-01
1.971260070800781250e+00
1.040277123451232910e+00
4.535405039787292480e-01
4.043461382389068604e-01
8.874796032905578613e-01
-2.090864181518554688e-01
9.247177243232727051e-01
1.081191658973693848e+00
-6.767653226852416992e-01
1.292522907257080078e+00
-1.016521230340003967e-01
-1.398137688636779785e+00
-2.147753834724426270e-01
3.562473356723785400e-01
-5.142163038253784180e-01
-2.344966679811477661e-01
