7.748538255691528320e-01
-3.911052271723747253e-02
-1.848345875740051270e+00
-2.171838134527206421e-01
1.109282970428466797e+00
-9.706520438194274902e-01
-1.258563280105590820e+00
1.328188300132751465e+00
5.514676570892333984e-01
-1.590599536895751953e+00
-5.892257094383239746e-01
2.982992231845855713e-01
-7.207598686218261719e-01
-8.733881711959838867e-01
-1.549862474203109741e-01
1.895104527473449707e+00
-1.195612907409667969e+00
-9.139029681682586670e-02
5.481759905815124512e-01
-2.981669604778289795e-01
4.657043516635894775e-01
-7.984099388122558594e-01
-3.077458143234252930e-01
-6.448732614517211914e-01
-6.059225276112556458e-02
2.092907279729843140e-01
8.530906438827514648e-01
-1.077853560447692871e+00
-1.105104327201843262e+00
6.196951270103454590e-01
-9.406384229660034180e-01
-1.636378467082977295e-01
-8.643066287040710449e-01
-3.827263414859771729e-01
-7.733724713325500488e-01
9.669220447540283203e-02
5.199567228555679321e-02
6.256152391433715820e-01
-2.559684276580810547e+00
-4.531627297401428223e-01
-6.645009517669677734e-01
-1.657274737954139709e-02
-2.356984853744506836e+00
-8.114845752716064453e-01
-1.231092691421508789e+00
1.246338248252868652e+00
1.126056239008903503e-01
-7.396404147148132324e-01
8.965622186660766602e-01
-1.659978866577148438e+00
-2.402541875839233398e+00
5.526316761970520020e-01
-3.291604816913604736e-01
-1.048694729804992676e+00
1.722083091735839844e+00
1.646189570426940918e+00
-1.604248404502868652e+00
-7.719594836235046387e-01
-4.670213162899017334e-01
1.046937584877014160e+00
1.104706048965454102e+00
-9.104802012443542480e-01
-5.219769105315208435e-02
-4.891754984855651855e-01
-1.684153676033020020e+00
1.625493288040161133e+00
1.011927962303161621e+00
2.181882560253143311e-01
-1.933625638484954834e-01
-8.214502334594726562e-01
4.347758591175079346e-01
1.740550637245178223e+00
-4.865076839923858643e-01
3.904948243871331215e-03
-9.242235422134399414e-01
-2.187947779893875122e-01
4.891387820243835449e-01
2.720423042774200439e-01
1.729480922222137451e-01
1.571315050125122070e+00
-1.255879521369934082e+00
-1.170066118240356445e+00
1.345363378524780273e+00
-8.965195417404174805e-01
5.372149348258972168e-01
-5.996390581130981445e-01
7.362825870513916016e-01
-1.875406146049499512e+00
6.943156570196151733e-02
-9.758647531270980835e-02
6.728075742721557617e-01
6.604236960411071777e-01
9.410493969917297363e-01
-2.912242889404296875e+00
-3.028737008571624756e-01
2.090422511100769043e-01
4.095212817192077637e-01
-1.321421980857849121e+00
1.383602976799011230e+00
9.056845903396606445e-01
-2.195585489273071289e+00
-1.652296423912048340e+00
-2.879245281219482422e-01
3.785000443458557129e-01
1.658052682876586914e+00
-4.302086830139160156e-01
-7.019137740135192871e-01
4.805639684200286865e-01
3.095185518264770508e+00
3.036797344684600830e-01
-3.432441651821136475e-01
1.320100665092468262e+00
-1.577685236930847168e+00
-2.965826094150543213e-01
8.712053298950195312e-01
-6.298998594284057617e-01
4.881637990474700928e-01
-9.331985116004943848e-01
-9.485449790954589844e-01
-9.212833642959594727e-01
-1.086314201354980469e+00
3.455524891614913940e-02
-4.606589674949645996e-01
3.331817865371704102e+00
1.419540047645568848e+00
-4.793975353240966797e-01
9.568181633949279785e-01
1.270956754684448242e+00
1.477394938468933105e+00
-7.541450858116149902e-01
-3.816556036472320557e-01
1.626335382461547852e-01
-3.534809648990631104e-01
8.973235487937927246e-01
4.171269237995147705e-01
-1.264123082160949707e+00
2.176316976547241211e-01
-1.659859895706176758e+00
-5.030857324600219727e-01
-9.418229460716247559e-01
4.908415079116821289e-01
-6.288670897483825684e-01
-6.305326819419860840e-01
-7.577049732208251953e-01
-5.037118792533874512e-01
-2.902031503617763519e-02
-1.437803149223327637e+00
1.328910470008850098e+00
1.227161139249801636e-01
-3.115618526935577393e-01
-8.489658832550048828e-01
-6.803311109542846680e-01
-1.461184471845626831e-01
1.200838208198547363e+00
1.505626440048217773e+00
-1.455285906791687012e+00
4.537402186542749405e-03
-8.297808170318603516e-01
-5.947782397270202637e-01
4.945838153362274170e-01
1.360653162002563477e+00
7.172102332115173340e-01
-1.246738359332084656e-01
-2.019123077392578125e+00
1.455326676368713379e+00
-1.003690287470817566e-01
-2.508162558078765869e-01
3.537417650222778320e-01
4.857717454433441162e-01
7.411677241325378418e-01
8.078931570053100586e-01
1.624790877103805542e-01
-2.532427608966827393e-01
2.932808697223663330e-01
-1.581458568572998047e+00
-2.920476794242858887e-01
-1.268234848976135254e+00
-1.252279639244079590e+00
-1.781474113464355469e+00
9.847177565097808838e-02
-6.420652270317077637e-01
2.096321284770965576e-01
2.685050249099731445e+00
5.989471077919006348e-01
-1.082228779792785645e+00
-3.960443735122680664e-01
-4.905450046062469482e-01
4.567236900329589844e-01
-1.470921635627746582e-01
-8.393618464469909668e-01
3.070412576198577881e-01
-4.148179292678833008e-01
9.386100172996520996e-01
-1.627617597579956055e+00
-3.374850749969482422e-01
3.042771108448505402e-02
-3.341615796089172363e-01
-1.060890555381774902e-01
-9.901570081710815430e-01
-5.831098556518554688e-01
6.943749263882637024e-03
-4.070860520005226135e-02
-9.802866578102111816e-01
5.643947720527648926e-01
-2.250541895627975464e-01
1.346389055252075195e+00
-5.813860893249511719e-01
7.810531854629516602e-01
-3.656428679823875427e-02
2.817291021347045898e-01
-1.429787278175354004e+00
7.341495752334594727e-01
-1.612368226051330566e+00
8.721202015876770020e-01
7.035906910896301270e-01
3.255221843719482422e+00
-1.193227767944335938e+00
1.667836546897888184e+00
-1.044309854507446289e+00
3.565670177340507507e-02
6.949272155761718750e-01
6.527460217475891113e-01
-5.625136494636535645e-01
4.576851725578308105e-01
-1.308775067329406738e+00
-1.049024701118469238e+00
2.393647730350494385e-01
1.355749249458312988e+00
1.752033591270446777e+00
2.520505189895629883e-01
-9.010937213897705078e-01
-8.554276823997497559e-01
-9.866772890090942383e-01
-2.849968075752258301e-01
7.082552313804626465e-01
-3.981938362121582031e-01
1.095610141754150391e+00
2.204337567090988159e-01
-1.308423280715942383e-01
1.585451960563659668e-01
-1.158285737037658691e+00
-5.535880327224731445e-01
-2.777062952518463135e-01
3.140522837638854980e-01
2.069410562515258789e+00
-1.790454685688018799e-01
6.815848350524902344e-01
-7.299787998199462891e-01
8.303894400596618652e-01
-2.019866257905960083e-01
-1.991777271032333374e-01
-5.289785265922546387e-01
-1.659861765801906586e-02
-3.215110003948211670e-01
-4.032787680625915527e-01
1.140652060508728027e+00
-1.173517346382141113e+00
-1.440953314304351807e-01
1.290654420852661133e+00
-1.113899946212768555e+00
-2.080559492111206055e+00
-2.665197551250457764e-01
-1.122462034225463867e+00
3.864942491054534912e-01
-1.020915389060974121e+00
-2.904695225879549980e-03
1.008436799049377441e+00
3.182226717472076416e-01
-1.551998257637023926e+00
1.803050339221954346e-01
-4.555352032184600830e-01
1.099025368690490723e+00
-3.603307604789733887e-01
2.010464221239089966e-01
-5.175439119338989258e-01
-6.212050840258598328e-02
1.834595203399658203e+00
-6.860055923461914062e-01
5.905305743217468262e-01
-8.732593804597854614e-02
4.679608345031738281e-01
-8.899562358856201172e-01
-2.221930772066116333e-01
-1.008855223655700684e+00
-1.049673676490783691e+00
-1.868130922317504883e+00
2.713486850261688232e-01
-1.592798978090286255e-01
-3.675674498081207275e-01
-3.308856487274169922e-02
2.265083342790603638e-01
8.979536294937133789e-01
-1.981865763664245605e+00
-8.466100692749023438e-01
4.245099127292633057e-01
8.875341415405273438e-01
-1.471142292022705078e+00
8.886609226465225220e-02
-1.066784143447875977e+00
-1.077939391136169434e+00
1.346946358680725098e+00
-5.332584381103515625e-01
7.636051177978515625e-01
-7.937216162681579590e-01
-8.100254535675048828e-01
-1.647749781608581543e+00
1.153746470808982849e-01
-5.361806228756904602e-02
-1.128788948059082031e+00
-9.270818233489990234e-01
5.534846782684326172e-01
5.680712461471557617e-01
3.621764183044433594e-01
-6.755717396736145020e-01
4.105607867240905762e-01
-2.267491340637207031e+00
-1.428096890449523926e-01
-5.835347771644592285e-01
-5.706232786178588867e-01
1.878830432891845703e+00
-1.028940558433532715e+00
-5.353133678436279297e-01
7.571226358413696289e-01
1.017451405525207520e+00
-1.149558305740356445e+00
-1.093670248985290527e+00
-1.189065456390380859e+00
1.462886571884155273e+00
1.230961177498102188e-02
4.866867363452911377e-01
-1.847898006439208984e+00
7.145155072212219238e-01
7.201979160308837891e-01
-2.946374118328094482e-01
1.440600752830505371e-01
-6.694483757019042969e-01
-2.758706510066986084e-01
-3.425257802009582520e-01
-1.238562539219856262e-01
1.074283123016357422e+00
1.374996662139892578e+00
3.942295163869857788e-02
-1.858196109533309937e-01
-7.712872624397277832e-01
-9.907887876033782959e-02
3.038169443607330322e-01
6.571827530860900879e-01
-2.203274011611938477e+00
-4.569666385650634766e-01
-8.124440908432006836e-01
-5.291278958320617676e-01
-5.893794298171997070e-01
1.279934048652648926e+00
8.405268788337707520e-01
1.661095499992370605e+00
-6.544083952903747559e-01
-1.747772693634033203e-01
-2.124879598617553711e+00
1.218497872352600098e+00
-2.885019183158874512e-01
-7.562324404716491699e-02
-7.958555817604064941e-01
7.272638678550720215e-01
-5.670585632324218750e-01
-1.052463889122009277e+00
-1.442191958427429199e+00
9.763333201408386230e-01
4.805708527565002441e-01
-1.742560148239135742e+00
2.398316144943237305e+00
7.254213094711303711e-01
9.789133071899414062e-02
-2.494846880435943604e-01
1.026743531227111816e+00
-3.414992094039916992e-01
-1.432525068521499634e-01
1.118703603744506836e+00
2.104858636856079102e+00
9.439767003059387207e-01
2.697448730468750000e-01
4.784261882305145264e-01
6.814681291580200195e-01
1.414167404174804688e+00
6.316400766372680664e-01
-1.187794327735900879e+00
1.514825820922851562e+00
4.977282881736755371e-01
-8.591734617948532104e-02
6.414819955825805664e-01
-6.877148151397705078e-02
8.543055653572082520e-01
-6.890031099319458008e-01
-5.460382103919982910e-01
-6.481805443763732910e-01
1.275517106056213379e+00
-1.922034919261932373e-01
-1.450849294662475586e+00
-2.315221428871154785e-01
-1.666056811809539795e-01
-2.143869847059249878e-01
