-1.105132699012756348e+00
-4.597749710083007812e-01
-7.503790855407714844e-01
1.890168309211730957e+00
1.570780873298645020e-01
2.487634122371673584e-01
-1.307603359222412109e+00
1.270918846130371094e-01
-7.414679527282714844e-01
3.757550716400146484e-01
4.328211247920989990e-01
8.950419723987579346e-03
-1.008432358503341675e-01
2.185711860656738281e+00
-3.458863794803619385e-01
1.416468143463134766e+00
-2.156588435173034668e-01
-8.125551342964172363e-01
-7.866585850715637207e-01
1.433609575033187866e-01
-5.782229304313659668e-01
2.186338663101196289e+00
5.579598248004913330e-02
-9.894305467605590820e-01
6.826522201299667358e-02
-3.384127020835876465e-01
1.514200866222381592e-01
-9.574711322784423828e-01
1.406408101320266724e-01
7.268485426902770996e-02
-1.891945838928222656e+00
-2.149024307727813721e-01
-1.711765170097351074e+00
9.502346515655517578e-01
1.118354678153991699e+00
-9.111576080322265625e-01
1.721420884132385254e-02
-1.312061548233032227e+00
2.576495707035064697e-01
4.825619235634803772e-02
5.520087480545043945e-01
-1.323984980583190918e+00
-3.125370442867279053e-01
-3.337345421314239502e-01
-1.226452589035034180e+00
7.062599062919616699e-01
-4.752147197723388672e-01
-1.138048648834228516e+00
-1.512638181447982788e-01
1.062747120857238770e+00
1.088389635086059570e+00
-3.092458546161651611e-01
-1.528639078140258789e+00
3.451127111911773682e-01
3.480477035045623779e-01
9.273076802492141724e-02
2.189670354127883911e-01
-3.555212914943695068e-01
1.582892060279846191e+00
-1.919755935668945312e+00
7.431964278221130371e-01
1.001188397407531738e+00
2.799126148223876953e+00
-1.821766138076782227e+00
5.030308365821838379e-01
-8.475837111473083496e-02
4.598655700683593750e-01
1.966279931366443634e-02
1.542629718780517578e+00
2.820383906364440918e-01
1.135102152824401855e+00
-1.579312980175018311e-01
-3.087162673473358154e-01
-8.151656389236450195e-01
-1.715016126632690430e+00
-1.183341383934020996e+00
-6.667600274085998535e-01
-1.203933507204055786e-01
-1.461517214775085449e+00
-1.763184547424316406e+00
4.379447922110557556e-02
-1.927623748779296875e-01
3.441741168498992920e-01
5.395487546920776367e-01
-1.364066958427429199e+00
-5.863146483898162842e-02
-1.155381053686141968e-01
-3.733507096767425537e-01
-6.897437572479248047e-01
9.013351798057556152e-02
-2.101119309663772583e-01
2.440060377120971680e+00
1.277489185333251953e+00
1.209994316101074219e+00
8.415763974189758301e-01
-8.920698165893554688e-01
1.714696586132049561e-01
1.589137673377990723e+00
1.220012187957763672e+00
-1.183359026908874512e+00
1.507143378257751465e-01
-4.193495512008666992e-01
1.063168406486511230e+00
-1.675384640693664551e+00
-1.520726084709167480e+00
-8.955715298652648926e-01
1.145671129226684570e+00
-2.174018770456314087e-01
2.731341719627380371e-01
-3.543395996093750000e-01
1.582726597785949707e+00
1.321106791496276855e+00
1.878495663404464722e-01
-1.251395791769027710e-01
1.902436763048171997e-01
8.720247745513916016e-01
-1.478488594293594360e-01
-5.304553508758544922e-01
7.510302662849426270e-01
-2.005723863840103149e-01
3.566216230392456055e-01
-1.076776981353759766e+00
5.014879703521728516e-01
-2.401274591684341431e-01
6.557424068450927734e-01
-2.420330047607421875e-01
1.721403241157531738e+00
3.614945709705352783e-02
4.925734400749206543e-01
-3.846934437751770020e-01
-1.268128395080566406e+00
-5.479021072387695312e-01
2.252872288227081299e-01
-2.258164733648300171e-01
1.171748638153076172e+00
6.351718902587890625e-01
-1.382438659667968750e+00
-7.112471461296081543e-01
2.120362520217895508e-01
-3.082053661346435547e-01
-3.903991878032684326e-01
-9.214666485786437988e-01
-1.594176888465881348e+00
8.281534910202026367e-01
-3.103355169296264648e-01
-5.177298784255981445e-01
1.381630778312683105e+00
1.984632611274719238e+00
-2.021405100822448730e-01
2.476923316717147827e-01
-9.362051486968994141e-01
-6.011799573898315430e-01
1.255648851394653320e+00
8.360942602157592773e-01
2.837067246437072754e-01
-1.219259381294250488e+00
-7.465474605560302734e-01
2.393707484006881714e-01
1.184356927871704102e+00
6.523230671882629395e-01
2.940054237842559814e-01
1.314644694328308105e+00
9.394627213478088379e-01
7.245298027992248535e-01
-1.266893982887268066e+00
-1.071303963661193848e+00
2.290717810392379761e-01
-2.726883292198181152e-01
5.489405393600463867e-01
3.654145002365112305e-01
-6.635885834693908691e-01
1.024525642395019531e+00
1.643449664115905762e-01
-2.810385823249816895e-01
2.759480774402618408e-01
-9.144352674484252930e-01
7.030209898948669434e-01
1.445393443107604980e+00
-1.527579873800277710e-01
3.343263268470764160e-01
-1.519551426172256470e-01
-5.199589729309082031e-01
7.272458672523498535e-01
-9.120444655418395996e-01
5.005761981010437012e-01
-5.633034110069274902e-01
2.210529565811157227e+00
5.945275425910949707e-01
1.862467080354690552e-01
1.941369414329528809e+00
7.808552384376525879e-01
-1.069693803787231445e+00
-5.340722799301147461e-01
7.614258527755737305e-01
-1.799010485410690308e-01
-4.655387699604034424e-01
-7.991656064987182617e-01
-7.476744055747985840e-01
6.540094614028930664e-01
1.206491589546203613e+00
-4.824678599834442139e-01
-1.996813118457794189e-01
-8.727830052375793457e-01
-3.076500892639160156e-01
2.080181360244750977e+00
6.268932223320007324e-01
-4.361934959888458252e-01
6.471736822277307510e-03
1.752110481262207031e+00
1.213979601860046387e+00
2.780624032020568848e-01
7.238415628671646118e-02
-8.167163133621215820e-01
-5.944849848747253418e-01
1.068800449371337891e+00
-2.826969623565673828e-01
-1.999834626913070679e-01
-2.036280393600463867e+00
-4.111665487289428711e-01
-5.165558457374572754e-01
-2.756721973419189453e-01
-6.152393817901611328e-01
-2.933375835418701172e-01
-4.956197738647460938e-01
-4.499847590923309326e-01
-4.711565971374511719e-01
-8.875444531440734863e-01
-1.078771233558654785e+00
9.571816921234130859e-01
4.111924171447753906e-01
9.731222391128540039e-01
2.327915430068969727e+00
-2.211542129516601562e+00
1.037329316139221191e+00
-1.924245208501815796e-01
1.118792071938514709e-01
7.370285391807556152e-01
1.113059446215629578e-01
-5.035382509231567383e-01
-1.485655754804611206e-01
-3.716633617877960205e-01
1.229677915573120117e+00
1.155320525169372559e+00
5.459485650062561035e-01
-8.164591193199157715e-01
-1.001008272171020508e+00
-8.422504663467407227e-01
-1.164068341255187988e+00
-2.098932027816772461e+00
3.651534020900726318e-01
-1.579198986291885376e-01
-5.380455255508422852e-01
-6.256980895996093750e-01
9.903379082679748535e-01
7.665976881980895996e-01
1.114295363426208496e+00
-1.626235723495483398e+00
-1.301724672317504883e+00
-5.182748436927795410e-01
-2.202725172042846680e+00
-2.880240380764007568e-01
-7.052838057279586792e-02
6.549945473670959473e-01
-4.996850490570068359e-01
1.887676268815994263e-01
1.136395812034606934e+00
-1.897389441728591919e-01
-7.380177378654479980e-01
-4.141342937946319580e-01
4.510309398174285889e-01
-5.463780164718627930e-01
1.961375176906585693e-01
-1.211750388145446777e+00
1.414535641670227051e+00
-2.121402472257614136e-01
4.599519073963165283e-02
-7.634302377700805664e-01
-1.134945511817932129e+00
6.328631639480590820e-01
2.255342155694961548e-01
-3.549454212188720703e-01
-5.553274750709533691e-01
-1.178213119506835938e+00
3.621098101139068604e-01
-1.394229292869567871e+00
1.149293303489685059e+00
-1.964395493268966675e-02
-1.879116594791412354e-01
5.940427184104919434e-01
-9.538011550903320312e-01
-1.131665825843811035e+00
-1.297361731529235840e+00
5.878627672791481018e-02
-7.437046766281127930e-01
-6.389170140027999878e-02
5.530391633510589600e-02
1.122315883636474609e+00
-9.311995506286621094e-01
-1.369660258293151855e+00
-1.449234604835510254e+00
7.662392854690551758e-01
-2.039763927459716797e+00
-2.984716892242431641e-01
-1.651241779327392578e+00
3.448827266693115234e-01
7.726830840110778809e-01
-2.315025962889194489e-02
3.941200673580169678e-02
-1.488821625709533691e+00
5.003978013992309570e-01
1.302972912788391113e+00
-2.346792966127395630e-01
-2.899153232574462891e+00
-1.793816536664962769e-01
-1.157444417476654053e-01
-1.345910310745239258e+00
3.702875673770904541e-01
-8.962554931640625000e-01
4.660532474517822266e-01
-3.876193761825561523e-01
-2.749125361442565918e-01
-1.374554991722106934e+00
2.670221263542771339e-03
-1.346682429313659668e+00
6.547348499298095703e-01
-4.438316822052001953e-01
1.470813274383544922e+00
-2.003945827484130859e+00
-9.580481648445129395e-01
1.682173609733581543e+00
1.425101161003112793e+00
3.553267940878868103e-02
-1.192827105522155762e+00
-2.194118499755859375e+00
4.203908145427703857e-01
-2.517770230770111084e-01
-1.205845952033996582e+00
6.137720942497253418e-01
6.036961078643798828e-01
9.949712753295898438e-01
2.631939053535461426e-01
3.235638141632080078e-01
-1.060540199279785156e+00
-3.222184181213378906e-01
-5.402735471725463867e-01
-1.372891068458557129e-01
-9.556045532226562500e-01
4.231455922126770020e-01
-8.269063830375671387e-01
6.547157168388366699e-01
-4.860422313213348389e-01
1.437077760696411133e+00
1.241784214973449707e+00
8.516420125961303711e-01
-6.933666467666625977e-01
-1.090826392173767090e+00
-7.908048033714294434e-01
2.846168518066406250e+00
2.451972365379333496e-01
1.032427072525024414e+00
-7.457077503204345703e-01
9.313169121742248535e-01
1.754166483879089355e+00
2.123430490493774414e+00
2.834512293338775635e-01
7.161723375320434570e-01
1.534888863563537598e+00
-1.540861368179321289e+00
7.112005352973937988e-01
5.935674905776977539e-01
-7.954223155975341797e-01
3.247568011283874512e-01
-4.632351398468017578e-01
-5.457058548927307129e-02
-1.053361594676971436e-01
-3.619816899299621582e-01
8.545503616333007812e-01
-8.246602118015289307e-02
-8.613823652267456055e-01
7.877835631370544434e-01
-1.653617739677429199e+00
-6.776366829872131348e-01
-4.618089497089385986e-01
-9.806768894195556641e-01
3.015647232532501221e-01
1.275551795959472656e+00
5.264763236045837402e-01
-4.182161688804626465e-01
-7.135205864906311035e-01
1.463469028472900391e+00
-7.164773941040039062e-01
2.691927738487720490e-02
1.129137635231018066e+00
1.021010160446166992e+00
-1.027366280555725098e+00
-9.241710901260375977e-01
6.529237627983093262e-01
1.022885799407958984e+00
5.729496479034423828e-01
9.143014997243881226e-02
-5.597450733184814453e-01
1.724395784549415112e-03
3.774443864822387695e-01
-2.391334325075149536e-01
2.997267842292785645e-01
1.629153490066528320e-01
-1.348296642303466797e+00
1.121635198593139648e+00
-1.540503352880477905e-01
1.556430101394653320e+00
1.214905142784118652e+00
4.474827647209167480e-01
-6.483902689069509506e-03
-6.977127790451049805e-01
4.656709134578704834e-01
1.662928700447082520e+00
5.922232866287231445e-01
-2.271147631108760834e-02
-3.526181578636169434e-01
-1.081319689750671387e+00
1.246667504310607910e+00
2.593183517456054688e-01
1.608925819396972656e+00
-1.214858770370483398e+00
7.636853456497192383e-01
8.382696509361267090e-01
6.110220551490783691e-01
7.652196884155273438e-01
4.948424100875854492e-01
-1.575947403907775879e+00
-4.406844452023506165e-02
-4.808985590934753418e-01
2.389577180147171021e-01
2.054064750671386719e+00
1.071583479642868042e-02
-1.382979899644851685e-01
1.517456173896789551e+00
2.026257514953613281e+00
7.207340598106384277e-01
3.329970836639404297e-01
-8.746520280838012695e-01
-1.608185648918151855e+00
3.600446879863739014e-01
-1.688834726810455322e-01
1.034718230366706848e-01
-7.647551298141479492e-01
-5.569246411323547363e-01
3.104778192937374115e-02
5.507559180259704590e-01
1.082447171211242676e+00
1.068353176116943359e+00
1.263552308082580566e-01
1.243680715560913086e+00
3.195082843303680420e-01
9.214585423469543457e-01
-1.303071677684783936e-01
6.514410376548767090e-01
3.501624614000320435e-02
9.569944143295288086e-01
-6.674646735191345215e-01
-3.702848851680755615e-01
-4.987996816635131836e-01
1.239343643188476562e+00
-1.006405353546142578e-01
-6.920561194419860840e-02
4.107146561145782471e-01
-1.111445501446723938e-01
-9.908971786499023438e-01
6.026482582092285156e-01
-5.415185093879699707e-01
-3.588755726814270020e-01
-5.496755838394165039e-01
2.659453868865966797e+00
5.365456938743591309e-01
5.063746590167284012e-03
-2.030494213104248047e+00
6.514520645141601562e-01
3.261809349060058594e-01
-1.159720048308372498e-01
4.379134774208068848e-01
-3.375627696514129639e-01
1.238767862319946289e+00
1.890306353569030762e+00
1.496812820434570312e+00
9.803597927093505859e-01
5.459832549095153809e-01
-1.082110285758972168e+00
-2.223046779632568359e+00
-4.258097112178802490e-01
-6.795119643211364746e-01
4.498503208160400391e-01
-5.597066283226013184e-01
-1.896504521369934082e+00
-4.339441061019897461e-01
2.046899795532226562e+00
-6.548688411712646484e-01
-1.755046695470809937e-01
-4.787616133689880371e-01
-1.231729984283447266e+00
-3.261369168758392334e-01
7.333865761756896973e-01
-2.452283501625061035e-01
4.916484355926513672e-01
1.049236580729484558e-02
6.687166094779968262e-01
1.543958425521850586e+00
5.642064213752746582e-01
4.217556416988372803e-01
-4.801772534847259521e-02
-4.647461771965026855e-01
-5.175113677978515625e-01
3.145061731338500977e-01
2.084869444370269775e-01
-2.221642285585403442e-01
6.955975294113159180e-01
-2.274986207485198975e-01
-1.451236158609390259e-01
1.203115209937095642e-01
1.575365900993347168e+00
-8.384819328784942627e-02
-6.185273528099060059e-01
1.809804081916809082e+00
-7.408704161643981934e-01
-1.712197065353393555e+00
-8.759565949440002441e-01
-3.262880444526672363e-01
5.074957013130187988e-01
1.343736410140991211e+00
1.065817117691040039e+00
1.007495999336242676e+00
5.531202554702758789e-01
7.305005788803100586e-01
5.502617359161376953e-01
-2.976382076740264893e-01
-2.867211103439331055e-01
-3.141045272350311279e-01
-4.140595793724060059e-01
1.212269186973571777e+00
-9.442371129989624023e-02
1.043831586837768555e+00
1.013097286224365234e+00
2.176880598068237305e+00
-1.217556715011596680e+00
2.927711606025695801e-01
-6.446211934089660645e-01
2.304263830184936523e+00
-1.800874829292297363e+00
1.975331008434295654e-01
1.212766766548156738e+00
-5.059469938278198242e-01
-7.039148807525634766e-01
4.473547041416168213e-01
1.648158907890319824e+00
-3.164940178394317627e-01
-1.260346770286560059e+00
-7.581996321678161621e-01
-4.374473690986633301e-01
7.453460693359375000e-01
-7.308460474014282227e-01
1.468184124678373337e-02
1.755798310041427612e-01
-7.478669881820678711e-01
6.604392081499099731e-02
5.565412044525146484e-01
-1.115377902984619141e+00
-4.732543528079986572e-01
2.023640871047973633e+00
-1.207050800323486328e+00
6.526346206665039062e-01
-2.239864505827426910e-02
-3.279907628893852234e-02
7.351835072040557861e-02
-2.836077809333801270e-01
-9.751758575439453125e-01
5.383800342679023743e-02
-7.087566852569580078e-01
-5.118598341941833496e-01
-5.786634087562561035e-01
4.542618095874786377e-01
8.474223613739013672e-01
-5.727649927139282227e-01
-1.307192325592041016e+00
1.564725995063781738e+00
6.464148759841918945e-01
1.501864671707153320e+00
7.724758982658386230e-01
1.258923858404159546e-01
-6.029058694839477539e-01
5.449084043502807617e-01
-9.072108566761016846e-02
1.244249224662780762e+00
3.765573501586914062e-01
4.238611161708831787e-01
-6.375290453433990479e-02
1.018558382987976074e+00
4.737856686115264893e-01
-1.017115712165832520e+00
7.411116957664489746e-01
2.155900597572326660e-01
6.877396106719970703e-01
-5.199556797742843628e-02
-7.872408032417297363e-01
-3.313058018684387207e-01
-1.108751535415649414e+00
8.676522970199584961e-01
1.409109711647033691e+00
-9.200567603111267090e-01
5.534207224845886230e-01
-6.308924555778503418e-01
1.104825854301452637e+00
2.118655204772949219e+00
2.312937021255493164e+00
-8.803794384002685547e-01
3.897848725318908691e-01
1.870690226554870605e+00
1.118203043937683105e+00
-6.663765907287597656e-01
-1.847863316535949707e+00
-6.012226268649101257e-02
1.028049707412719727e+00
2.060355186462402344e+00
-2.301830530166625977e+00
1.073243379592895508e+00
2.093865275382995605e-01
-2.436619624495506287e-02
3.270793557167053223e-01
1.058928519487380981e-01
-7.818664610385894775e-02
-4.762853384017944336e-01
1.058929681777954102e+00
-7.680684924125671387e-01
-9.644505977630615234e-01
8.716677427291870117e-01
-4.298626482486724854e-01
-1.411807894706726074e+00
-8.488180041313171387e-01
2.983051538467407227e-01
-4.843757450580596924e-01
-4.777570068836212158e-01
2.191602438688278198e-02
6.647805571556091309e-01
4.486796557903289795e-01
7.621737122535705566e-01
-1.754260063171386719e+00
6.531357169151306152e-01
-1.899754256010055542e-01
-1.389728337526321411e-01
-2.008568286895751953e+00
1.801807165145874023e+00
7.577528357505798340e-01
6.901513934135437012e-01
4.722277820110321045e-01
1.145555138587951660e+00
1.694483906030654907e-01
1.902837306261062622e-01
-1.831836462020874023e+00
-1.913933277130126953e+00
5.319929122924804688e-01
-4.011702537536621094e-01
2.601841986179351807e-01
6.726122498512268066e-01
-1.129049956798553467e-01
3.343869745731353760e-01
8.566352128982543945e-01
6.748577356338500977e-01
6.286530494689941406e-01
1.142909646034240723e+00
2.610454857349395752e-01
-4.438316524028778076e-01
2.659557461738586426e-01
-1.238847732543945312e+00
7.918572425842285156e-01
6.069374829530715942e-02
-1.067247509956359863e+00
-5.894293263554573059e-02
9.710396528244018555e-01
-1.604388833045959473e+00
-1.280482769012451172e+00
-9.571281075477600098e-02
1.488653063774108887e+00
-6.261066794395446777e-01
-6.192654967308044434e-01
8.230804204940795898e-01
1.553759455680847168e+00
-3.133418038487434387e-02
2.265792846679687500e+00
-1.316405773162841797e+00
4.692827463150024414e-01
-1.281923890113830566e+00
-2.293299734592437744e-01
-3.731219768524169922e-01
-6.227394342422485352e-01
6.586416959762573242e-01
1.914338231086730957e+00
-4.352686107158660889e-01
6.640418767929077148e-01
5.037413239479064941e-01
-3.076509237289428711e-01
-1.031067013740539551e+00
-2.972713708877563477e+00
-1.251420736312866211e+00
1.834187656641006470e-01
-4.717681407928466797e-01
3.116857707500457764e-01
8.437613248825073242e-01
-4.792445302009582520e-01
1.061491131782531738e+00
3.754116892814636230e-01
-7.213581800460815430e-01
-3.081031739711761475e-01
-6.310188025236129761e-02
-1.849171280860900879e+00
-2.187839597463607788e-01
-3.172774314880371094e-01
-3.469482809305191040e-02
1.412042498588562012e+00
-3.956035524606704712e-02
4.385977685451507568e-01
-1.527362704277038574e+00
8.240005970001220703e-01
3.369877636432647705e-01
2.938437700271606445e+00
-9.212883710861206055e-01
-9.645406007766723633e-01
1.274078965187072754e+00
-1.558739542961120605e-01
-1.921107530593872070e+00
-5.152994394302368164e-01
-2.043820381164550781e+00
7.601393461227416992e-01
5.469719171524047852e-01
-1.663521766662597656e+00
-2.712034285068511963e-01
-3.750771880149841309e-01
-1.698634743690490723e+00
-8.696365356445312500e-01
1.185103416442871094e+00
1.192679882049560547e+00
-4.938848614692687988e-01
1.721950054168701172e+00
1.067562177777290344e-01
4.416635930538177490e-01
-3.602627515792846680e-01
-7.928867936134338379e-01
-4.309806823730468750e-01
7.806144952774047852e-01
-4.699427783489227295e-01
-5.189785361289978027e-01
4.426480457186698914e-02
-1.345083475112915039e+00
-1.634220838546752930e+00
8.705275058746337891e-01
8.745395541191101074e-01
-2.150484621524810791e-01
-1.517040431499481201e-01
6.113055944442749023e-01
-5.476499199867248535e-01
6.610792130231857300e-03
6.313351914286613464e-03
-9.443852305412292480e-01
8.066638708114624023e-01
1.296012878417968750e+00
-2.769955098628997803e-01
-1.446799397468566895e+00
-7.680736780166625977e-01
1.052953768521547318e-02
2.489265948534011841e-01
1.970855742692947388e-01
-1.483198441565036774e-02
-5.234154406934976578e-03
7.566995024681091309e-01
1.992871642112731934e+00
8.207384347915649414e-01
6.371216177940368652e-01
2.204689264297485352e+00
-9.437097907066345215e-01
3.341186046600341797e-02
4.705994427204132080e-01
-7.675844430923461914e-01
1.493228554725646973e+00
-8.200476169586181641e-01
6.746798157691955566e-01
1.085102409124374390e-01
-2.662779986858367920e-01
5.699566006660461426e-01
-1.147988200187683105e+00
9.087623953819274902e-01
8.703978657722473145e-01
-4.050932358950376511e-03
-6.865335106849670410e-01
-7.175523638725280762e-01
7.640802264213562012e-01
-7.976854443550109863e-01
-5.331230759620666504e-01
2.781613349914550781e+00
1.386358380317687988e+00
2.787027657032012939e-01
3.447789847850799561e-01
-1.131044268608093262e+00
1.667630076408386230e+00
