-1.603662669658660889e-01
-1.027820706367492676e+00
-7.801306992769241333e-02
1.021084666252136230e+00
-6.324254870414733887e-01
-4.277208745479583740e-01
-7.443816065788269043e-01
7.747085690498352051e-01
7.844849228858947754e-01
-8.872024416923522949e-01
-9.459999203681945801e-01
-1.191685318946838379e+00
6.629993021488189697e-02
9.460399746894836426e-01
-1.009078860282897949e+00
4.004047513008117676e-01
2.241417616605758667e-01
-3.355600833892822266e-01
-2.507815137505531311e-02
-4.720850586891174316e-01
-4.388886094093322754e-01
9.869138598442077637e-01
8.079137206077575684e-01
6.986876130104064941e-01
4.013377726078033447e-01
5.228345394134521484e-01
1.085684537887573242e+00
-7.529219985008239746e-01
1.824380755424499512e-01
6.609647870063781738e-01
5.630837287753820419e-03
2.048261761665344238e-01
-3.449819050729274750e-03
1.384901881217956543e+00
4.518896043300628662e-01
5.431413650512695312e-01
6.454660892486572266e-01
-6.952017545700073242e-01
2.249248266220092773e+00
1.388748884201049805e-01
3.313592076301574707e-01
1.625000387430191040e-01
1.334099797531962395e-03
5.985396504402160645e-01
-9.633917808532714844e-01
-5.117444992065429688e-01
-1.301042675971984863e+00
2.171215415000915527e-01
5.012776851654052734e-01
-1.809909343719482422e-01
-8.984997272491455078e-01
-2.098643928766250610e-01
-1.157816171646118164e+00
1.294351339340209961e+00
6.076975464820861816e-01
-1.052368283271789551e+00
-1.246711134910583496e+00
-1.255470633506774902e+00
-1.364970803260803223e+00
-4.117758572101593018e-01
-1.187964320182800293e+00
-9.525117874145507812e-01
-4.770937860012054443e-01
-1.307513475418090820e+00
-9.395254850387573242e-01
-1.650812506675720215e+00
8.355166912078857422e-01
8.359731435775756836e-01
-1.555227875709533691e+00
2.027070075273513794e-01
-3.371050357818603516e-01
7.989168167114257812e-03
-2.507864534854888916e-01
-6.112971901893615723e-01
1.294604420661926270e+00
1.387360215187072754e+00
-1.452947735786437988e+00
2.005349397659301758e-01
-3.024477064609527588e-01
-9.711918979883193970e-02
4.057980775833129883e-01
5.596826076507568359e-01
-1.024680212140083313e-01
-1.119972467422485352e+00
-6.547820568084716797e-01
1.078638195991516113e+00
-5.122114419937133789e-01
1.712638854980468750e+00
-1.111419320106506348e+00
4.040170907974243164e-01
2.259084135293960571e-01
-7.801694869995117188e-01
-2.472875267267227173e-01
-6.873136162757873535e-01
1.470189690589904785e+00
-9.239644557237625122e-02
-8.933588862419128418e-02
1.159806609153747559e+00
9.908862709999084473e-01
8.952065706253051758e-01
3.341366350650787354e-01
1.268375873565673828e+00
-6.620657444000244141e-01
9.117239713668823242e-01
1.937835067510604858e-01
-1.115890979766845703e+00
3.879292905330657959e-01
-3.009262979030609131e-01
1.689816713333129883e+00
-2.459060251712799072e-01
-2.409461438655853271e-01
-2.205119609832763672e+00
-9.016451425850391388e-03
9.668303728103637695e-01
2.520286142826080322e-01
-7.945066094398498535e-01
1.391150116920471191e+00
1.480922937393188477e+00
-3.986954092979431152e-01
-1.060272693634033203e+00
3.292863965034484863e-01
-1.556041836738586426e-01
3.248778283596038818e-01
2.112615108489990234e-01
-1.761735439300537109e+00
6.373077034950256348e-01
2.713652551174163818e-01
-1.035138845443725586e+00
-9.708928465843200684e-01
5.000820755958557129e-01
-4.382753670215606689e-01
1.784629464149475098e+00
-9.043615460395812988e-01
-2.863493561744689941e-01
-4.513178765773773193e-01
9.783763438463211060e-02
2.470528930425643921e-01
1.544548153877258301e+00
1.252727389335632324e+00
4.337511658668518066e-01
-8.106995820999145508e-01
-3.590901792049407959e-01
-7.531037330627441406e-01
-1.888835668563842773e+00
3.060474395751953125e-01
1.116760611534118652e+00
-9.419140219688415527e-01
2.887669801712036133e-01
3.386506438255310059e-01
-3.112719357013702393e-01
-1.451831579208374023e+00
-1.831716179847717285e+00
-3.659597039222717285e-01
4.627061262726783752e-02
-9.531852602958679199e-01
-3.008153438568115234e-01
-8.723422288894653320e-01
1.561721801757812500e+00
-7.326996922492980957e-01
-7.814428210258483887e-01
-5.460947155952453613e-01
-3.406360978260636330e-03
-4.770040214061737061e-01
1.102678298950195312e+00
4.283635020256042480e-01
-4.566937685012817383e-01
8.819317817687988281e-01
1.229313373565673828e+00
-1.167823314666748047e+00
-2.046231031417846680e+00
-8.700684905052185059e-01
-4.299894571304321289e-01
-1.340375065803527832e+00
1.286345958709716797e+00
-9.962660819292068481e-02
1.545266985893249512e+00
-5.954782366752624512e-01
9.580181241035461426e-01
1.402631998062133789e-01
7.987791299819946289e-01
6.576857566833496094e-01
6.896080970764160156e-01
1.818793863058090210e-01
1.490471482276916504e+00
-6.183030605316162109e-01
1.717147111892700195e+00
-2.115702480077743530e-01
6.755445003509521484e-01
7.893858551979064941e-01
-1.127706408500671387e+00
-1.707876086235046387e+00
4.837619662284851074e-01
-4.994603395462036133e-01
1.684944331645965576e-01
-3.535272181034088135e-01
-1.218463540077209473e+00
2.591953277587890625e-01
4.937748312950134277e-01
-1.174252152442932129e+00
-6.180720329284667969e-01
5.412352681159973145e-01
1.154986381530761719e+00
4.815270602703094482e-01
3.465312421321868896e-01
6.080545783042907715e-01
-7.167264819145202637e-01
1.324581265449523926e+00
-1.562791943550109863e+00
-7.695401906967163086e-01
-7.454802989959716797e-01
-7.985603213310241699e-01
5.139906406402587891e-01
-1.413818001747131348e+00
-4.011925160884857178e-01
-4.888762533664703369e-01
2.409202158451080322e-01
1.557184576988220215e+00
3.623400032520294189e-01
9.944142699241638184e-01
9.485200643539428711e-01
-1.165739059448242188e+00
-4.877776503562927246e-01
-9.089335799217224121e-01
1.186692491173744202e-01
-1.890524327754974365e-01
2.347167879343032837e-01
-1.040339827537536621e+00
1.096942573785781860e-01
-6.705136299133300781e-01
-1.132541894912719727e+00
1.343912720680236816e+00
2.790327668190002441e-01
-4.313218295574188232e-01
-1.713747978210449219e-01
-1.344194054603576660e+00
-6.068596243858337402e-01
1.472757697105407715e+00
-9.398928880691528320e-01
2.820499241352081299e-01
1.257529139518737793e+00
-6.902476549148559570e-01
2.150452375411987305e+00
-1.107368707656860352e+00
1.777833998203277588e-01
7.183635830879211426e-01
-9.419383406639099121e-01
-8.387643098831176758e-01
1.376006484031677246e+00
-7.832682132720947266e-01
-9.636754393577575684e-01
-1.416313767433166504e+00
1.205057740211486816e+00
-2.592301070690155029e-01
-5.993667244911193848e-01
2.191543579101562500e-01
1.127967834472656250e+00
-2.053226828575134277e-01
-4.739073812961578369e-01
-1.154616475105285645e+00
1.819275259971618652e+00
1.186793521046638489e-01
9.637809395790100098e-01
1.928652644157409668e+00
-5.431672930717468262e-01
-4.365463852882385254e-01
5.986753702163696289e-01
-1.459521800279617310e-01
1.541988253593444824e-01
-1.196684837341308594e+00
-1.017819762229919434e+00
-5.007969960570335388e-02
-3.485251367092132568e-01
1.107491016387939453e+00
-7.485019564628601074e-01
5.726302266120910645e-01
-2.775422036647796631e-01
2.296966075897216797e+00
2.262266635894775391e+00
-6.822849512100219727e-01
7.093893289566040039e-01
1.380768060684204102e+00
-3.656050562858581543e-01
7.621385157108306885e-02
9.980047345161437988e-01
-3.551325201988220215e-01
-1.415906548500061035e+00
1.935110837221145630e-01
-5.116905570030212402e-01
8.939949274063110352e-01
3.824589550495147705e-01
1.039150834083557129e+00
-1.052095174789428711e+00
-4.155997931957244873e-01
1.555896162986755371e+00
-9.557741880416870117e-01
-6.400564312934875488e-01
-7.618566751480102539e-01
2.793926596641540527e-01
-3.463934659957885742e-01
-2.387360930442810059e-01
-7.566358447074890137e-01
-4.756880998611450195e-01
3.231371343135833740e-01
1.726513206958770752e-01
4.057124257087707520e-01
5.522740483283996582e-01
1.291446566581726074e+00
-3.923708796501159668e-01
2.010185867547988892e-01
2.283883243799209595e-01
-5.633956789970397949e-01
-1.095470115542411804e-01
7.031828165054321289e-01
1.194908142089843750e+00
-6.402980685234069824e-01
-2.466242462396621704e-01
-9.885579347610473633e-01
2.491053342819213867e-01
-1.534405469894409180e+00
-2.544421255588531494e-01
-4.202018380165100098e-01
-6.462808251380920410e-01
3.457448482513427734e-01
-1.514185547828674316e+00
-2.246450483798980713e-01
-1.829452157020568848e+00
-7.233929634094238281e-02
-2.732590436935424805e-01
-1.106575131416320801e+00
-8.555494546890258789e-01
1.050069555640220642e-02
-5.778784751892089844e-01
7.265703678131103516e-01
2.191334664821624756e-01
4.425822198390960693e-01
8.448355197906494141e-01
1.737746953964233398e+00
-7.678461670875549316e-01
-1.704997539520263672e+00
-5.754112005233764648e-01
-1.806237816810607910e+00
2.831776440143585205e-01
-7.025919109582901001e-02
-8.320796489715576172e-01
4.866844974458217621e-03
7.314408421516418457e-01
4.029538631439208984e-01
-5.698305964469909668e-01
1.679237484931945801e+00
-5.249173045158386230e-01
1.440482139587402344e+00
9.311693906784057617e-02
1.725751519203186035e+00
-2.628652751445770264e-01
-3.799524009227752686e-01
1.036109805107116699e+00
-2.048128396272659302e-01
4.273540973663330078e-01
-6.715416908264160156e-01
9.100580215454101562e-02
8.806025385856628418e-01
6.933382749557495117e-01
-7.275670766830444336e-01
5.574899315834045410e-01
3.291198909282684326e-01
8.551288247108459473e-01
-2.417428016662597656e+00
-6.074017882347106934e-01
1.785632222890853882e-01
2.293501377105712891e+00
7.326800227165222168e-01
1.954492211341857910e+00
-1.371807932853698730e+00
3.653712868690490723e-01
2.265830278396606445e+00
-1.116519212722778320e+00
-1.002240300178527832e+00
1.500234961509704590e+00
-2.058003425598144531e+00
9.073510766029357910e-01
-1.316300630569458008e+00
2.264809422194957733e-02
2.679995000362396240e-01
-7.563504576683044434e-01
-7.725629210472106934e-02
-1.100156307220458984e+00
-6.809097528457641602e-01
1.334850549697875977e+00
-9.450763463973999023e-01
-1.297069668769836426e+00
6.328114867210388184e-01
-2.631652355194091797e-01
-9.159190654754638672e-01
-5.552718639373779297e-01
-6.069990396499633789e-01
1.019149541854858398e+00
6.522055268287658691e-01
1.670994758605957031e+00
1.465270757675170898e+00
9.118530750274658203e-01
-4.748948290944099426e-02
-1.625847071409225464e-01
1.492918729782104492e+00
1.995851159095764160e+00
1.131669759750366211e+00
-4.542216360569000244e-01
2.115911841392517090e-01
-1.873479723930358887e+00
2.244579315185546875e+00
-1.117127895355224609e+00
4.352439343929290771e-01
-5.214332938194274902e-01
-4.013141989707946777e-01
-1.022109270095825195e+00
4.266104102134704590e-01
7.281154990196228027e-01
7.594098448753356934e-01
1.235587239265441895e+00
2.298302173614501953e+00
6.640887856483459473e-01
6.285253167152404785e-01
-2.520317316055297852e+00
-6.648618578910827637e-01
1.409023553133010864e-01
3.568525910377502441e-01
3.208344578742980957e-01
7.751338481903076172e-01
-7.950448393821716309e-01
3.014803409576416016e+00
-1.068843483924865723e+00
6.589452624320983887e-01
1.408400535583496094e-01
-8.890649676322937012e-02
-9.492855072021484375e-01
-4.381404519081115723e-01
-3.540284037590026855e-01
2.341945409774780273e+00
1.024150729179382324e+00
1.220628023147583008e+00
-1.206373691558837891e+00
1.350823760032653809e+00
-3.785345554351806641e-01
5.520048737525939941e-01
-8.304640650749206543e-01
-1.202537417411804199e+00
1.011911034584045410e+00
-7.316178679466247559e-01
-1.749315559864044189e-01
-3.394997864961624146e-02
-2.078858762979507446e-01
1.184726476669311523e+00
-3.875090479850769043e-01
-3.092251121997833252e-01
8.051391243934631348e-01
-1.068336367607116699e+00
-5.766146779060363770e-01
-3.182339966297149658e-01
2.261413812637329102e+00
2.330024838447570801e-01
-2.182401418685913086e-01
9.009653329849243164e-01
-3.057286262512207031e+00
-1.321587085723876953e+00
-2.476227521896362305e+00
-1.739466547966003418e+00
1.532944440841674805e-01
1.138761758804321289e+00
-2.262636661529541016e+00
3.536814823746681213e-02
1.532839059829711914e+00
-1.759713292121887207e-01
1.652600243687629700e-02
4.312646985054016113e-01
5.509303212165832520e-01
-4.615709781646728516e-01
-1.089294195175170898e+00
9.182332754135131836e-01
-9.757408872246742249e-03
5.319810658693313599e-02
7.142322063446044922e-01
6.215921640396118164e-01
1.057397365570068359e+00
-8.816748857498168945e-02
-7.400991320610046387e-01
-3.838023245334625244e-01
8.397789001464843750e-01
1.103156924247741699e+00
7.661212682723999023e-01
9.119417071342468262e-01
1.614304661750793457e+00
-9.878829121589660645e-01
1.659317910671234131e-01
1.043647229671478271e-01
-3.285300731658935547e-01
7.138364315032958984e-01
-2.337393760681152344e+00
-3.065797090530395508e+00
-9.884390234947204590e-02
7.300266027450561523e-01
1.170092821121215820e+00
