2.524475157260894775e-01
6.760973334312438965e-01
-2.770849168300628662e-01
-1.118182301521301270e+00
4.071602225303649902e-01
-1.115275263786315918e+00
1.735329031944274902e+00
2.835054993629455566e-01
-1.300229072570800781e+00
3.805953860282897949e-01
-1.172299265861511230e+00
-9.871651530265808105e-01
6.798615455627441406e-01
-8.942794799804687500e-01
-1.032597064971923828e+00
8.733527064323425293e-01
7.406290769577026367e-01
-2.152545690536499023e+00
-6.391865015029907227e-01
3.663280606269836426e-01
1.230971097946166992e+00
-1.888708584010601044e-02
8.878982067108154297e-01
-1.185992121696472168e+00
9.876111745834350586e-01
4.498872756958007812e-01
1.351023316383361816e+00
-5.225818157196044922e-01
6.311538815498352051e-01
7.776223868131637573e-02
7.561240196228027344e-01
-9.942464232444763184e-01
-2.260888814926147461e-01
-2.032552957534790039e+00
-8.273180574178695679e-02
6.783254146575927734e-01
-1.849867463111877441e+00
-5.678793787956237793e-01
1.428074121475219727e+00
-1.749059557914733887e-01
3.301104307174682617e-01
-1.283442616462707520e+00
-3.142524957656860352e-01
-1.230400443077087402e+00
9.086041450500488281e-01
7.782185077667236328e-01
-5.550821498036384583e-02
1.013162851333618164e+00
5.820578932762145996e-01
3.056017160415649414e-01
3.550613224506378174e-01
-4.720902144908905029e-01
4.132010042667388916e-01
-1.988322734832763672e+00
9.303775429725646973e-01
1.709599643945693970e-01
3.064260959625244141e+00
-7.895852923393249512e-01
-8.212576508522033691e-01
3.387835919857025146e-01
-8.697953224182128906e-01
-5.701477527618408203e-01
-1.529573321342468262e+00
-1.619129180908203125e+00
5.065559968352317810e-02
-4.918295741081237793e-01
6.863408684730529785e-01
-1.186430096626281738e+00
4.208230078220367432e-01
1.144640073180198669e-01
-2.442301809787750244e-02
1.726300954818725586e+00
9.772015213966369629e-01
-6.967976689338684082e-01
9.793798625469207764e-02
3.935469090938568115e-01
1.789131164550781250e+00
3.112556636333465576e-01
-2.132194995880126953e+00
1.482119441032409668e+00
-4.334453046321868896e-01
4.969181120395660400e-01
-9.049448370933532715e-01
-7.443915307521820068e-02
6.719198822975158691e-02
-6.734427809715270996e-01
1.540623545646667480e+00
1.034004569053649902e+00
3.720966875553131104e-01
4.366914033889770508e-01
1.799202859401702881e-01
-1.700394034385681152e+00
-1.376198828220367432e-01
-1.592705845832824707e+00
-1.162358880043029785e+00
-6.191362440586090088e-02
-2.901098132133483887e-01
8.217390179634094238e-01
1.562397599220275879e+00
-2.250515371561050415e-01
1.607205033302307129e+00
-2.833361923694610596e-01
-1.025078371167182922e-01
-2.207587957382202148e+00
-1.200613141059875488e+00
-9.608414769172668457e-01
-2.092635333538055420e-01
-1.140595674514770508e+00
1.549412608146667480e-01
-2.551628947257995605e-01
-2.701120674610137939e-01
5.532883405685424805e-01
1.289862394332885742e-01
-3.767949342727661133e-01
-6.090092062950134277e-01
-4.938744306564331055e-01
-1.436162114143371582e+00
2.274658441543579102e+00
-7.979400753974914551e-01
1.961568295955657959e-01
-1.230635941028594971e-01
1.354794383049011230e+00
-9.497620463371276855e-01
1.684734225273132324e-01
-5.387744307518005371e-01
7.042940258979797363e-01
-1.899994313716888428e-01
-1.132906451821327209e-01
-3.562352061271667480e-01
5.410092473030090332e-01
8.859848976135253906e-01
-7.865342497825622559e-02
1.164887309074401855e+00
-2.571161389350891113e-01
5.826538205146789551e-01
2.868006944656372070e+00
-2.472682893276214600e-01
-7.495046406984329224e-02
-6.045376062393188477e-01
-2.411020994186401367e-01
-4.120557904243469238e-01
-9.254832863807678223e-01
1.573310196399688721e-01
1.137989878654479980e+00
-1.922543883323669434e+00
1.239739060401916504e+00
-5.473994016647338867e-01
-7.728790044784545898e-01
2.344573736190795898e+00
3.800925016403198242e-01
4.450137913227081299e-01
3.320236504077911377e-01
8.775272965431213379e-01
1.107237458229064941e+00
-1.446321606636047363e-01
1.384473681449890137e+00
-5.644915699958801270e-01
-1.549093574285507202e-01
-4.307001233100891113e-01
-9.020284414291381836e-01
-7.751855850219726562e-01
-1.699596345424652100e-01
-2.157001733779907227e+00
1.482843995094299316e+00
6.965917944908142090e-01
1.748247742652893066e-01
-1.575417518615722656e+00
-2.310231924057006836e-01
1.052562355995178223e+00
3.520561158657073975e-01
2.605451047420501709e-01
6.647731065750122070e-01
1.392379283905029297e+00
-4.294127225875854492e-02
-7.959597110748291016e-01
1.476694822311401367e+00
6.176509261131286621e-01
-3.372904360294342041e-01
-9.577729105949401855e-01
1.812154769897460938e+00
7.746032476425170898e-01
-2.854204177856445312e-01
-2.372741550207138062e-01
1.246378898620605469e+00
-1.259058356285095215e+00
-7.477040588855743408e-02
1.366333842277526855e+00
3.414013087749481201e-01
2.324174158275127411e-02
-6.717407107353210449e-01
3.173049390316009521e-01
-1.249462068080902100e-01
1.004036590456962585e-01
-3.302694261074066162e-01
2.232412993907928467e-01
-5.668584108352661133e-01
-4.598419964313507080e-01
3.345478773117065430e-01
6.999606490135192871e-01
-1.522651672363281250e+00
-1.958434879779815674e-01
3.016945362091064453e+00
2.613319456577301025e-01
-5.880406498908996582e-01
-1.618902683258056641e-01
-7.085036635398864746e-01
8.143569827079772949e-01
-1.207973718643188477e+00
7.292377352714538574e-01
-2.357691377401351929e-01
-4.842748045921325684e-01
1.371762394905090332e+00
6.015560030937194824e-01
-1.358635783195495605e+00
-9.098311066627502441e-01
-9.022245407104492188e-01
2.751730680465698242e-01
-1.758134663105010986e-01
5.476559400558471680e-01
-3.245848715305328369e-01
-7.302286475896835327e-02
-3.947918117046356201e-01
7.327257096767425537e-02
-2.877486944198608398e-01
-5.127868056297302246e-01
1.892980933189392090e+00
5.747560262680053711e-01
7.170765399932861328e-01
-9.674133658409118652e-01
8.061515688896179199e-01
-4.399137794971466064e-01
1.091157078742980957e+00
-1.121524572372436523e+00
5.471608638763427734e-01
-1.210553288459777832e+00
6.959547996520996094e-01
-1.454795360565185547e+00
-4.258001148700714111e-01
2.155747115612030029e-01
2.508043289184570312e+00
-8.475092649459838867e-01
4.622668623924255371e-01
-2.176074236631393433e-01
8.144208043813705444e-02
-4.789418578147888184e-01
-4.986181557178497314e-01
1.716419458389282227e-01
-2.559317946434020996e-01
5.334317684173583984e-01
1.313052415847778320e+00
3.868262171745300293e-01
2.720544040203094482e-01
-1.423384785652160645e+00
-1.776945829391479492e+00
3.672899305820465088e-01
1.241223663091659546e-01
2.345034331083297729e-01
4.975180700421333313e-02
6.132699847221374512e-01
-1.688359141349792480e+00
-6.010548770427703857e-02
-7.683165669441223145e-01
8.323127627372741699e-01
1.430858850479125977e+00
-8.797831535339355469e-01
1.731310009956359863e+00
-7.761570215225219727e-01
3.873599767684936523e-01
3.761536180973052979e-01
1.335733681917190552e-01
-6.295630335807800293e-01
-2.564314603805541992e-01
-1.380680501461029053e-01
-6.218499541282653809e-01
1.365323305130004883e+00
3.388133049011230469e-01
1.513898670673370361e-01
2.142330557107925415e-01
-6.318921446800231934e-01
1.078838944435119629e+00
6.261602044105529785e-01
4.713152348995208740e-01
-2.666768133640289307e-01
-2.459904551506042480e-01
1.787767648696899414e+00
-1.710220456123352051e+00
8.331138491630554199e-01
6.273903846740722656e-01
3.453776836395263672e-01
2.405600547790527344e-01
1.935917139053344727e-01
-1.231806129217147827e-01
-9.554034471511840820e-01
-7.516763210296630859e-01
-1.736582756042480469e+00
4.946706593036651611e-01
-1.422026872634887695e+00
-2.082756161689758301e-01
4.460744857788085938e-01
-9.978625178337097168e-01
1.643592596054077148e+00
2.524859011173248291e-01
-1.064312815666198730e+00
3.979973196983337402e-01
2.502911567687988281e+00
1.404169678688049316e+00
6.169482320547103882e-02
4.941301643848419189e-01
8.583341836929321289e-01
-1.683701723814010620e-01
1.251964211463928223e+00
1.836256533861160278e-01
-6.462963819503784180e-01
1.277939975261688232e-01
4.943433105945587158e-01
4.533290863037109375e-01
7.811011075973510742e-01
5.301379561424255371e-01
-1.913933753967285156e-01
9.530821442604064941e-02
-1.278713226318359375e+00
-1.360849142074584961e+00
2.443843930959701538e-01
1.336349606513977051e+00
-9.107529520988464355e-01
1.609752416610717773e+00
7.049264907836914062e-01
-1.001503109931945801e+00
-9.491564333438873291e-02
-3.148161768913269043e-01
-2.504997253417968750e-01
-2.620478570461273193e-01
-2.677324414253234863e-01
-6.848462820053100586e-01
-9.376601576805114746e-01
-3.087944090366363525e-01
7.520720362663269043e-01
7.474378943443298340e-01
1.383153945207595825e-01
-4.568609595298767090e-01
-3.732425570487976074e-01
1.957821965217590332e+00
-1.038463354110717773e+00
-3.373938202857971191e-01
-5.180774331092834473e-01
1.890281438827514648e+00
-9.941857457160949707e-01
-8.261284232139587402e-01
-1.133987188339233398e+00
7.286015152931213379e-01
7.406799197196960449e-01
-7.589934468269348145e-01
-1.877138257026672363e+00
9.495920538902282715e-01
1.522094130516052246e+00
3.643510341644287109e-01
1.230101108551025391e+00
1.128981947898864746e+00
7.179927229881286621e-01
-9.730300903320312500e-01
2.733877420425415039e+00
1.124123096466064453e+00
-1.064291670918464661e-01
2.119724035263061523e+00
2.894113957881927490e-01
-5.509751439094543457e-01
-5.463168025016784668e-01
6.119395419955253601e-02
-1.703078508377075195e+00
1.830111265182495117e+00
-6.213219091296195984e-02
-5.755282565951347351e-02
-9.295437484979629517e-02
1.354434609413146973e+00
-9.214042425155639648e-01
-6.279653310775756836e-01
-1.476801276206970215e+00
-7.986648678779602051e-01
1.274071455001831055e+00
4.548337757587432861e-01
1.679722189903259277e+00
7.177163958549499512e-01
5.822674036026000977e-01
-2.417990118265151978e-01
1.265442490577697754e+00
-1.921419143676757812e+00
9.718927741050720215e-01
6.518201828002929688e-01
-1.421849846839904785e+00
-9.869729280471801758e-01
-7.943547517061233521e-02
-1.299964904785156250e+00
1.420861601829528809e+00
-5.330107808113098145e-01
-4.041176736354827881e-01
4.736983180046081543e-01
-7.924912571907043457e-01
6.990728974342346191e-01
-1.184182286262512207e+00
1.539506196975708008e+00
4.778564274311065674e-01
8.516674041748046875e-01
3.110552728176116943e-01
-3.299904614686965942e-02
4.324831664562225342e-01
-1.020850419998168945e+00
8.813633322715759277e-01
5.712417364120483398e-01
-6.793169379234313965e-01
-3.342668712139129639e-01
-1.044955104589462280e-01
-5.618441700935363770e-01
6.100639104843139648e-01
-2.113333225250244141e+00
-1.688531398773193359e+00
-1.275141119956970215e+00
9.141635298728942871e-01
-1.401104569435119629e+00
3.075757622718811035e-01
-5.914911031723022461e-01
-8.017165660858154297e-01
6.012106537818908691e-01
2.213643118739128113e-02
1.411001563072204590e+00
-4.330431222915649414e-01
-4.267954230308532715e-01
4.214401841163635254e-01
5.668929219245910645e-01
4.759314358234405518e-01
4.599637091159820557e-01
-1.718109607696533203e+00
8.131802082061767578e-01
8.468981385231018066e-01
8.320480585098266602e-01
1.199113845825195312e+00
-2.148823142051696777e-01
-4.733754992485046387e-01
-6.765947341918945312e-01
1.205202698707580566e+00
9.223009347915649414e-01
1.688496589660644531e+00
-4.976567625999450684e-01
-2.059988975524902344e-01
1.998414158821105957e+00
2.013621181249618530e-01
-5.650232434272766113e-01
8.127920627593994141e-01
-1.568683147430419922e+00
8.878233432769775391e-01
6.938256025314331055e-01
