-9.265684485435485840e-01
9.614860415458679199e-01
3.855778872966766357e-01
1.864763498306274414e-01
6.364435553550720215e-01
5.721645951271057129e-01
7.748131752014160156e-01
1.146395087242126465e+00
-6.139878034591674805e-01
2.595414876937866211e+00
-1.366964131593704224e-01
-9.436311125755310059e-01
1.483417302370071411e-01
-3.293785154819488525e-01
2.089886367321014404e-02
2.175867855548858643e-01
-1.801631003618240356e-01
-5.684052780270576477e-02
-1.752064912579953671e-03
1.499170660972595215e+00
1.292031705379486084e-01
-1.951936602592468262e+00
-1.183208823204040527e+00
3.447722196578979492e-01
3.488125503063201904e-01
-1.635287046432495117e+00
1.169899702072143555e+00
7.786428928375244141e-01
-2.639335393905639648e-01
-2.803620696067810059e-01
-3.172876358032226562e+00
1.062595248222351074e+00
2.099184989929199219e-01
-1.337639570236206055e+00
-1.563880920410156250e+00
8.312186598777770996e-01
1.063600927591323853e-02
1.808798432350158691e+00
-1.954305648803710938e+00
9.529149532318115234e-01
7.346012592315673828e-01
7.527436017990112305e-01
-3.916715085506439209e-01
7.474649548530578613e-01
-1.152186512947082520e+00
7.117754817008972168e-01
3.547259867191314697e-01
-8.206108212471008301e-01
-1.419983863830566406e+00
2.614053487777709961e-01
-1.644707024097442627e-01
-7.936336398124694824e-01
3.620641529560089111e-01
5.742502212524414062e-01
-1.885177850723266602e+00
-9.505754709243774414e-01
9.641718864440917969e-01
1.897770762443542480e+00
1.488376259803771973e-01
-8.677468299865722656e-01
-3.999458625912666321e-02
-2.361452341079711914e+00
1.703063771128654480e-02
9.253404140472412109e-01
-1.336014747619628906e+00
-1.764052987098693848e+00
-1.694147944450378418e+00
1.332870125770568848e+00
1.535476446151733398e+00
-5.025977492332458496e-01
-4.410191997885704041e-02
-6.713577546179294586e-03
1.613985061645507812e+00
1.446997821331024170e-01
2.256406068801879883e+00
-8.372815251350402832e-01
1.229373097419738770e+00
3.018854558467864990e-01
-1.809777021408081055e+00
5.917450785636901855e-01
3.629670143127441406e-01
1.385093569755554199e+00
8.072243928909301758e-01
-1.965182423591613770e+00
8.514358401298522949e-01
7.833560705184936523e-01
-7.827359437942504883e-01
1.061835289001464844e+00
-3.046680927276611328e+00
-8.970987200736999512e-01
4.849042296409606934e-01
-4.410462677478790283e-01
8.109164237976074219e-01
1.093697071075439453e+00
1.098820790648460388e-01
-7.773234248161315918e-01
1.073642075061798096e-01
-7.155346274375915527e-01
-1.900255829095840454e-01
1.987155824899673462e-01
1.755894422531127930e+00
-1.044090151786804199e+00
-5.232261121273040771e-02
-7.021418213844299316e-01
2.360039390623569489e-02
9.567493200302124023e-01
9.976440668106079102e-02
1.919095873832702637e+00
7.521039843559265137e-01
-1.347342371940612793e+00
-1.030936479568481445e+00
4.442168772220611572e-02
1.367801308631896973e+00
-8.709329962730407715e-01
1.278511881828308105e+00
1.271082520484924316e+00
-1.399599313735961914e-01
5.025386810302734375e-01
-9.266965985298156738e-01
6.337791681289672852e-01
5.956364870071411133e-01
3.088139295578002930e-01
5.952770262956619263e-02
4.403264224529266357e-01
2.122555732727050781e+00
7.417949289083480835e-02
2.223253250122070312e-01
1.764807581901550293e+00
-2.909582555294036865e-01
3.527819514274597168e-01
6.415894031524658203e-01
-9.876744747161865234e-01
1.240991950035095215e+00
2.470612376928329468e-01
1.186429977416992188e+00
5.705710649490356445e-01
2.601894617080688477e+00
-1.502388954162597656e+00
-9.851495027542114258e-01
-1.833501935005187988e+00
-8.757635951042175293e-01
-9.674288630485534668e-01
-9.120584130287170410e-01
1.546149015426635742e+00
1.000347018241882324e+00
2.079802274703979492e+00
-4.573609530925750732e-01
2.862948179244995117e-01
-9.190585613250732422e-01
-1.348851621150970459e-01
7.476585507392883301e-01
-4.709665179252624512e-01
-1.353963464498519897e-01
-1.505680680274963379e+00
-1.920920014381408691e+00
8.033351302146911621e-01
1.241022825241088867e+00
3.793978393077850342e-01
5.300660803914070129e-02
9.368109703063964844e-01
-2.110424041748046875e-01
-1.660249978303909302e-01
-1.466091275215148926e-01
-2.318849787116050720e-02
-5.804610252380371094e-01
-9.568054676055908203e-01
-3.665895164012908936e-01
-8.506398200988769531e-01
-4.057767689228057861e-01
4.374809861183166504e-01
1.601979583501815796e-01
4.151281118392944336e-01
-3.445622622966766357e-01
-1.234129428863525391e+00
4.045304954051971436e-01
-4.939201474189758301e-01
-1.072495937347412109e+00
4.155221879482269287e-01
3.743568658828735352e-01
-9.210571050643920898e-01
-1.250642538070678711e+00
1.415352225303649902e+00
7.799515128135681152e-01
-1.183215856552124023e+00
2.759492769837379456e-02
-5.027654021978378296e-02
-9.872005581855773926e-01
7.307271957397460938e-01
-1.229900717735290527e-01
-6.437561511993408203e-01
-2.828666687011718750e+00
2.656953573226928711e+00
1.205364540219306946e-01
-3.552294373512268066e-01
-2.825881540775299072e-01
-1.469879865646362305e+00
-2.275868058204650879e-01
8.673567175865173340e-01
-4.489469528198242188e-01
1.191941499710083008e+00
-7.157023549079895020e-01
8.824766874313354492e-01
-2.783109843730926514e-01
1.541069388389587402e+00
-2.442916631698608398e-01
-1.300526738166809082e+00
-4.730837345123291016e-01
2.799486219882965088e-01
1.294030427932739258e+00
4.328661784529685974e-02
1.014703869819641113e+00
-8.070070743560791016e-01
1.143538117408752441e+00
1.648340344429016113e+00
6.877267360687255859e-01
1.096346855163574219e+00
-7.419931292533874512e-01
-1.751519799232482910e+00
-9.836632013320922852e-01
5.111158639192581177e-02
5.692439675331115723e-01
1.386611104011535645e+00
-7.279222607612609863e-01
1.195450052618980408e-01
1.471732497215270996e+00
7.323761582374572754e-01
5.283741354942321777e-01
1.348845005035400391e+00
-5.653120279312133789e-01
1.447524905204772949e+00
-2.507410526275634766e+00
3.590634167194366455e-01
-5.815199017524719238e-02
-8.740679621696472168e-01
-3.954503238201141357e-01
1.354417949914932251e-01
8.203609585762023926e-01
-4.469660222530364990e-01
1.102184295654296875e+00
5.662515759468078613e-01
1.688145637512207031e+00
7.954925298690795898e-01
-3.702811896800994873e-01
2.653085291385650635e-01
-3.523977398872375488e-01
-2.329434752464294434e-01
4.608334004878997803e-01
-6.964099407196044922e-02
-2.355575412511825562e-01
1.825482696294784546e-01
-6.747921109199523926e-01
-2.475985050201416016e+00
1.160991430282592773e+00
2.291279435157775879e-01
1.391459554433822632e-01
2.883164882659912109e+00
2.809359729290008545e-01
1.690829038619995117e+00
-1.379607677459716797e+00
1.264425069093704224e-01
1.821177005767822266e-01
-3.978053033351898193e-01
-1.781597018241882324e+00
7.456808090209960938e-01
-4.239765703678131104e-01
1.005546569824218750e+00
3.309202194213867188e-01
-8.894434571266174316e-01
-2.792719304561614990e-01
-2.868304252624511719e-01
1.925047636032104492e+00
-3.070093870162963867e+00
1.301583945751190186e-01
-1.085631608963012695e+00
-1.533520936965942383e+00
2.184355854988098145e-01
-1.011559844017028809e+00
-3.482329547405242920e-01
7.460085302591323853e-02
8.766656517982482910e-01
4.436559677124023438e-01
7.318785786628723145e-01
2.922322452068328857e-01
-1.803795248270034790e-01
-2.456347048282623291e-01
9.011678099632263184e-01
1.634373366832733154e-01
1.320796310901641846e-01
3.298602625727653503e-02
7.148364782333374023e-01
1.257833480834960938e+00
-1.077265262603759766e+00
9.317429363727569580e-02
-1.552507042884826660e+00
6.400846242904663086e-01
-8.058017492294311523e-01
-5.307351350784301758e-01
8.169443011283874512e-01
9.445966035127639771e-02
1.401957273483276367e+00
2.488237768411636353e-01
-1.706348657608032227e-01
-2.101402521133422852e+00
7.064107656478881836e-01
-2.350852340459823608e-01
-7.232705354690551758e-01
1.148501396179199219e+00
-9.093175828456878662e-02
6.120941042900085449e-01
1.681149244308471680e+00
-5.408488512039184570e-01
-1.603049635887145996e-01
3.198455870151519775e-01
-1.559413552284240723e+00
-2.667183279991149902e-01
-2.353954613208770752e-01
1.185582756996154785e+00
-6.943889260292053223e-01
5.128047987818717957e-02
8.884420990943908691e-01
-8.390629887580871582e-01
-6.326544284820556641e-01
-1.982005871832370758e-02
-9.319226741790771484e-01
-1.402288198471069336e+00
-8.978316187858581543e-01
-8.256759494543075562e-02
-9.920542240142822266e-01
-5.581818222999572754e-01
2.568683959543704987e-02
9.488489478826522827e-02
1.999952197074890137e+00
6.434530019760131836e-01
-2.819879949092864990e-01
6.935211420059204102e-01
-1.276120305061340332e+00
4.224177598953247070e-01
-2.414832592010498047e+00
-1.392455220222473145e+00
4.134650230407714844e-01
9.664477705955505371e-01
1.992123126983642578e+00
-2.329547107219696045e-01
1.424972414970397949e+00
-1.759869307279586792e-01
-1.808405518531799316e+00
-8.385934680700302124e-02
-1.800037980079650879e+00
6.622103452682495117e-01
6.298826336860656738e-01
5.898341909050941467e-02
4.970441460609436035e-01
2.657359600067138672e+00
-1.112236022949218750e+00
2.367041349411010742e+00
4.248504936695098877e-01
-2.626588344573974609e-01
1.047027826309204102e+00
3.047190606594085693e-01
-1.035814881324768066e+00
7.264165878295898438e-01
-1.204431772232055664e+00
-8.369783759117126465e-01
1.615144491195678711e+00
-7.737128734588623047e-01
-2.209511771798133850e-02
-1.517935156822204590e+00
-8.985630273818969727e-01
2.709938883781433105e-01
1.368181109428405762e+00
1.772984385490417480e+00
-3.922836482524871826e-01
-1.090463101863861084e-01
1.812830120325088501e-01
-1.001923084259033203e+00
4.304202497005462646e-01
-1.738803148269653320e+00
-4.374629259109497070e-01
-1.864338040351867676e+00
2.488140612840652466e-01
5.742523670196533203e-01
4.158497154712677002e-01
1.342032909393310547e+00
-1.942176699638366699e+00
-8.842931985855102539e-01
-1.798955321311950684e+00
-7.957623600959777832e-01
-6.171088218688964844e-01
-6.206586956977844238e-01
1.776573300361633301e+00
-9.735243320465087891e-01
7.589085102081298828e-01
-3.508038222789764404e-01
-1.180752396583557129e+00
-1.284624457359313965e+00
-2.860988080501556396e-01
-7.682430148124694824e-01
-4.963812828063964844e-01
-1.145210742950439453e+00
1.265508383512496948e-01
-1.488100647926330566e+00
3.697190880775451660e-01
-9.018266201019287109e-02
-1.703203082084655762e+00
-3.093504607677459717e-01
-1.609777569770812988e+00
-8.224892020225524902e-01
7.082828879356384277e-01
-2.577136754989624023e-01
3.319915235042572021e-01
4.770595729351043701e-01
1.140101552009582520e+00
1.583342790603637695e+00
-1.495987057685852051e+00
-5.108612775802612305e-01
-1.217674970626831055e+00
8.885689377784729004e-01
-1.031216502189636230e+00
-9.433653950691223145e-02
-1.890072524547576904e-01
2.072426378726959229e-01
4.366575181484222412e-01
8.262614607810974121e-01
1.968062249943614006e-03
-1.079636096954345703e+00
-4.378592967987060547e-02
2.737957239151000977e-01
1.838711380958557129e+00
-5.521687865257263184e-01
1.025753617286682129e+00
-7.275244593620300293e-01
-4.139494895935058594e-01
1.570238232612609863e+00
-1.041574358940124512e+00
9.794318079948425293e-01
-1.305987834930419922e-01
2.624915540218353271e-01
-4.846042096614837646e-01
3.784147500991821289e-01
1.000795125961303711e+00
6.369244456291198730e-01
1.823074579238891602e+00
-1.054551124572753906e+00
-4.694111645221710205e-01
1.914770722389221191e+00
1.461206316947937012e+00
-2.318088263273239136e-01
-1.069998979568481445e+00
-8.719418048858642578e-01
4.974159896373748779e-01
-2.277268022298812866e-01
-1.503435015678405762e+00
1.993160367012023926e+00
3.178165853023529053e-01
-5.117629095911979675e-02
2.614824473857879639e-01
-9.408184289932250977e-01
8.849578499794006348e-01
-1.220913171768188477e+00
-1.021496653556823730e+00
-2.373960018157958984e+00
-1.176324844360351562e+00
-6.267142891883850098e-01
-2.218272686004638672e-01
-1.534750699996948242e+00
-1.725172877311706543e+00
-1.725540399551391602e+00
-1.342125773429870605e+00
3.181145489215850830e-01
4.439149200916290283e-01
1.067124009132385254e+00
-4.211285412311553955e-01
-1.062619566917419434e+00
-2.790741443634033203e+00
-2.123392522335052490e-01
-1.166565865278244019e-01
-5.315804481506347656e-01
-2.182142972946166992e+00
1.232708334922790527e+00
1.165947675704956055e+00
9.885613322257995605e-01
2.728149175643920898e+00
8.224246501922607422e-01
6.842573285102844238e-01
1.181637406349182129e+00
-1.146579086780548096e-01
4.429599344730377197e-01
5.044062137603759766e-01
-1.472863852977752686e-01
5.372174382209777832e-01
2.910750508308410645e-01
-4.673433899879455566e-01
-1.266786336898803711e+00
-7.201456278562545776e-02
3.016949594020843506e-01
-4.876872599124908447e-01
-7.320045232772827148e-01
1.761228322982788086e+00
-1.104030370712280273e+00
1.413785219192504883e+00
