-4.778742324560880661e-03
6.381342411041259766e-01
1.525642991065979004e+00
-1.266442894935607910e+00
-2.903666794300079346e-01
-1.237920165061950684e+00
5.676507353782653809e-01
-3.762561380863189697e-01
3.115379810333251953e-01
6.286920309066772461e-01
5.144592523574829102e-01
2.976213768124580383e-02
-4.406359493732452393e-01
-1.092938929796218872e-01
-1.733447313308715820e+00
1.425228834152221680e+00
-1.595764636993408203e+00
-8.060752749443054199e-01
-3.197074532508850098e-01
1.066672895103693008e-02
1.467840522527694702e-01
-1.288893818855285645e+00
-5.126219987869262695e-01
2.224836498498916626e-02
7.129743099212646484e-01
-2.317825794219970703e+00
-1.572324484586715698e-01
3.097534477710723877e-01
-7.694026827812194824e-01
-5.275239348411560059e-01
1.945005416870117188e+00
1.419510483741760254e+00
2.360317409038543701e-01
5.306860804557800293e-01
-6.358905434608459473e-01
1.262140512466430664e+00
-6.023131012916564941e-01
1.112240672111511230e+00
2.131666421890258789e+00
5.628215670585632324e-01
-4.775042533874511719e-01
-3.709706962108612061e-01
-1.581160306930541992e+00
-6.345377564430236816e-01
-3.729521930217742920e-01
-2.745897769927978516e-01
1.568232417106628418e+00
7.118881344795227051e-01
-2.130249440670013428e-01
-8.268179893493652344e-01
-7.834529280662536621e-01
-1.639641404151916504e+00
-2.766693234443664551e-01
-8.657515048980712891e-01
-1.427485704421997070e+00
7.326025366783142090e-01
1.493243813514709473e+00
8.656486868858337402e-01
4.660751521587371826e-01
-8.114953041076660156e-01
-4.138487875461578369e-01
6.358729600906372070e-01
5.902432203292846680e-01
8.195886611938476562e-01
-1.459895610809326172e+00
-2.323968172073364258e+00
-8.884141445159912109e-01
5.910567641258239746e-01
1.226174235343933105e+00
9.906431436538696289e-01
1.386329531669616699e+00
1.560165166854858398e+00
-4.782875776290893555e-01
-3.540659546852111816e-01
1.223861813545227051e+00
2.556518018245697021e-01
-1.346074938774108887e+00
-1.421182036399841309e+00
1.174484610557556152e+00
-1.032412052154541016e+00
1.785110831260681152e+00
-1.034720420837402344e+00
1.088847041130065918e+00
-5.493305921554565430e-01
1.791714131832122803e-01
-1.603061676025390625e+00
1.444954037666320801e+00
3.689135313034057617e-01
8.469984531402587891e-01
-9.200908541679382324e-01
9.448747634887695312e-01
1.417131066322326660e+00
1.089728951454162598e+00
-5.969665050506591797e-01
-3.995296061038970947e-01
1.476935949176549911e-02
-1.229321002960205078e+00
-3.567589819431304932e-01
8.416035175323486328e-01
-5.615149065852165222e-02
6.684394478797912598e-01
-7.468330264091491699e-01
1.568663597106933594e+00
1.032219752669334412e-01
3.391921222209930420e-01
-1.668340682983398438e+00
-8.264365792274475098e-01
-1.321171402931213379e+00
-2.947628498077392578e-01
-1.063224021345376968e-02
5.727877020835876465e-01
-1.286093831062316895e+00
-7.908247113227844238e-01
1.795736104249954224e-01
2.335061579942703247e-01
2.463093549013137817e-01
-2.834748029708862305e-01
-1.522310078144073486e-01
-1.344942569732666016e+00
-9.502612948417663574e-01
-6.771748661994934082e-01
1.048148274421691895e+00
5.086700320243835449e-01
1.045627593994140625e+00
1.118480086326599121e+00
-4.908008575439453125e-01
2.316880226135253906e+00
1.283086419105529785e+00
1.311602830886840820e+00
4.906895384192466736e-02
-1.674507498741149902e+00
7.775384187698364258e-01
1.883982896804809570e+00
8.067141771316528320e-01
-2.601622343063354492e-01
6.203549727797508240e-02
-2.585963606834411621e-01
-5.700285434722900391e-01
1.447858363389968872e-01
-8.593525290489196777e-01
-5.363618582487106323e-02
2.073828577995300293e-01
-1.321669761091470718e-02
4.079931378364562988e-01
-1.222216486930847168e+00
-7.037066221237182617e-01
-1.561204642057418823e-01
1.055544137954711914e+00
-1.015261769294738770e+00
-1.287717461585998535e+00
-2.011021137237548828e+00
-3.982032462954521179e-02
-5.170004367828369141e-01
-1.011204600334167480e+00
5.216099619865417480e-01
-3.222013711929321289e-01
-5.219860672950744629e-01
-9.046690165996551514e-02
1.019332408905029297e+00
-3.707795217633247375e-02
2.108387351036071777e-01
1.006633520126342773e+00
-3.819556832313537598e-01
-3.346243798732757568e-01
-2.494786232709884644e-01
3.948203325271606445e-01
1.144342541694641113e+00
-6.022413820028305054e-02
6.062155216932296753e-02
1.514391183853149414e+00
-1.547401677817106247e-02
3.515434265136718750e-01
3.523809313774108887e-01
-1.181012272834777832e+00
-1.767781227827072144e-01
-9.762226343154907227e-01
-5.625461339950561523e-01
2.139461040496826172e-01
-1.978894025087356567e-01
-2.622561216354370117e+00
-5.180563926696777344e-01
4.726749844849109650e-03
3.476402163505554199e-01
4.552025794982910156e-01
-3.923228979110717773e-01
-1.929781287908554077e-01
1.196082115173339844e+00
-1.129178643226623535e+00
-6.734451055526733398e-01
2.853454351425170898e-01
5.681850910186767578e-01
6.545130014419555664e-01
-9.656863212585449219e-01
-7.208853363990783691e-01
1.103047966957092285e+00
-2.367831707000732422e+00
-1.863456487655639648e+00
-1.678434610366821289e-01
5.692020654678344727e-01
7.915191352367401123e-02
-5.861969590187072754e-01
5.684643611311912537e-02
-9.384307265281677246e-01
-3.229919075965881348e-01
4.972296357154846191e-01
-5.443733930587768555e-01
-1.042795896530151367e+00
-6.452669501304626465e-01
4.133719801902770996e-01
3.012157976627349854e-01
-2.442901134490966797e+00
-2.626793622970581055e+00
1.203670501708984375e+00
2.380330711603164673e-01
1.252258270978927612e-01
2.915066108107566833e-02
7.068280577659606934e-01
1.003275394439697266e+00
-2.342062257230281830e-02
1.703163623809814453e+00
4.567741751670837402e-01
-1.774460911750793457e+00
-1.129384398460388184e+00
1.202295541763305664e+00
-1.119313240051269531e+00
6.793181896209716797e-01
3.248496353626251221e-02
-8.966719508171081543e-01
1.006194353103637695e+00
2.743931412696838379e-01
-1.121938377618789673e-01
-1.699090301990509033e-01
-9.189422726631164551e-01
-7.291598916053771973e-01
3.111202120780944824e-01
5.567157864570617676e-01
-1.098449826240539551e+00
2.111866235733032227e+00
9.905670881271362305e-01
-1.115463376045227051e+00
8.721193671226501465e-01
1.336735963821411133e+00
1.525410413742065430e+00
-8.275671005249023438e-01
6.805126070976257324e-01
1.921764731407165527e+00
-6.814850568771362305e-01
-2.353460192680358887e-01
-5.619288682937622070e-01
1.557841420173645020e+00
2.887998223304748535e-01
-5.755077600479125977e-01
-3.846342861652374268e-01
1.184214234352111816e+00
-2.321221590042114258e+00
1.399895429611206055e+00
1.201524883508682251e-01
-7.637111544609069824e-01
-1.668142557144165039e+00
6.000869274139404297e-01
-6.889441013336181641e-01
-1.321813344955444336e+00
1.403325796127319336e-01
-4.424338936805725098e-01
-1.038581490516662598e+00
-3.745266497135162354e-01
-4.981325566768646240e-01
-5.026049017906188965e-01
-1.663930267095565796e-01
2.173739075660705566e-01
-6.743310689926147461e-01
-3.453205525875091553e-01
8.430388569831848145e-01
2.713099420070648193e-01
-1.592054486274719238e+00
-4.273142814636230469e-01
-9.655714780092239380e-02
2.228651791810989380e-01
5.934056639671325684e-01
-1.532579183578491211e+00
-4.738792777061462402e-01
3.550390899181365967e-01
1.353290200233459473e+00
8.914151191711425781e-01
-1.473145335912704468e-01
2.195542901754379272e-01
3.779343962669372559e-01
2.392580360174179077e-01
2.221710421144962311e-02
-3.771354258060455322e-01
-2.882627844810485840e-01
-7.380828261375427246e-01
2.664094269275665283e-01
-2.598171494901180267e-02
-9.312949776649475098e-01
1.667197048664093018e-01
-7.840821146965026855e-01
6.644376367330551147e-02
8.477020859718322754e-01
3.084033131599426270e-01
-2.866756916046142578e-01
2.401052474975585938e+00
6.023176908493041992e-01
1.617442518472671509e-01
-2.254290282726287842e-01
-2.875306308269500732e-01
1.741833209991455078e+00
-7.897672653198242188e-01
5.475978255271911621e-01
1.512985706329345703e+00
1.068893074989318848e+00
-7.919378876686096191e-01
9.417273402214050293e-01
2.682873308658599854e-01
-4.796752035617828369e-01
3.120272457599639893e-01
-1.174350008368492126e-01
7.168519496917724609e-01
-8.186228871345520020e-01
-1.506675958633422852e+00
3.408133089542388916e-01
1.393312335014343262e+00
1.258949160575866699e+00
4.001613855361938477e-01
1.395558238029479980e+00
8.231258392333984375e-01
1.300486326217651367e+00
-1.370125174522399902e+00
4.903903007507324219e-01
1.014254927635192871e+00
-1.919574141502380371e-01
-7.435128092765808105e-01
-1.169784426689147949e+00
3.250450491905212402e-01
-1.547242552042007446e-01
4.175145626068115234e-01
-1.932425051927566528e-01
-7.969416379928588867e-01
8.390160799026489258e-01
1.234802842140197754e+00
6.221650838851928711e-01
1.136741995811462402e+00
6.322147846221923828e-01
-3.138371109962463379e-01
3.812558948993682861e-01
-8.616486787796020508e-01
7.762605547904968262e-01
1.082521080970764160e+00
2.674913406372070312e+00
-1.027368903160095215e+00
6.573082804679870605e-01
1.678875237703323364e-01
-7.269923686981201172e-01
1.358992576599121094e+00
1.904702067375183105e+00
5.111627578735351562e-01
-2.924563884735107422e-01
2.918191850185394287e-01
2.595479488372802734e-01
1.878466010093688965e+00
3.046771287918090820e-01
1.525309085845947266e-01
-9.525558352470397949e-01
1.518011838197708130e-02
-8.990764021873474121e-01
1.712528109550476074e+00
1.175241112709045410e+00
1.040230512619018555e+00
-1.106263518333435059e+00
-2.344233989715576172e-01
4.096203148365020752e-01
-6.376443505287170410e-01
9.304505586624145508e-01
3.107561264187097549e-03
3.608323335647583008e-01
-2.521235346794128418e-01
-5.218918919563293457e-01
1.159541130065917969e+00
-2.659720897674560547e+00
-5.439336895942687988e-01
-9.077985882759094238e-01
1.829182028770446777e+00
2.602527737617492676e-01
-1.667958647012710571e-01
-1.807472586631774902e+00
-1.549933075904846191e+00
-2.916926443576812744e-01
-1.893038511276245117e+00
-7.940173745155334473e-01
1.819916248321533203e+00
1.223111867904663086e+00
-2.561429738998413086e+00
-9.654717445373535156e-01
-1.463445663452148438e+00
-4.947003126144409180e-01
2.068811058998107910e-01
-1.539165854454040527e+00
7.330421209335327148e-01
1.473700404167175293e+00
-1.569155097007751465e+00
-3.557943105697631836e-01
5.930407047271728516e-01
-6.298170685768127441e-01
4.713904559612274170e-01
-6.060034409165382385e-02
-3.798155486583709717e-01
1.380143046379089355e+00
-4.600608944892883301e-01
8.247892260551452637e-01
-1.156069993972778320e+00
1.886023133993148804e-01
1.014630317687988281e+00
1.237309217453002930e+00
3.969520032405853271e-01
-2.696452736854553223e-01
1.690838336944580078e+00
-1.077242136001586914e+00
4.014154374599456787e-01
6.102908849716186523e-01
1.169266343116760254e+00
2.014283895492553711e+00
-6.712995767593383789e-01
-7.636677622795104980e-01
-4.691241383552551270e-01
1.360890030860900879e+00
2.849334180355072021e-01
-5.161246061325073242e-01
1.538435459136962891e+00
9.230625033378601074e-01
-1.609315514564514160e+00
8.852235674858093262e-01
-1.868624329566955566e+00
-1.528806805610656738e+00
-1.033606290817260742e+00
3.523756265640258789e-01
-5.483863353729248047e-01
-9.952504187822341919e-02
-1.299566745758056641e+00
-2.627504467964172363e-01
9.922808408737182617e-01
-7.999674081802368164e-01
6.497525572776794434e-01
-1.174131870269775391e+00
-5.838744044303894043e-01
-9.492899775505065918e-01
4.020516872406005859e-01
-1.377489924430847168e+00
-4.049979746341705322e-01
-1.681812703609466553e-01
2.043339014053344727e-01
