-3.320426642894744873e-01
2.783432044088840485e-02
-2.761083245277404785e-01
-8.928778767585754395e-02
1.692142844200134277e+00
-4.309210181236267090e-01
5.044073462486267090e-01
9.847236871719360352e-01
5.610901117324829102e-01
7.010355591773986816e-01
-2.360506206750869751e-01
2.663156017661094666e-02
-8.368276953697204590e-01
7.596848607063293457e-01
1.542804479598999023e+00
-1.266437053680419922e+00
3.404112458229064941e-01
-1.293939232826232910e+00
5.753705501556396484e-01
1.087153196334838867e+00
-2.273084163665771484e+00
8.562913537025451660e-01
7.687420248985290527e-01
-1.439624905586242676e+00
4.341227412223815918e-01
1.327344298362731934e+00
1.804821491241455078e-01
-1.259209156036376953e+00
2.531703114509582520e-01
8.509358167648315430e-01
1.941206604242324829e-01
-1.924431204795837402e+00
-1.804057598114013672e+00
2.152650207281112671e-01
4.846377074718475342e-01
-6.810967326164245605e-01
-3.048962652683258057e-01
1.372586607933044434e+00
-7.977678179740905762e-01
-1.511374354362487793e+00
5.747048258781433105e-01
3.683035373687744141e-01
6.085510849952697754e-01
6.469044089317321777e-01
-6.204065084457397461e-01
2.150274038314819336e+00
9.323565363883972168e-01
-9.790980070829391479e-02
-1.964065074920654297e+00
9.977594017982482910e-01
-3.533668220043182373e-01
-3.112637437880039215e-02
5.774040222167968750e-01
-3.540830910205841064e-01
1.497530221939086914e+00
1.262999892234802246e+00
1.202103614807128906e+00
-1.044638395309448242e+00
-7.194843292236328125e-01
-5.837742686271667480e-01
-1.616875648498535156e+00
-9.612314701080322266e-01
2.333562523126602173e-01
3.122756481170654297e-01
-1.127791047096252441e+00
1.692132234573364258e+00
-1.124587774276733398e+00
-4.297136366367340088e-01
-8.232426047325134277e-01
-9.909200668334960938e-01
-3.874261081218719482e-01
-1.326929777860641479e-01
-6.903124451637268066e-01
2.886524796485900879e-01
-8.506066799163818359e-01
-1.011457920074462891e+00
1.481863975524902344e+00
-9.105550646781921387e-01
-1.436508893966674805e+00
-6.139904856681823730e-01
-1.453071117401123047e+00
-3.278049454092979431e-02
-4.415265023708343506e-01
-5.807366371154785156e-01
-1.377987146377563477e+00
5.001273155212402344e-01
1.014287769794464111e-01
8.244214057922363281e-01
7.459229230880737305e-01
-9.969818592071533203e-02
-8.390370011329650879e-01
-4.299398660659790039e-01
-4.951043426990509033e-01
-5.930162668228149414e-01
2.541685476899147034e-02
-6.197554990649223328e-02
4.119051992893218994e-01
2.435168176889419556e-01
2.619515545666217804e-02
2.420423477888107300e-01
9.443422555923461914e-01
8.763218522071838379e-01
4.508011341094970703e-01
1.496712446212768555e+00
5.902628302574157715e-01
-1.902394294738769531e-01
-3.817145824432373047e-01
-1.631146907806396484e+00
2.173614948987960815e-01
5.621420145034790039e-01
-2.884064197540283203e+00
-6.510736793279647827e-02
-4.084566831588745117e-01
1.276549339294433594e+00
-4.510346353054046631e-01
4.202809929847717285e-01
-7.927952408790588379e-01
-7.109234929084777832e-01
1.374910950660705566e+00
1.148366212844848633e+00
-9.138415455818176270e-01
-3.898584544658660889e-01
-4.518137574195861816e-01
-4.579317867755889893e-01
2.337560176849365234e+00
-5.519369244575500488e-01
-7.496605068445205688e-02
-1.812037348747253418e+00
1.634197950363159180e+00
-3.276046812534332275e-01
1.377245426177978516e+00
-3.278434276580810547e-01
1.000551462173461914e+00
-1.043522953987121582e+00
-1.909526944160461426e+00
-1.732413768768310547e+00
-1.598868131637573242e+00
1.379395842552185059e+00
1.547053098678588867e+00
-1.725435495376586914e+00
-1.074606895446777344e+00
4.318501055240631104e-01
-1.479363083839416504e+00
-4.330669641494750977e-01
-4.539262652397155762e-01
-2.714794635772705078e+00
-4.474557638168334961e-01
-1.204598665237426758e+00
-3.359588086605072021e-01
1.796777963638305664e+00
7.334927320480346680e-01
1.525589972734451294e-01
-1.766877293586730957e+00
-2.559461593627929688e-01
1.122658103704452515e-01
8.940844535827636719e-01
-3.813897669315338135e-01
9.359548240900039673e-02
-2.576234936714172363e-01
-5.759255886077880859e-01
-9.777555465698242188e-01
5.265612006187438965e-01
-7.993246912956237793e-01
8.113993406295776367e-01
1.645439416170120239e-01
3.000148236751556396e-01
1.011745333671569824e+00
-1.866694211959838867e+00
-7.975193858146667480e-02
-1.783141374588012695e+00
-1.242702960968017578e+00
2.354194223880767822e-02
2.544012069702148438e+00
1.387696266174316406e-01
5.068525671958923340e-01
-3.117866814136505127e-01
6.814859062433242798e-02
4.928757250308990479e-01
-3.276556134223937988e-01
-9.173738360404968262e-01
-1.075596928596496582e+00
-4.514131844043731689e-01
1.421313762664794922e+00
9.181329607963562012e-01
4.900574684143066406e-01
-7.502532601356506348e-01
6.881288290023803711e-01
-2.293298721313476562e+00
1.488514423370361328e+00
-2.162750214338302612e-01
5.880485773086547852e-01
-1.764587998390197754e+00
1.446159839630126953e+00
1.127269387245178223e+00
1.540325284004211426e+00
-1.089326500892639160e+00
-4.231603443622589111e-01
1.490920782089233398e-01
1.127582192420959473e+00
4.624175429344177246e-01
-1.261345855891704559e-02
-6.064820885658264160e-01
2.630400657653808594e+00
-1.443693518638610840e+00
-8.457141369581222534e-02
-6.421838998794555664e-01
1.608372688293457031e+00
-1.087549328804016113e-01
5.998079851269721985e-02
1.607479333877563477e+00
-6.266942024230957031e-01
-2.362195104360580444e-01
-3.080036044120788574e-01
6.106960773468017578e-01
-2.494888782501220703e+00
-4.905565679073333740e-01
6.248114109039306641e-01
-5.942881703376770020e-01
-1.012205928564071655e-01
2.482623338699340820e+00
1.269313335418701172e+00
1.558455824851989746e+00
-3.247330784797668457e-01
-6.025705933570861816e-01
7.924384474754333496e-01
3.221338689327239990e-01
1.675703406333923340e+00
-1.354285717010498047e+00
4.224018156528472900e-01
1.434197127819061279e-01
-8.079433441162109375e-01
3.348405063152313232e-01
2.054573148488998413e-01
5.206201672554016113e-01
7.038049101829528809e-01
5.227499604225158691e-01
5.780678391456604004e-01
-3.360828384757041931e-02
1.637461543083190918e+00
-8.317134976387023926e-01
1.438979983329772949e+00
-7.801158428192138672e-01
-9.252327084541320801e-01
4.302681088447570801e-01
-2.489760890603065491e-02
-8.546212315559387207e-01
1.504960179328918457e+00
-1.509246081113815308e-01
4.451581239700317383e-01
1.134127974510192871e+00
-1.825474351644515991e-01
-2.460973411798477173e-01
1.593368530273437500e+00
9.999080896377563477e-01
1.289645671844482422e+00
2.394348531961441040e-01
-7.371795773506164551e-01
-6.600729823112487793e-01
-5.006556510925292969e-01
3.235424682497978210e-02
-1.552174210548400879e+00
-1.099043965339660645e+00
-7.825256139039993286e-02
1.544928789138793945e+00
7.943761348724365234e-01
-5.840721130371093750e-01
1.524467229843139648e+00
-7.392426729202270508e-01
1.312616109848022461e+00
7.293812632560729980e-01
6.360821723937988281e-01
7.373824119567871094e-01
-2.104331105947494507e-01
-1.158932685852050781e+00
-2.028267383575439453e+00
-3.181836903095245361e-01
-1.698238402605056763e-01
1.440482854843139648e+00
-3.791112005710601807e-01
-7.937021255493164062e-01
1.382584929466247559e+00
-2.366259545087814331e-01
-4.170300364494323730e-01
-5.160232782363891602e-01
1.631274223327636719e+00
-2.488539963960647583e-01
1.204196333885192871e+00
-2.176981449127197266e+00
-8.798733949661254883e-01
-1.371395468711853027e+00
-1.935475319623947144e-01
4.687490463256835938e-01
-2.100852727890014648e-01
1.291675567626953125e+00
-4.383538365364074707e-01
9.146038293838500977e-01
-1.170292973518371582e+00
-2.754280865192413330e-01
8.614954352378845215e-01
-1.089442133903503418e+00
4.020808041095733643e-01
-1.495074987411499023e+00
-4.745095595717430115e-02
9.525833129882812500e-01
1.096193790435791016e+00
5.631650090217590332e-01
5.975586771965026855e-01
2.498709112405776978e-01
8.450976610183715820e-01
1.160328745841979980e+00
5.357546210289001465e-01
1.334333777427673340e+00
-1.197818994522094727e+00
-1.121810674667358398e+00
1.077449098229408264e-01
-9.886233806610107422e-01
1.040802359580993652e+00
1.110548973083496094e+00
1.817680001258850098e+00
-1.047376394271850586e+00
1.442618370056152344e+00
7.523304820060729980e-01
-1.833429932594299316e+00
-7.022297382354736328e-02
-3.338374793529510498e-01
-1.090209364891052246e+00
8.246976137161254883e-01
-7.668756246566772461e-01
1.382492542266845703e+00
-2.938041090965270996e-01
-9.311089515686035156e-01
7.948243021965026855e-01
1.305775761604309082e+00
1.942698836326599121e+00
-5.612690448760986328e-01
-9.014093875885009766e-02
-6.901251077651977539e-01
4.824022650718688965e-01
8.406983613967895508e-01
4.705252647399902344e-01
-2.251635789871215820e+00
-1.156262040138244629e+00
7.676935195922851562e-01
-2.092804431915283203e+00
-7.018549442291259766e-01
-9.705644845962524414e-01
5.524026155471801758e-01
-1.641956806182861328e+00
-6.168354749679565430e-01
-7.988693714141845703e-01
1.289656311273574829e-01
-1.661513805389404297e+00
8.093758225440979004e-01
-9.518337845802307129e-01
-5.587254166603088379e-01
-5.667038559913635254e-01
-2.984373569488525391e-01
8.254776000976562500e-01
2.495516777038574219e+00
2.717617154121398926e-01
-1.534133672714233398e+00
-2.672915756702423096e-01
3.664563596248626709e-01
1.278520226478576660e-01
1.357606798410415649e-01
-1.099538087844848633e+00
9.619482755661010742e-01
1.577769398689270020e+00
-4.998242557048797607e-01
1.158083200454711914e+00
-1.077487111091613770e+00
-1.523694157600402832e+00
7.257580757141113281e-01
2.164758443832397461e+00
1.730714559555053711e+00
-2.466594576835632324e-01
5.483030676841735840e-01
-7.934025526046752930e-01
1.857412934303283691e+00
-1.524131298065185547e+00
4.650353640317916870e-02
2.004611492156982422e+00
1.078942567110061646e-01
1.874631196260452271e-01
4.492841660976409912e-01
-2.715904712677001953e-01
2.773136615753173828e+00
8.990411162376403809e-01
-1.027012467384338379e+00
8.007512092590332031e-01
2.646705508232116699e-02
6.645968556404113770e-01
1.242473244667053223e+00
-9.553456306457519531e-01
3.199238562956452370e-03
-2.425999343395233154e-01
-4.451274573802947998e-01
-2.543506324291229248e-01
1.421402990818023682e-01
7.264260202646255493e-02
1.783601760864257812e+00
-8.975296020507812500e-01
7.263119816780090332e-01
1.449361890554428101e-01
-4.773150980472564697e-01
3.073172271251678467e-01
-2.590868234634399414e+00
-4.876981079578399658e-01
1.397514581680297852e+00
-1.323644161224365234e+00
-1.938306808471679688e+00
1.576337575912475586e+00
7.496998310089111328e-01
1.116529464721679688e+00
3.574118316173553467e-01
-1.714974343776702881e-01
-8.127433061599731445e-01
-1.022295475006103516e+00
1.434591054916381836e+00
-6.382705569267272949e-01
1.080628186464309692e-01
7.751977443695068359e-02
-1.406595706939697266e-01
-4.175838530063629150e-01
-1.612253308296203613e+00
4.262134805321693420e-02
7.856958508491516113e-01
-2.957902550697326660e-01
-2.079813003540039062e+00
-2.028645992279052734e+00
-2.160817980766296387e-01
-1.107193604111671448e-01
6.107723712921142578e-01
1.623844914138317108e-02
-1.098552465438842773e+00
-1.860726356506347656e+00
-8.249017596244812012e-01
-6.537745594978332520e-01
-1.357508897781372070e+00
1.291877746582031250e+00
-9.305883049964904785e-01
6.567754745483398438e-01
-1.312210202217102051e+00
2.210132330656051636e-01
-3.704462051391601562e-01
-5.403651669621467590e-02
-6.009113192558288574e-01
7.288432121276855469e-01
3.904222846031188965e-01
7.748393416404724121e-01
