4.207561314105987549e-01
1.327663421630859375e+00
4.518287628889083862e-02
-6.492776870727539062e-01
1.280477762222290039e+00
2.132020950317382812e+00
-8.556193709373474121e-01
6.052492260932922363e-01
4.570728540420532227e-02
-2.889994382858276367e-01
3.161543011665344238e-01
2.435343265533447266e+00
-7.949275374412536621e-01
1.988859891891479492e+00
3.789942264556884766e-01
1.404915452003479004e+00
-1.051732301712036133e+00
9.796360731124877930e-01
-2.680094242095947266e+00
1.179585099220275879e+00
-7.814302444458007812e-01
7.559379935264587402e-01
-1.185556769371032715e+00
2.903916537761688232e-01
5.579457879066467285e-01
-8.887667059898376465e-01
-1.765165209770202637e+00
-1.073594212532043457e+00
-1.224387645721435547e+00
-2.221072465181350708e-02
1.213165879249572754e+00
2.311057597398757935e-01
9.334068298339843750e-01
1.164640307426452637e+00
1.008558750152587891e+00
1.589983105659484863e+00
-5.621436238288879395e-01
-1.827269047498703003e-01
-1.001266911625862122e-01
-1.670760512351989746e+00
-6.583920121192932129e-01
-1.871373951435089111e-01
-8.210825920104980469e-01
1.841030359268188477e+00
-1.046633005142211914e+00
1.393069744110107422e+00
5.132552981376647949e-01
3.047443628311157227e-01
3.801220655441284180e-01
-7.248842716217041016e-01
-1.109605789184570312e+00
3.764085769653320312e-01
-1.068034887313842773e+00
1.245629906654357910e+00
-1.748578429222106934e+00
-1.714189171791076660e+00
-9.931141138076782227e-01
1.513247638940811157e-01
-9.637550115585327148e-01
1.430647015571594238e+00
7.723622918128967285e-01
1.217451095581054688e-01
-1.022646546363830566e+00
4.252815246582031250e-01
-1.131464242935180664e+00
7.011816501617431641e-01
1.488206028938293457e+00
-1.179089546203613281e+00
-1.171938702464103699e-01
-5.278849974274635315e-02
-5.186297297477722168e-01
-1.021581664681434631e-01
1.038122534751892090e+00
3.642785847187042236e-01
-2.515749335289001465e-01
-1.505521416664123535e+00
-2.424530386924743652e-01
5.322298407554626465e-01
-1.019451498985290527e+00
8.810048699378967285e-01
4.245586097240447998e-01
-3.935735225677490234e-01
1.681530714035034180e+00
-5.646885633468627930e-01
1.083594799041748047e+00
-2.293462157249450684e-01
1.022611141204833984e+00
-6.624196171760559082e-01
-2.483662664890289307e-01
8.697574734687805176e-01
1.121574521064758301e+00
1.777951717376708984e+00
4.401876032352447510e-01
1.697831511497497559e+00
5.979022979736328125e-01
2.374394685029983521e-01
1.170074105262756348e+00
-2.389708995819091797e+00
-7.910107970237731934e-01
1.530764222145080566e+00
-9.698418974876403809e-01
-1.408807188272476196e-01
1.577702641487121582e+00
-2.475618012249469757e-02
1.473856121301651001e-01
-9.787608981132507324e-01
-2.693718671798706055e-01
-6.878276467323303223e-01
-1.845592260360717773e+00
-1.105133175849914551e+00
-1.934074759483337402e-01
3.699359893798828125e-01
7.406003028154373169e-02
1.381259202957153320e+00
-9.543290138244628906e-01
4.356807842850685120e-02
6.775259375572204590e-01
6.460695266723632812e-01
1.729325532913208008e+00
5.614967942237854004e-01
-2.719988822937011719e+00
1.004906967282295227e-01
1.032879948616027832e+00
9.223466515541076660e-01
9.743078947067260742e-01
-1.626197338104248047e+00
-1.015193581581115723e+00
-1.943471878767013550e-01
1.280772566795349121e+00
8.821504712104797363e-01
-4.909009933471679688e-01
7.684891223907470703e-01
-5.962921380996704102e-01
2.924147546291351318e-01
-1.122743129730224609e+00
-7.644550800323486328e-01
-9.113391637802124023e-01
1.378111481666564941e+00
-9.735350497066974640e-03
-1.772262305021286011e-01
-7.188904285430908203e-01
-2.474138140678405762e-01
2.162134461104869843e-02
1.609091162681579590e-01
1.116352677345275879e+00
-7.340375781059265137e-01
2.888218462467193604e-01
-9.014427661895751953e-01
6.503332406282424927e-02
1.596649646759033203e+00
1.676299124956130981e-01
-4.679386913776397705e-01
-8.942204117774963379e-01
5.552722811698913574e-01
-2.132314205169677734e+00
-8.175462484359741211e-01
-7.411463558673858643e-02
-2.361448049545288086e+00
1.196995452046394348e-01
1.631975173950195312e-02
6.734708547592163086e-01
-1.109974980354309082e+00
1.316949725151062012e-01
-6.712182760238647461e-01
-8.060056716203689575e-02
-1.464673578739166260e-01
8.776522278785705566e-01
1.609603524208068848e+00
-5.324229598045349121e-01
1.719188332557678223e+00
-1.598648309707641602e+00
-2.974869906902313232e-01
-3.379449248313903809e-01
-1.002644300460815430e-01
-6.716730445623397827e-02
9.848576784133911133e-01
4.760290980339050293e-01
-1.768226861953735352e+00
-2.873288393020629883e-01
2.428791113197803497e-02
1.578850448131561279e-01
-4.571966230869293213e-01
2.287490218877792358e-01
-8.662310242652893066e-01
-9.527586698532104492e-01
-1.576782017946243286e-01
-6.543439626693725586e-01
1.513101346790790558e-02
-1.074489712715148926e+00
-4.562833905220031738e-02
7.055135369300842285e-01
-1.735408306121826172e-01
-2.124081850051879883e+00
6.233198642730712891e-01
-2.101506143808364868e-01
1.787227869033813477e+00
1.188614130020141602e+00
-3.791223764419555664e-01
-6.940031796693801880e-02
-8.632734417915344238e-01
5.860975384712219238e-01
-3.549157977104187012e-01
-1.068729281425476074e+00
-4.809518158435821533e-01
-3.128853738307952881e-01
-1.847510814666748047e+00
8.108389973640441895e-01
1.578406691551208496e+00
-1.545598149299621582e+00
1.203121542930603027e+00
-7.897090911865234375e-01
-1.058183550834655762e+00
-1.128476142883300781e+00
1.061589002609252930e+00
-1.452609300613403320e-01
-9.790551662445068359e-01
-1.347107291221618652e+00
-1.829544663429260254e+00
-6.263052672147750854e-02
1.233462214469909668e+00
-9.074098467826843262e-01
-1.485957264900207520e+00
-9.100880622863769531e-01
-2.977862954139709473e-01
-5.082576274871826172e-01
3.464547991752624512e-01
2.309791371226310730e-02
-8.759847283363342285e-01
5.951281189918518066e-01
1.332523703575134277e+00
3.535539507865905762e-01
1.014089491218328476e-02
-2.192606925964355469e-01
-4.868502616882324219e-01
-8.721933364868164062e-01
-2.532042562961578369e-01
-8.685754537582397461e-01
9.525740742683410645e-01
6.291150450706481934e-01
1.699870586395263672e+00
1.407818198204040527e-01
4.539880752563476562e-01
1.245047245174646378e-02
1.627822399139404297e+00
-2.542207837104797363e-01
1.285141587257385254e+00
-1.201745510101318359e+00
1.079419374465942383e+00
-5.586794614791870117e-01
3.189525008201599121e-01
-5.500318408012390137e-01
-6.293054223060607910e-01
-9.287583231925964355e-01
-7.413015961647033691e-01
6.317728757858276367e-01
1.782025933265686035e+00
-1.938864231109619141e+00
6.185383200645446777e-01
4.460512995719909668e-01
4.674198329448699951e-01
1.924983382225036621e+00
-3.915476799011230469e-01
-9.916754961013793945e-01
9.036026597023010254e-01
2.955821752548217773e-01
2.316226959228515625e+00
7.783691883087158203e-01
-1.341390848159790039e+00
7.058942317962646484e-01
1.993040442466735840e+00
-4.807182848453521729e-01
1.198163986206054688e+00
-1.374938368797302246e+00
7.791286110877990723e-01
4.049393832683563232e-01
3.203912675380706787e-01
-7.889336347579956055e-01
1.448762416839599609e-01
-1.151491522789001465e+00
-4.446625411510467529e-01
1.259317398071289062e+00
1.335305929183959961e+00
7.456839680671691895e-01
6.885146498680114746e-01
7.101160287857055664e-01
6.606681346893310547e-01
4.467622935771942139e-02
2.222233772277832031e+00
2.144301086664199829e-01
2.442962676286697388e-01
2.200050801038742065e-01
6.360875368118286133e-01
2.232986211776733398e+00
-5.893570780754089355e-01
-1.509394198656082153e-01
-2.860989570617675781e-01
-1.313876032829284668e+00
-1.191445514559745789e-01
1.586392879486083984e+00
1.140465259552001953e+00
