1.312117815017700195e+00 3.205522596836090088e-01 -1.192445531487464905e-01 -9.221109151840209961e-01 -6.046230792999267578e-01 -6.160532236099243164e-01 -1.453074663877487183e-01 -3.581911325454711914e-01
9.492456912994384766e-01 2.692597508430480957e-01 9.055568575859069824e-01 1.567209601402282715e+00 1.466360926628112793e+00 -7.640407681465148926e-01 -7.944638133049011230e-01 -5.456652864813804626e-02
1.572608202695846558e-01 -4.410154819488525391e-01 -9.115641564130783081e-02 4.711194932460784912e-01 4.502913057804107666e-01 5.832554101943969727e-01 6.330538988113403320e-01 9.266217947006225586e-01
-4.543641209602355957e-01 -1.472032189369201660e+00 6.537789702415466309e-01 4.559123516082763672e-01 1.722202003002166748e-01 1.413581818342208862e-01 -1.310886591672897339e-01 5.761080384254455566e-01
-8.823648095130920410e-01 -5.625163316726684570e-01 7.499512434005737305e-01 9.591521024703979492e-01 1.040331244468688965e+00 -5.132462382316589355e-01 1.043310165405273438e+00 -1.191638112068176270e+00
1.345022320747375488e+00 -8.403674960136413574e-01 2.019237577915191650e-01 2.830747663974761963e-01 3.727722465991973877e-01 -6.427287310361862183e-02 4.111905097961425781e-01 -6.120560169219970703e-01
-6.624094247817993164e-01 2.165279865264892578e+00 3.424001038074493408e-01 -1.509018838405609131e-01 -1.251712560653686523e+00 2.697762548923492432e-01 -3.487929403781890869e-01 6.586280465126037598e-01
-6.780509352684020996e-01 1.105890274047851562e+00 -1.391994118690490723e+00 -8.846005201339721680e-01 1.784212470054626465e+00 -7.912579178810119629e-01 9.878967404365539551e-01 -6.732198596000671387e-01
1.101403951644897461e+00 3.699534237384796143e-01 2.360233515501022339e-01 2.124940633773803711e+00 -1.441027224063873291e-01 5.018622875213623047e-01 -4.077177345752716064e-01 -5.523576140403747559e-01
-4.171961545944213867e-01 -5.134731158614158630e-02 -2.411933988332748413e-01 -8.430092334747314453e-01 5.697414278984069824e-01 9.150652587413787842e-02 2.706351503729820251e-02 1.301535248756408691e+00
1.813848614692687988e+00 -1.570904612541198730e+00 -2.708033621311187744e-01 -9.630495309829711914e-01 -1.220569968223571777e+00 1.195372223854064941e+00 -2.651217766106128693e-02 5.920844674110412598e-01
1.461946725845336914e+00 -1.435186028480529785e+00 4.149638414382934570e-01 4.893336892127990723e-01 -4.965194687247276306e-02 1.892417669296264648e+00 -2.469357490539550781e+00 2.239731073379516602e+00
3.609956502914428711e-01 -1.047319248318672180e-01 4.411709606647491455e-01 1.164018392562866211e+00 2.438241481781005859e+00 -6.625501513481140137e-01 1.206019520759582520e+00 1.209603905677795410e+00
-1.504752397537231445e+00 -9.795521497726440430e-01 -1.005467176437377930e+00 4.932293295860290527e-01 -8.087452650070190430e-01 8.907006978988647461e-01 2.084635257720947266e+00 -3.758338391780853271e-01
-2.969955682754516602e+00 7.413925528526306152e-01 6.217844486236572266e-01 -7.303535342216491699e-01 1.728607714176177979e-01 1.337498545646667480e+00 6.498171389102935791e-02 -2.557112574577331543e-01
-5.610828399658203125e-01 -7.452967166900634766e-01 -1.494957357645034790e-01 8.759413957595825195e-01 -8.041260242462158203e-01 -1.681654930114746094e+00 5.763732194900512695e-01 1.105688691139221191e+00
-1.465855598449707031e+00 -7.793835997581481934e-01 1.579786896705627441e+00 -2.660428285598754883e-01 -2.403575330972671509e-01 -1.985063254833221436e-01 -4.769220650196075439e-01 7.740533351898193359e-01
-1.286097884178161621e+00 -1.752973496913909912e-01 1.730486392974853516e+00 1.994584560394287109e+00 1.335053324699401855e+00 -1.519225388765335083e-01 -6.003547310829162598e-01 -9.197064638137817383e-01
-3.134514689445495605e-01 -1.159769058227539062e+00 8.018311858177185059e-01 8.136665821075439453e-01 2.525360286235809326e-01 2.102367579936981201e-01 7.690773010253906250e-01 1.034810915589332581e-01
-1.429737448692321777e+00 -7.419565916061401367e-01 1.067508816719055176e+00 -3.891691192984580994e-02 -8.643622994422912598e-01 9.371258616447448730e-01 1.373936057090759277e+00 -1.183462738990783691e+00
-9.890819191932678223e-01 1.632723450660705566e+00 -1.475390553474426270e+00 1.443210721015930176e+00 -3.311507999897003174e-01 -2.726296782493591309e-01 -3.594584763050079346e-01 1.530223131179809570e+00
-3.257713317871093750e-01 3.324783444404602051e-01 -1.791979432106018066e+00 1.353012084960937500e+00 1.721545219421386719e+00 -2.408823519945144653e-01 -7.687417417764663696e-02 -1.399299144744873047e+00
4.973804354667663574e-01 -7.216203808784484863e-01 -1.352350354194641113e+00 -6.604690551757812500e-01 -3.794707953929901123e-01 -3.254036903381347656e-01 7.986829280853271484e-01 -9.522460103034973145e-01
2.639509916305541992e+00 -1.416879177093505859e+00 -1.887229323387145996e+00 5.084075927734375000e-01 1.604940533638000488e+00 1.380534887313842773e+00 3.469446301460266113e-01 1.354933857917785645e+00
-4.127235710620880127e-01 5.910795181989669800e-02 -3.913139402866363525e-01 9.399630427360534668e-01 7.721581459045410156e-01 -1.710149884223937988e+00 5.280052423477172852e-01 1.576137185096740723e+00
-3.846799135208129883e-01 -4.349409602582454681e-03 3.908640146255493164e-01 3.545676171779632568e-01 1.318038702011108398e-01 -1.091705441474914551e+00 2.337953805923461914e+00 -3.832854926586151123e-01
5.127670168876647949e-01 -6.433538794517517090e-01 6.047169566154479980e-01 1.926648914813995361e-01 -1.474196195602416992e+00 1.758545756340026855e+00 -4.030596017837524414e-01 9.055996537208557129e-01
3.550960421562194824e-01 9.142214655876159668e-01 1.063015341758728027e+00 2.353500366210937500e+00 -1.286329388618469238e+00 -8.933286666870117188e-01 -7.523720264434814453e-01 2.665815129876136780e-02
1.495850324630737305e+00 -7.786913961172103882e-02 -1.033335328102111816e+00 5.857535600662231445e-01 1.143189311027526855e+00 -5.023252964019775391e-01 -1.221845820546150208e-01 -1.236473798751831055e+00
2.066045761108398438e+00 -9.735396504402160645e-01 -6.408453583717346191e-01 1.417710304260253906e+00 3.688073158264160156e-01 -5.365727543830871582e-01 -3.652546703815460205e-01 8.472811579704284668e-01
2.328417897224426270e-01 1.059846043586730957e+00 -2.750140726566314697e-01 2.063032388687133789e+00 1.077910214662551880e-01 -5.700141191482543945e-01 -5.364000201225280762e-01 2.070129156112670898e+00
-5.353012084960937500e-01 -2.390730530023574829e-01 2.896653115749359131e-01 8.580632805824279785e-01 1.055469751358032227e+00 8.394721150398254395e-01 -1.525424718856811523e+00 2.828254401683807373e-01
8.283810615539550781e-01 1.955838352441787720e-01 1.411431193351745605e+00 1.757436990737915039e-01 -4.543642103672027588e-01 3.746693730354309082e-01 6.722474098205566406e-01 -1.144051432609558105e+00
1.261822134256362915e-01 1.586699366569519043e+00 -2.324663102626800537e-01 -8.806713819503784180e-01 1.032552242279052734e+00 2.960920566692948341e-03 -9.496712684631347656e-01 7.139299511909484863e-01
-5.013020634651184082e-01 -4.332173764705657959e-01 5.493883490562438965e-01 -1.738440543413162231e-01 6.690586209297180176e-01 -2.159035444259643555e+00 -1.275610089302062988e+00 8.572646379470825195e-01
-1.005082607269287109e+00 -2.426223307847976685e-01 -5.259689316153526306e-02 1.439398527145385742e+00 8.881128430366516113e-01 1.180979967117309570e+00 -1.672871351242065430e+00 -9.189192950725555420e-02
7.316090464591979980e-01 8.786109089851379395e-01 -1.156455039978027344e+00 -1.303571343421936035e+00 7.718557715415954590e-01 8.193612694740295410e-01 -6.960139870643615723e-01 -6.520504951477050781e-01
3.275168538093566895e-01 7.691932916641235352e-01 1.830214738845825195e+00 7.572274208068847656e-01 1.192191004753112793e+00 2.081672400236129761e-01 3.450878560543060303e-01 8.077883720397949219e-01
-7.205683737993240356e-02 -1.154490947723388672e+00 6.557436585426330566e-01 -6.776538491249084473e-01 -3.448112607002258301e-01 4.230472445487976074e-01 1.286864876747131348e+00 1.415213942527770996e-01
1.020472288131713867e+00 1.928193688392639160e+00 -9.897764921188354492e-01 2.055401951074600220e-01 -6.545224785804748535e-01 -1.542599946260452271e-01 9.538069367408752441e-01 1.108462452888488770e+00
-1.230760693550109863e+00 1.118862032890319824e+00 4.147369861602783203e-01 -9.194072484970092773e-01 -4.682649374008178711e-01 1.825000286102294922e+00 -1.172747090458869934e-02 -6.833961606025695801e-01
-3.094025254249572754e-01 -8.211359977722167969e-01 4.986153542995452881e-01 -8.906396031379699707e-01 6.018674373626708984e-01 -1.758259981870651245e-01 1.728660821914672852e+00 1.304025411605834961e+00
-1.184582591056823730e+00 -5.486896634101867676e-02 -4.741533100605010986e-01 2.017125368118286133e+00 -9.985754638910293579e-02 1.755012869834899902e-01 9.474793672561645508e-01 1.122414842247962952e-01
-2.878693491220474243e-02 -9.918583631515502930e-01 1.497370839118957520e+00 1.062380909919738770e+00 9.456008672714233398e-01 -2.304956018924713135e-01 8.445102572441101074e-01 1.329881548881530762e+00
-1.048645019531250000e+00 4.033615440130233765e-02 1.190940380096435547e+00 -9.564775824546813965e-01 -8.077026605606079102e-01 5.393511056900024414e-01 5.053517818450927734e-01 4.112800061702728271e-01
-9.273888468742370605e-01 6.884363293647766113e-01 -8.494271039962768555e-01 1.886489987373352051e+00 3.481661081314086914e-01 9.335937500000000000e-01 1.321870088577270508e-01 4.550284147262573242e-01
-9.211045689880847931e-03 1.193554401397705078e+00 9.664619565010070801e-01 -2.073172181844711304e-01 -1.124494194984436035e+00 9.086473584175109863e-01 8.268185853958129883e-01 -9.856770634651184082e-01
-1.436820149421691895e+00 -7.057340145111083984e-01 -8.659570813179016113e-01 2.368457019329071045e-01 1.584229588508605957e+00 -7.159962058067321777e-01 1.663970649242401123e-01 7.557972669601440430e-01
1.236976146697998047e+00 1.569996714591979980e+00 -5.044938921928405762e-01 9.496145648881793022e-04 4.724384546279907227e-01 -6.748338937759399414e-01 -9.577320218086242676e-01 -6.625338196754455566e-01
6.476640105247497559e-01 -1.323039531707763672e+00 -2.730567157268524170e-01 4.185299873352050781e-01 2.376987785100936890e-01 -4.866364002227783203e-01 5.940992832183837891e-01 2.548868954181671143e-01
-1.339650750160217285e+00 -1.187298059463500977e+00 -3.874913454055786133e-01 3.110569119453430176e-01 4.592146277427673340e-01 -3.054159320890903473e-02 1.343143582344055176e+00 1.652904599905014038e-01
1.281245946884155273e+00 -2.984911501407623291e-01 1.058609724044799805e+00 1.368160724639892578e+00 -8.916509151458740234e-01 -6.582585573196411133e-01 -1.328654885292053223e+00 4.665581285953521729e-01
-8.387598991394042969e-01 1.166734218597412109e+00 -1.563336730003356934e+00 -2.852806150913238525e-01 8.309668898582458496e-01 3.269445419311523438e+00 -4.884883463382720947e-01 -2.286487519741058350e-01
1.152848452329635620e-01 -3.917908966541290283e-01 -1.011473461985588074e-01 -7.847543954849243164e-01 2.165053784847259521e-01 -7.041160017251968384e-02 -8.221533298492431641e-01 6.966886520385742188e-01
-3.659844994544982910e-01 -1.322881460189819336e+00 -5.366786122322082520e-01 1.072192639112472534e-01 4.349182248115539551e-01 2.796363234519958496e-01 6.313193440437316895e-01 -1.654421091079711914e+00
-1.727486014366149902e+00 -4.398741126060485840e-01 -1.379856914281845093e-01 -8.296924829483032227e-01 -2.200351059436798096e-01 -1.547016024589538574e+00 -1.229184269905090332e-01 4.163880050182342529e-01
8.829377889633178711e-01 1.003493547439575195e+00 -4.212836623191833496e-01 -2.486177235841751099e-01 1.674587130546569824e+00 -1.828962802886962891e+00 -6.267885565757751465e-01 1.316056609153747559e+00
1.023703217506408691e-01 1.004948139190673828e+00 2.226634979248046875e+00 -3.406463563442230225e-01 -1.968148469924926758e+00 -5.711311101913452148e-02 -1.250654339790344238e+00 1.214277505874633789e+00
1.316662192344665527e+00 1.235670000314712524e-01 7.502202689647674561e-02 -6.560257077217102051e-01 -1.393779158592224121e+00 4.527140557765960693e-01 -1.518595695495605469e+00 1.117720484733581543e+00
-6.928542852401733398e-01 -1.029309332370758057e-01 -1.230215191841125488e+00 -5.522132515907287598e-01 -1.495119452476501465e+00 1.594390630722045898e+00 2.379937022924423218e-01 -1.159930229187011719e+00
9.868450760841369629e-01 -4.150970876216888428e-01 -8.529113233089447021e-02 -1.711791634559631348e+00 -4.404318332672119141e-01 -1.094050765037536621e+00 -2.241990327835083008e+00 5.628115534782409668e-01
5.069075152277946472e-02 -8.492353558540344238e-01 5.505810379981994629e-01 -2.869550883769989014e-01 5.114437937736511230e-01 -3.766699433326721191e-01 -2.196347899734973907e-02 -1.744671761989593506e-01
8.263371586799621582e-01 1.784883022308349609e+00 9.920490980148315430e-01 4.114270210266113281e-02 -4.721848666667938232e-01 7.301510572433471680e-01 -7.315379381179809570e-01 -3.972071222960948944e-03
1.305567741394042969e+00 6.025273799896240234e-01 1.834512829780578613e+00 -1.061517238616943359e+00 -1.696201801300048828e+00 2.023604512214660645e-01 4.048021435737609863e-01 4.376372098922729492e-01
-1.066922307014465332e+00 6.284700036048889160e-01 -8.313202261924743652e-01 -7.568823546171188354e-02 2.066696584224700928e-01 1.841418981552124023e+00 4.059150069952011108e-02 -4.245272278785705566e-01
-1.630874752998352051e+00 -7.938473224639892578e-01 -1.942934393882751465e+00 -4.098649024963378906e-01 4.113616943359375000e-01 -4.119177162647247314e-01 2.827412605285644531e+00 2.307292670011520386e-01
8.583129644393920898e-01 2.596478760242462158e-01 2.142869383096694946e-01 -4.285266697406768799e-01 -2.759719789028167725e-01 6.534050107002258301e-01 -3.652064502239227295e-01 -2.462120294570922852e+00
2.734192609786987305e-01 -1.498844146728515625e+00 -6.238381862640380859e-01 -7.778668999671936035e-01 -8.478389382362365723e-01 -1.653765141963958740e-01 -1.761256217956542969e+00 5.019056797027587891e-01
-7.300725579261779785e-01 3.240140676498413086e-01 3.143061399459838867e-01 -6.540206074714660645e-02 -2.300806529819965363e-02 -1.001959085464477539e+00 -1.104665875434875488e+00 2.358677625656127930e+00
-1.020361185073852539e+00 -1.085113883018493652e+00 9.332140684127807617e-01 -1.168422341346740723e+00 3.093015849590301514e-01 -2.594674825668334961e-01 6.007165908813476562e-01 9.901826977729797363e-01
8.559977412223815918e-01 -4.228695631027221680e-01 -2.669618368148803711e+00 -1.724045515060424805e+00 1.249304175376892090e+00 3.170737624168395996e-01 3.136401474475860596e-01 -4.788869619369506836e-01
-2.206815779209136963e-01 1.149834543466567993e-01 -1.111485242843627930e+00 1.491172194480895996e+00 7.642968893051147461e-01 3.951386809349060059e-01 -1.015590131282806396e-01 6.455679535865783691e-01
1.323120445013046265e-01 -2.059366703033447266e+00 -6.088164448738098145e-01 -1.037067174911499023e+00 -8.192850351333618164e-01 1.087044000625610352e+00 2.277956962585449219e+00 -1.093956351280212402e+00
1.327135413885116577e-01 3.168771266937255859e-01 2.711673676967620850e-01 2.788393259048461914e+00 3.284513056278228760e-01 9.690288305282592773e-01 1.185414552688598633e+00 -4.928311109542846680e-01
8.015073090791702271e-02 1.396942257881164551e+00 3.492093682289123535e-01 -5.634904503822326660e-01 -8.822053670883178711e-01 -2.332934379577636719e+00 -9.708300232887268066e-01 4.276717901229858398e-01
3.101770877838134766e-01 -8.676528930664062500e-01 1.200680494308471680e+00 -3.678996488451957703e-02 -1.660785079002380371e+00 3.394775390625000000e-01 -6.060414910316467285e-01 8.267605304718017578e-01
1.935686707496643066e+00 1.235203742980957031e-01 8.836634755134582520e-01 -4.112735092639923096e-01 4.769080877304077148e-01 -2.217500507831573486e-01 -4.514838159084320068e-01 -5.136771202087402344e-01
-3.901718258857727051e-01 3.575982749462127686e-01 1.491333961486816406e+00 -2.724203169345855713e-01 1.171630993485450745e-01 -2.867432236671447754e-01 -7.348175048828125000e-01 -1.935581088066101074e+00
-4.595320522785186768e-01 7.200396656990051270e-01 2.291207075119018555e+00 8.433805704116821289e-01 6.183964610099792480e-01 8.301617503166198730e-01 6.087673902511596680e-01 -5.509951710700988770e-01
-4.140975773334503174e-01 8.767315745353698730e-01 -2.355628490447998047e+00 1.444477140903472900e-01 -2.943912744522094727e-01 9.387817978858947754e-01 2.330419979989528656e-02 6.546721607446670532e-02
-1.823815584182739258e+00 6.417168974876403809e-01 1.242159128189086914e+00 4.163694679737091064e-01 2.064362049102783203e+00 -2.535063959658145905e-02 -2.527252733707427979e-01 -1.038849055767059326e-01
-4.766600206494331360e-02 -3.959532380104064941e-01 2.370251268148422241e-01 -5.997666120529174805e-01 4.340986609458923340e-01 -1.911036521196365356e-01 3.883674740791320801e-01 -1.718087553977966309e+00
-5.307247638702392578e-01 8.488787412643432617e-01 8.825582861900329590e-01 1.260013818740844727e+00 -1.652374505996704102e+00 -1.447067618370056152e+00 2.560201585292816162e-01 2.379290342330932617e+00
1.212421655654907227e+00 6.820768713951110840e-01 -8.227466940879821777e-01 4.168826937675476074e-01 3.698520958423614502e-01 8.348981142044067383e-01 -1.610384702682495117e+00 -1.288290858268737793e+00
-3.493082523345947266e-01 2.415512800216674805e-01 -5.038335919380187988e-01 3.634846210479736328e-01 2.392577677965164185e-01 9.370064139366149902e-01 8.475213646888732910e-01 -6.383188366889953613e-01
-1.433880627155303955e-01 -2.588909864425659180e-01 5.640953779220581055e-01 1.035114049911499023e+00 -7.106344699859619141e-01 2.056764066219329834e-01 -3.364556729793548584e-01 -1.374017715454101562e+00
8.411931395530700684e-01 5.065202713012695312e-01 -3.965483009815216064e-01 -2.266390562057495117e+00 1.871941685676574707e+00 4.858776926994323730e-01 9.514839053153991699e-01 2.985890507698059082e-01
-2.481382936239242554e-01 -4.849720597267150879e-01 7.289545983076095581e-02 -2.276358306407928467e-01 7.338223457336425781e-01 6.306814551353454590e-01 3.348152041435241699e-01 -1.111310720443725586e+00
6.922609806060791016e-01 -1.750064939260482788e-01 -1.484007954597473145e+00 3.806201517581939697e-01 -7.082008719444274902e-01 -1.066134214401245117e+00 3.878853619098663330e-01 -6.624448299407958984e-01
1.226776123046875000e+00 1.015432849526405334e-01 5.052466392517089844e-01 1.183519244194030762e+00 -1.303068280220031738e+00 1.148942470550537109e+00 5.212592482566833496e-01 1.206002473831176758e+00
-1.157418251037597656e+00 1.740255475044250488e+00 1.440943479537963867e+00 -6.260345578193664551e-01 3.314288556575775146e-01 -8.377533555030822754e-01 3.484383523464202881e-01 6.012457013130187988e-01
1.558839678764343262e+00 -3.203250765800476074e-01 4.995350539684295654e-01 9.098534584045410156e-01 -1.452814880758523941e-02 -1.361212491989135742e+00 4.675143659114837646e-01 2.916394174098968506e-02
-1.491904973983764648e+00 -1.375941753387451172e+00 1.510463833808898926e+00 1.915362238883972168e+00 3.335377871990203857e-01 -2.395392656326293945e+00 -6.387133598327636719e-01 -4.886606633663177490e-01
1.589162349700927734e-01 -8.674421310424804688e-01 2.732728421688079834e-01 7.621290087699890137e-01 8.628656864166259766e-01 1.158683776855468750e+00 -2.259262561798095703e+00 -4.791096448898315430e-01
1.500150203704833984e+00 -7.198507189750671387e-01 -8.265961408615112305e-01 8.792684674263000488e-01 -1.491493172943592072e-02 -9.645393490791320801e-01 -1.931941956281661987e-01 -2.868988811969757080e-01
1.846087336540222168e+00 -1.242102980613708496e-01 -5.082734227180480957e-01 8.925375938415527344e-01 -4.032928645610809326e-01 -1.058080911636352539e+00 2.058337181806564331e-01 -1.438403129577636719e-01
2.644981443881988525e-01 7.181612849235534668e-01 -1.739478670060634613e-02 -2.173044443130493164e+00 1.385349988937377930e+00 -4.987090229988098145e-01 -1.615879893302917480e+00 1.057386040687561035e+00
-4.009786248207092285e-01 1.086562871932983398e+00 -1.941021561622619629e+00 8.334062695503234863e-01 -1.975286602973937988e+00 -5.805503726005554199e-01 -1.405427455902099609e-01 -8.297864198684692383e-01
5.028149485588073730e-01 -4.274847805500030518e-01 1.537562489509582520e+00 1.127482891082763672e+00 -9.744112491607666016e-01 -2.370900213718414307e-01 -1.904785186052322388e-01 -2.255197465419769287e-01
1.423959612846374512e+00 -3.623750805854797363e-01 -6.890943050384521484e-01 -5.368785262107849121e-01 -1.434302806854248047e+00 -1.136149168014526367e+00 -1.251080274581909180e+00 -1.322573982179164886e-02
-4.460816681385040283e-01 1.203140839934349060e-01 -1.189108371734619141e+00 7.361720800399780273e-01 2.881285250186920166e-01 1.494458317756652832e+00 9.708844125270843506e-02 -1.700200915336608887e+00
4.766370654106140137e-01 -1.950278282165527344e-01 9.953888654708862305e-01 -6.020304560661315918e-01 -1.320648938417434692e-01 1.879448741674423218e-01 9.093812853097915649e-02 -1.443231105804443359e+00
7.877097129821777344e-01 -9.603226184844970703e-01 1.708539843559265137e+00 -1.535021662712097168e+00 4.398310184478759766e-02 -2.957310676574707031e-01 1.741642475128173828e+00 -2.546471655368804932e-01
-6.102084517478942871e-01 -6.917092800140380859e-01 -7.468466758728027344e-01 -2.195525215938687325e-03 -2.105586677789688110e-01 -2.154363393783569336e+00 9.481241106986999512e-01 1.089357256889343262e+00
1.840698719024658203e-01 -1.458323121070861816e+00 3.080127537250518799e-01 1.589444398880004883e+00 -6.612213850021362305e-01 1.467121124267578125e+00 1.176060199737548828e+00 2.746964395046234131e-01
1.053081154823303223e+00 9.988210201263427734e-01 -6.022099256515502930e-01 -4.911658167839050293e-01 7.374347448348999023e-01 2.418037891387939453e+00 -3.731929659843444824e-01 -1.539898991584777832e+00
8.288553357124328613e-01 2.172693729400634766e+00 -1.395709067583084106e-01 -1.024921178817749023e+00 1.511879265308380127e-01 3.596426248550415039e-01 5.360709428787231445e-01 1.053506374359130859e+00
-2.878166735172271729e-01 4.657670557498931885e-01 5.204056501388549805e-01 2.108677864074707031e+00 -5.740201473236083984e-01 3.827636837959289551e-01 -4.389720559120178223e-01 6.488049626350402832e-01
7.824526429176330566e-01 1.636147022247314453e+00 1.195861577987670898e+00 -1.212719559669494629e+00 1.076642647385597229e-01 -5.093707442283630371e-01 -2.748366355895996094e+00 1.150461316108703613e+00
-5.580303668975830078e-01 7.393966615200042725e-02 1.498237531632184982e-02 2.279763817787170410e-01 1.039795875549316406e-01 9.773274064064025879e-01 -7.985879182815551758e-01 -1.271347165107727051e+00
1.238192915916442871e+00 1.502255946397781372e-01 -2.377544164657592773e+00 -1.005749702453613281e+00 -2.221719771623611450e-01 -7.044202089309692383e-01 4.808292388916015625e-01 -2.943034283816814423e-02
5.803407430648803711e-01 2.154939919710159302e-01 1.123527064919471741e-01 2.267670392990112305e+00 6.121829152107238770e-01 -7.483004927635192871e-01 6.072013378143310547e-01 1.260104924440383911e-01
-4.048366844654083252e-01 -4.287309050559997559e-01 -3.258011937141418457e-01 3.047789037227630615e-01 4.821456074714660645e-01 -1.029855608940124512e-01 2.176706939935684204e-01 6.280984282493591309e-01
1.005251333117485046e-02 -1.559331893920898438e+00 1.429204583168029785e+00 8.592936992645263672e-01 1.091840028762817383e+00 1.658984065055847168e+00 5.817425847053527832e-01 9.859480261802673340e-01
-5.666585564613342285e-01 6.395262479782104492e-02 -1.282298088073730469e+00 1.149861693382263184e+00 -2.557428479194641113e-01 -7.311128973960876465e-01 9.614536762237548828e-01 1.031725287437438965e+00
4.898820817470550537e-01 9.163094162940979004e-01 -1.530912637710571289e+00 -1.451278805732727051e+00 5.710369944572448730e-01 1.019470810890197754e+00 6.878650784492492676e-01 -2.360573768615722656e+00
-7.877885103225708008e-01 -1.246429160237312317e-01 -5.676478147506713867e-01 -2.167365700006484985e-01 1.237737247720360756e-03 -2.513411222025752068e-03 2.258475542068481445e+00 3.852142393589019775e-01
4.993373751640319824e-01 2.062563896179199219e+00 1.636334806680679321e-01 1.159809470176696777e+00 5.467466711997985840e-01 -3.437441825866699219e+00 -3.840408325195312500e-01 -6.028721928596496582e-01
3.241370618343353271e-01 -1.741659402847290039e+00 -4.507873207330703735e-02 -1.117310643196105957e+00 -8.017040491104125977e-01 -9.525807499885559082e-01 -5.191570520401000977e-01 -1.572392106056213379e+00
-9.410604238510131836e-01 2.109440088272094727e+00 -1.389423966407775879e+00 -1.518611907958984375e+00 6.768477559089660645e-01 1.109927654266357422e+00 -9.880919009447097778e-02 -1.217496752738952637e+00
1.043709278106689453e+00 1.266391754150390625e+00 1.154119372367858887e+00 1.692891240119934082e+00 7.400923371315002441e-01 -4.414118230342864990e-01 -5.500543117523193359e-01 1.245290994644165039e+00
1.453660279512405396e-01 -8.433534502983093262e-01 7.101626992225646973e-01 2.047776430845260620e-01 4.145065546035766602e-01 -3.565625473856925964e-02 8.893576264381408691e-01 -6.561385393142700195e-01
-9.285092949867248535e-01 1.105653569102287292e-01 -1.232212856411933899e-01 6.294760107994079590e-01 -1.006477832794189453e+00 -6.733435392379760742e-01 -1.820075869560241699e+00 2.701371312141418457e-01
-1.246973201632499695e-01 1.742176175117492676e+00 -2.016960829496383667e-01 -1.387403964996337891e+00 -3.531713783740997314e-01 -4.481592774391174316e-01 -5.395814776420593262e-01 4.968204796314239502e-01
-1.507478237152099609e+00 -2.911706268787384033e-01 2.052917480468750000e+00 -1.297126531600952148e+00 1.176126241683959961e+00 -3.176587820053100586e-01 -1.642326235771179199e+00 1.576992630958557129e+00
-1.828765273094177246e-01 7.999288439750671387e-01 -8.766766190528869629e-01 5.640873312950134277e-01 7.108368277549743652e-01 -1.851392388343811035e-01 5.631705522537231445e-01 9.543955326080322266e-02
1.038789749145507812e+00 1.208257555961608887e+00 -1.441749095916748047e+00 -2.378027588129043579e-01 -1.441117644309997559e+00 1.613399267196655273e+00 8.651544451713562012e-01 -4.889831244945526123e-01
-2.037923574447631836e+00 1.350466251373291016e+00 7.337404489517211914e-01 -1.831709146499633789e-01 5.859699845314025879e-01 1.357941180467605591e-01 6.532954573631286621e-01 -2.975494861602783203e+00
-6.333099007606506348e-01 -8.396981358528137207e-01 6.688452363014221191e-01 -1.523264884948730469e+00 -1.665647514164447784e-02 1.393712311983108521e-01 1.816895723342895508e+00 4.737711325287818909e-02
-5.132512375712394714e-02 -6.730583906173706055e-01 3.728280067443847656e-01 8.838818073272705078e-01 -3.827736079692840576e-01 2.083524942398071289e+00 -4.296368062496185303e-01 4.389690458774566650e-01
1.026350975036621094e+00 -3.367030024528503418e-01 5.761570334434509277e-01 6.463552713394165039e-01 -5.962154269218444824e-01 -6.454232931137084961e-01 2.328779399394989014e-01 -4.307114183902740479e-01
9.465890377759933472e-02 -2.281541585922241211e+00 1.403625458478927612e-01 2.778157591819763184e-01 2.189243286848068237e-01 2.189521305263042450e-02 -1.018012881278991699e+00 4.257846623659133911e-02
-6.422550082206726074e-01 -1.320370554924011230e+00 -9.204126000404357910e-01 6.888909935951232910e-01 -1.594601511955261230e+00 -3.455570638179779053e-01 9.668526053428649902e-01 1.421256214380264282e-01
-1.261668056249618530e-01 -6.355429291725158691e-01 1.648596525192260742e+00 -2.687993943691253662e-01 -5.058578252792358398e-01 7.262321114540100098e-01 -1.432207584381103516e+00 -9.112458229064941406e-01
-1.061136603355407715e+00 4.428814053535461426e-01 1.821841113269329071e-02 1.206737995147705078e+00 9.979435205459594727e-01 2.952406369149684906e-02 -1.848492145538330078e+00 -1.523983597755432129e+00
-7.712718844413757324e-01 -2.100270986557006836e+00 -3.839513063430786133e-01 -6.839241385459899902e-01 -4.583570957183837891e-01 9.842658638954162598e-01 -1.201918125152587891e-01 8.981259912252426147e-02
4.348185658454895020e-01 -4.197251200675964355e-01 1.334062576293945312e+00 -1.205538153648376465e+00 -9.762707948684692383e-01 1.204412817955017090e+00 -1.555866897106170654e-01 -7.620234489440917969e-01
1.391585707664489746e+00 -8.064787387847900391e-01 5.904883742332458496e-01 -5.565488338470458984e-01 8.068781495094299316e-01 3.761343955993652344e-01 4.234405457973480225e-01 1.504347324371337891e-01
3.237924873828887939e-01 -2.855583727359771729e-01 -8.363147974014282227e-01 1.869025230407714844e+00 1.249625325202941895e+00 -1.557741284370422363e+00 1.545394361019134521e-01 -3.391117453575134277e-01
7.412500381469726562e-01 -6.484261155128479004e-01 2.241463422775268555e+00 -1.003148794174194336e+00 1.636464595794677734e+00 5.435377955436706543e-01 1.772623062133789062e+00 5.296646803617477417e-02
-2.165859043598175049e-01 4.329936802387237549e-01 2.252622842788696289e-01 -2.930375039577484131e-01 -1.100798606872558594e+00 -1.585957050323486328e+00 -4.040982723236083984e-01 6.077553629875183105e-01
1.220172882080078125e+00 7.547378540039062500e-01 -8.174831867218017578e-01 -1.477601766586303711e+00 -3.295147418975830078e-01 -1.235421746969223022e-01 1.770444400608539581e-02 -1.450285553932189941e+00
-9.304214119911193848e-01 2.726647555828094482e-01 -1.137791872024536133e-01 7.154059410095214844e-01 -5.723952651023864746e-01 1.229259464889764786e-02 1.386743634939193726e-01 1.841887354850769043e+00
1.194261163473129272e-01 -9.916648268699645996e-01 1.162435531616210938e+00 7.134501338005065918e-01 4.313796460628509521e-01 -5.633847713470458984e-01 -3.491440415382385254e-01 -3.105051815509796143e-01
1.982960700988769531e+00 1.284130930900573730e+00 -1.500168323516845703e+00 1.121565461158752441e+00 -1.157005190849304199e+00 -3.130046427249908447e-01 2.592983722686767578e+00 2.583451569080352783e-01
-6.081148386001586914e-01 1.786439299583435059e+00 2.218748629093170166e-01 -7.520959246903657913e-03 -6.696963310241699219e-02 -1.777539730072021484e+00 -4.268125593662261963e-01 -2.496451288461685181e-01
1.109284281730651855e+00 -1.791900694370269775e-01 1.272303104400634766e+00 -2.371197700500488281e+00 3.472073972225189209e-01 -1.096431732177734375e+00 -1.324044227600097656e+00 9.509866237640380859e-01
-1.141314506530761719e+00 7.696726322174072266e-01 6.449376344680786133e-01 5.275451540946960449e-01 2.215345203876495361e-01 2.007965803146362305e+00 8.633484691381454468e-02 7.337743639945983887e-01
-1.227523684501647949e+00 -8.944799900054931641e-01 -1.461661219596862793e+00 6.843914389610290527e-01 -2.937760651111602783e-01 2.212641000747680664e+00 -5.049580335617065430e-01 -6.503273844718933105e-01
-6.463300436735153198e-02 1.118214011192321777e+00 -9.310300946235656738e-01 -1.547821998596191406e+00 -1.533913731575012207e+00 4.471423625946044922e-01 -5.154117345809936523e-01 8.880527615547180176e-01
5.743518844246864319e-02 -1.119072198867797852e+00 1.332187652587890625e-01 -1.041632890701293945e+00 3.689847886562347412e-01 -8.041134476661682129e-01 5.635767430067062378e-02 -6.692693233489990234e-01
1.681472420692443848e+00 -1.178084015846252441e+00 1.043804526329040527e+00 1.505368351936340332e+00 -3.809571564197540283e-01 2.334423780441284180e+00 1.285745859146118164e+00 1.100343227386474609e+00
-3.398641943931579590e-01 1.774648308753967285e+00 -4.006964862346649170e-01 -6.947638839483261108e-02 1.016638278961181641e+00 5.057820677757263184e-01 3.375669121742248535e-01 -1.331278800964355469e+00
-6.230780109763145447e-02 1.596642255783081055e+00 -1.379808068275451660e+00 1.352668881416320801e+00 1.196634054183959961e+00 1.379556059837341309e-01 1.764725893735885620e-01 -7.445936799049377441e-01
1.234460994601249695e-01 -8.053256571292877197e-02 -2.140059769153594971e-01 1.818469524383544922e+00 -1.139754652976989746e+00 3.765455186367034912e-01 1.018428683280944824e+00 -8.991717547178268433e-02
-3.159903883934020996e-01 -3.149954080581665039e-01 -7.386072874069213867e-01 1.554982900619506836e+00 9.977454543113708496e-01 -1.330817043781280518e-01 8.226866126060485840e-01 1.013249278068542480e+00
-1.492035627365112305e+00 2.019556045532226562e+00 -7.395347952842712402e-01 1.115194754675030708e-03 -2.331466525793075562e-01 1.661829054355621338e-01 -1.936067461967468262e+00 -5.745666027069091797e-01
-4.871148169040679932e-01 -3.950721323490142822e-01 -1.187130928039550781e+00 -1.920339822769165039e+00 1.395833045244216919e-01 1.950610280036926270e+00 4.804532229900360107e-01 1.550507638603448868e-02
8.110940456390380859e-01 6.627860665321350098e-01 7.767969369888305664e-01 -4.318737387657165527e-01 8.427180051803588867e-01 -1.251500487327575684e+00 1.876335144042968750e+00 -1.367621660232543945e+00
1.561260581016540527e+00 -3.381074965000152588e-01 -1.779516100883483887e+00 -5.632802844047546387e-01 -1.169932842254638672e+00 5.479291081428527832e-01 1.038952827453613281e+00 1.162364855408668518e-01
6.860928535461425781e-01 -8.213090896606445312e-01 1.113146901130676270e+00 -1.618830442428588867e+00 8.089692592620849609e-01 5.057252049446105957e-01 -9.076210260391235352e-01 5.639582276344299316e-01
-2.174542188644409180e+00 -9.569098949432373047e-01 9.227387905120849609e-01 -6.904233694076538086e-01 -8.225579261779785156e-01 -3.895758092403411865e-01 -1.367347389459609985e-01 1.431985616683959961e+00
-1.860456764698028564e-01 5.743836164474487305e-01 5.805730223655700684e-01 -3.005573712289333344e-02 -3.377933204174041748e-01 1.173342585563659668e+00 1.083118200302124023e+00 6.819407939910888672e-01
4.057546555995941162e-01 -1.046168923377990723e+00 1.952016800642013550e-01 -6.652057766914367676e-01 -1.624450683593750000e+00 7.051938772201538086e-01 -5.705584287643432617e-01 2.486716806888580322e-01
-1.167791843414306641e+00 -4.687331616878509521e-01 1.416006207466125488e+00 -1.602409839630126953e+00 1.668597698211669922e+00 5.889795422554016113e-01 -2.962990105152130127e-01 1.660013943910598755e-01
-9.858782887458801270e-01 9.740602374076843262e-01 -1.246050119400024414e+00 5.600957274436950684e-01 -1.140825271606445312e+00 2.777682065963745117e+00 -1.347132205963134766e+00 -5.662548542022705078e-01
-8.613637685775756836e-01 2.359117120504379272e-01 -3.523893952369689941e-01 2.997346162796020508e+00 1.201034560799598694e-01 -6.962901949882507324e-01 1.616424202919006348e+00 -5.572875738143920898e-01
-3.882320225238800049e-01 -1.285852670669555664e+00 3.468932211399078369e-01 2.540277719497680664e+00 3.242314457893371582e-01 1.119501709938049316e+00 2.124498784542083740e-01 6.680678725242614746e-01
6.604045033454895020e-01 -1.243662238121032715e+00 1.524764895439147949e-01 7.078377604484558105e-01 -7.898997664451599121e-01 -7.497702538967132568e-02 -8.619319647550582886e-03 -1.614971309900283813e-01
-6.327721476554870605e-01 -1.763009428977966309e+00 -7.056601047515869141e-01 -2.655860483646392822e-01 -1.307813882827758789e+00 -8.110446929931640625e-01 1.936505079269409180e+00 1.789163947105407715e+00
6.577000021934509277e-01 -3.778235316276550293e-01 -2.702731490135192871e-01 -5.901246070861816406e-01 -8.102502822875976562e-01 -2.383277267217636108e-01 1.447287440299987793e+00 -1.021408438682556152e+00
2.236120104789733887e-01 -5.141833424568176270e-01 -7.632842659950256348e-01 -8.709840774536132812e-01 -1.090327262878417969e+00 -1.336797714233398438e+00 1.162292003631591797e+00 2.351179420948028564e-01
-3.241163492202758789e-02 -2.342206388711929321e-01 1.385175466537475586e+00 -1.666235327720642090e+00 -2.474869489669799805e+00 -1.547086834907531738e+00 7.885342240333557129e-01 -1.187390387058258057e-01
2.144069522619247437e-01 1.622415333986282349e-01 4.309545159339904785e-01 -1.050055861473083496e+00 2.638892829418182373e-01 -3.944917619228363037e-01 -6.167711615562438965e-01 -1.146278500556945801e+00
1.383439540863037109e+00 -4.650432169437408447e-01 -1.106343150138854980e+00 -3.210147857666015625e+00 -8.312631845474243164e-01 1.041998505592346191e+00 -2.756685018539428711e-01 -8.826674222946166992e-01
2.076000690460205078e+00 4.360182285308837891e-01 -1.770476341247558594e+00 6.666262745857238770e-01 9.398348927497863770e-01 1.562108278274536133e+00 -5.924811959266662598e-01 1.210593342781066895e+00
-1.417926311492919922e+00 -5.590094327926635742e-01 1.428867101669311523e+00 7.279331684112548828e-01 3.120128810405731201e-01 -1.419524192810058594e+00 9.433088302612304688e-01 -9.528623521327972412e-02
-1.420500397682189941e+00 4.463784396648406982e-02 1.340883851051330566e+00 1.830576360225677490e-01 -1.224807620048522949e+00 -1.502116680145263672e+00 -1.627345234155654907e-01 5.421947836875915527e-01
-1.701586484909057617e+00 8.197856545448303223e-01 -5.186179876327514648e-01 -2.172418087720870972e-01 -8.051047325134277344e-01 -6.685082912445068359e-01 1.521008908748626709e-01 1.174125671386718750e+00
-4.172849059104919434e-01 1.399067163467407227e+00 -8.198751807212829590e-01 4.045418202877044678e-01 7.910522818565368652e-02 -5.244985222816467285e-01 -1.298809170722961426e+00 -1.575935363769531250e+00
4.969835579395294189e-01 -1.370736002922058105e+00 6.929997801780700684e-01 9.229379296302795410e-01 1.562844753265380859e+00 3.781343400478363037e-01 -1.197786092758178711e+00 -1.177775740623474121e+00
2.032896041870117188e+00 -1.185488462448120117e+00 -3.244001567363739014e-01 -2.114061117172241211e+00 -8.506012558937072754e-01 4.317697882652282715e-01 7.176740765571594238e-01 2.667905986309051514e-01
-1.582639455795288086e+00 1.043449163436889648e+00 4.117227196693420410e-01 -1.452613711357116699e+00 8.311573863029479980e-01 9.348782896995544434e-01 8.108245730400085449e-01 -1.610588282346725464e-01
-1.229949474334716797e+00 -4.203228354454040527e-01 -9.350116848945617676e-01 4.486027359962463379e-01 -7.299863696098327637e-01 -8.251551985740661621e-01 1.128263771533966064e-01 -1.667647361755371094e+00
-2.017896994948387146e-02 -7.731090784072875977e-01 7.665073871612548828e-02 -1.021506786346435547e+00 2.298238687217235565e-02 2.407435178756713867e-01 2.249012589454650879e-01 3.943879604339599609e-01
1.507248401641845703e+00 -3.543419837951660156e-01 -1.161919087171554565e-01 -1.410733222961425781e+00 -3.014708459377288818e-01 6.161084864288568497e-03 6.131289899349212646e-02 -2.561537623405456543e-01
-8.510237932205200195e-01 -8.597034811973571777e-01 1.660790801048278809e+00 -3.678413331508636475e-01 9.426482915878295898e-01 -3.070848286151885986e-01 2.478605136275291443e-02 -2.880551815032958984e-01
-7.695663720369338989e-02 2.070672959089279175e-01 3.689624965190887451e-01 1.896031737327575684e+00 -1.516056805849075317e-01 5.898218154907226562e-01 8.450407534837722778e-02 -6.805379986763000488e-01
8.512541651725769043e-01 1.559871554374694824e+00 1.102294623851776123e-01 1.354205012321472168e+00 -3.226971626281738281e-01 7.590819001197814941e-01 9.056230783462524414e-01 2.845049500465393066e-01
-1.524449586868286133e+00 2.141512781381607056e-01 1.665277183055877686e-01 -2.957977294921875000e+00 -9.960706830024719238e-01 7.197393774986267090e-01 1.303402066230773926e+00 1.336462497711181641e+00
9.734702110290527344e-01 -7.972899079322814941e-01 -9.306883811950683594e-01 1.088961720466613770e+00 -1.048544272780418396e-01 -1.703942894935607910e+00 -1.954141445457935333e-02 -1.290318369865417480e+00
7.400836795568466187e-02 4.342882037162780762e-01 -1.691223680973052979e-01 -1.174868941307067871e+00 7.775489687919616699e-01 6.049026846885681152e-01 -1.080233573913574219e+00 -1.258055925369262695e+00
-9.546011686325073242e-01 3.386740982532501221e-01 2.256283015012741089e-01 -5.275570154190063477e-01 7.742774486541748047e-01 -2.334819920361042023e-02 9.917928576469421387e-01 1.589812040328979492e+00
7.557109594345092773e-01 -1.095241904258728027e+00 -3.535678386688232422e-01 1.105131030082702637e+00 7.170664668083190918e-01 4.659001827239990234e-01 1.185042142868041992e+00 1.044706583023071289e+00
-1.690531730651855469e+00 4.538133442401885986e-01 -2.079292386770248413e-02 -1.529777288436889648e+00 -1.155747175216674805e+00 -7.195513844490051270e-01 -2.135067701339721680e+00 9.891772866249084473e-01
1.608603835105895996e+00 -1.046999454498291016e+00 8.076459169387817383e-03 -4.319548606872558594e-01 6.194584965705871582e-01 2.055357933044433594e+00 1.197289466857910156e+00 -1.679236888885498047e+00
1.296857118606567383e+00 -2.671585977077484131e-01 -5.177801847457885742e-01 -7.826389670372009277e-01 2.316900938749313354e-01 6.586271524429321289e-02 2.134049654006958008e+00 -8.709251284599304199e-01
1.763782382011413574e+00 5.966444015502929688e-01 -1.711465567350387573e-01 5.920330286026000977e-01 1.717157840728759766e+00 -8.563888072967529297e-02 -2.956748604774475098e-01 -8.399511575698852539e-01
4.547068476676940918e-01 7.801803350448608398e-01 8.870630711317062378e-02 -1.316321492195129395e-01 5.295790433883666992e-01 4.125661253929138184e-01 8.137645125389099121e-01 1.177710175514221191e+00
1.450067996978759766e+00 -2.105723023414611816e-01 -9.739955067634582520e-01 -7.117425203323364258e-01 2.310434818267822266e+00 -1.048871874809265137e+00 -9.308114051818847656e-01 7.303459048271179199e-01
1.989285796880722046e-01 -1.807812333106994629e+00 -7.424596548080444336e-01 -8.258938193321228027e-01 -6.581979990005493164e-01 -1.729248166084289551e-01 1.034201741218566895e+00 -2.611819744110107422e+00
1.141342401504516602e+00 -1.096255797892808914e-02 -5.245412588119506836e-01 2.401353567838668823e-01 8.929019570350646973e-01 -1.577002286911010742e+00 1.655069291591644287e-01 1.619601011276245117e+00
-1.378858536481857300e-01 3.827784359455108643e-01 -1.972492814064025879e+00 1.005357980728149414e+00 6.731595993041992188e-01 1.032065987586975098e+00 3.306581377983093262e-01 4.290948212146759033e-01
1.251858472824096680e+00 -4.206601977348327637e-01 1.282978206872940063e-01 4.538656473159790039e-01 2.168580532073974609e+00 8.929955363273620605e-01 3.414447307586669922e-01 -1.500852465629577637e+00
-1.911754250526428223e+00 -1.321841120719909668e+00 5.024604201316833496e-01 1.900113940238952637e+00 -5.478633642196655273e-01 -2.425568401813507080e-01 -3.851678222417831421e-02 -3.413026928901672363e-01
5.227144956588745117e-01 -5.672205686569213867e-01 5.852758884429931641e-01 -7.563175559043884277e-01 -5.821356177330017090e-01 8.648197650909423828e-01 -2.021672725677490234e-01 9.393087625503540039e-01
2.908810377120971680e-01 -1.675046086311340332e+00 -3.558680415153503418e-01 -3.716051876544952393e-01 -3.788657486438751221e-01 1.327778816223144531e+00 1.216962575912475586e+00 1.050747632980346680e+00
6.261364817619323730e-01 1.423285901546478271e-01 -2.770584821701049805e-01 4.376508891582489014e-01 -9.704871177673339844e-01 -8.695006966590881348e-01 1.076454162597656250e+00 8.740630000829696655e-02
1.365982461720705032e-02 -1.585930287837982178e-01 -5.636199936270713806e-02 6.069156527519226074e-01 1.158879622817039490e-01 1.543741703033447266e+00 2.699153721332550049e-01 3.135636091232299805e+00
-1.090232253074645996e+00 8.935238122940063477e-01 1.793842196464538574e+00 2.501467466354370117e-01 -1.909458488225936890e-01 -9.318397641181945801e-01 -4.981665611267089844e-01 9.294998645782470703e-01
2.194823741912841797e+00 -1.014726042747497559e+00 -9.294478893280029297e-01 -9.325259327888488770e-01 -9.578556418418884277e-01 1.098401904106140137e+00 2.106305837631225586e+00 6.827421188354492188e-01
-1.835875630378723145e+00 -3.611241281032562256e-01 -1.699643254280090332e+00 -5.499846935272216797e-01 -1.352941751480102539e+00 -2.130872458219528198e-01 1.371532917022705078e+00 2.124412775039672852e+00
-2.181959867477416992e+00 5.103028193116188049e-02 4.599777609109878540e-02 8.059681653976440430e-01 -2.850436866283416748e-01 5.177218317985534668e-01 -9.643827080726623535e-01 -2.029082328081130981e-01
5.178620815277099609e-01 -7.186892628669738770e-01 7.140797376632690430e-01 1.669985204935073853e-01 -6.625317931175231934e-01 -4.915012419223785400e-02 -3.109762966632843018e-01 -1.172958850860595703e+00
1.558868050575256348e+00 2.282251119613647461e+00 -1.117046117782592773e+00 2.216822385787963867e+00 -1.021318912506103516e+00 -2.757722511887550354e-02 -4.138991236686706543e-01 6.252554655075073242e-01
-2.309800386428833008e+00 -8.306491374969482422e-01 6.296024322509765625e-01 -2.700267136096954346e-01 -3.883309960365295410e-01 -7.570570707321166992e-01 1.837183833122253418e+00 -6.264947652816772461e-01
7.538785934448242188e-01 3.234066963195800781e-01 -9.001806974411010742e-01 2.058596312999725342e-01 1.245840564370155334e-01 -5.125243067741394043e-01 3.921322524547576904e-01 8.600808382034301758e-01
-1.080480098724365234e+00 -1.113511085510253906e+00 -1.809482336044311523e+00 -8.759772777557373047e-01 2.617376446723937988e-01 1.027440190315246582e+00 1.368426442146301270e+00 -1.787059187889099121e+00
7.818108052015304565e-02 1.330497980117797852e+00 1.488446474075317383e+00 -3.698824644088745117e-01 -4.821256548166275024e-02 8.168500065803527832e-01 -1.303001403808593750e+00 3.522008955478668213e-01
4.661606848239898682e-01 6.686753034591674805e-01 -2.882057428359985352e-01 -1.120695471763610840e+00 4.411628544330596924e-01 -8.812658190727233887e-01 2.599402964115142822e-01 -4.058189392089843750e-01
-1.932583153247833252e-01 -1.237945675849914551e+00 -6.619857549667358398e-01 -7.429295778274536133e-02 -7.545846700668334961e-01 -7.692946586757898331e-03 -1.020467638969421387e+00 2.131418943405151367e+00
-8.050323128700256348e-01 3.182667195796966553e-01 1.658701151609420776e-01 -1.476080894470214844e+00 -2.488901913166046143e-01 -8.048931360244750977e-01 -2.406365573406219482e-01 -1.399067282676696777e+00
-4.562706351280212402e-01 8.550700545310974121e-01 -5.742315649986267090e-01 1.393340945243835449e+00 -4.501021802425384521e-01 -6.569479703903198242e-01 1.474347472190856934e+00 -4.477296471595764160e-01
-1.182946801185607910e+00 1.495819449424743652e+00 -8.878867626190185547e-01 -8.591029793024063110e-03 -6.764795184135437012e-01 -1.773892715573310852e-02 -1.832778453826904297e+00 7.377455234527587891e-01
7.854068875312805176e-01 1.389403581619262695e+00 -4.818566441535949707e-01 -1.439703583717346191e+00 1.264968514442443848e+00 -1.595281809568405151e-01 6.920083165168762207e-01 5.509741902351379395e-01
-1.051510691642761230e+00 -1.179571598768234253e-01 8.089339137077331543e-01 -1.215276241302490234e+00 6.890695095062255859e-01 -5.071446895599365234e-01 -1.467137336730957031e+00 -7.043271660804748535e-01
-1.415639668703079224e-01 1.157933354377746582e+00 -3.749179542064666748e-01 -1.801748275756835938e+00 -8.360622525215148926e-01 -9.374631643295288086e-01 -6.267534494400024414e-01 6.416973471641540527e-01
1.780179858207702637e+00 1.274881362915039062e+00 -6.508452892303466797e-01 -4.529864788055419922e-01 1.017274856567382812e+00 1.416248202323913574e+00 -6.880556792020797729e-02 1.444333910942077637e+00
-1.536331892013549805e+00 3.805908262729644775e-01 -6.755598187446594238e-01 -7.697016596794128418e-01 1.830310583114624023e+00 -1.007667422294616699e+00 1.131491184234619141e+00 -9.894649386405944824e-01
4.791524410247802734e-01 4.508119821548461914e-01 2.118922948837280273e+00 3.256269693374633789e-01 -1.501479625701904297e+00 -3.859070539474487305e-01 1.486406922340393066e-01 -1.837596297264099121e-01
1.041983246803283691e+00 -3.149459362030029297e-01 -8.646869659423828125e-01 1.690990328788757324e-01 -6.583506464958190918e-01 1.287235617637634277e+00 9.993212223052978516e-01 1.581560969352722168e+00
9.238822460174560547e-01 -6.730895042419433594e-01 1.466349124908447266e+00 -7.487933635711669922e-01 2.707431018352508545e-01 1.334852218627929688e+00 -3.604433313012123108e-02 -9.923236966133117676e-01
-1.089071035385131836e+00 -4.405771568417549133e-02 2.034035623073577881e-01 -6.272250413894653320e-01 1.460824459791183472e-01 1.591406464576721191e+00 -3.823103904724121094e-01 1.373152256011962891e+00
-1.234894514083862305e+00 1.908237636089324951e-01 -1.014432311058044434e+00 1.271315962076187134e-01 -8.716899156570434570e-02 3.547655045986175537e-02 -2.259266525506973267e-01 3.455519974231719971e-01
-2.352730333805084229e-01 1.632137894630432129e+00 -6.560370922088623047e-01 3.112048283219337463e-02 -1.864330172538757324e+00 -1.181300282478332520e+00 6.886444985866546631e-02 8.643050789833068848e-01
1.437038302421569824e+00 2.810617089271545410e-01 -1.059329628944396973e+00 3.476029336452484131e-01 -2.735951542854309082e-02 -6.655409932136535645e-01 -2.771486341953277588e-01 2.163489758968353271e-01
7.410252094268798828e-02 3.831990659236907959e-01 -1.056948661804199219e+00 1.179971337318420410e+00 -6.169002652168273926e-01 -3.056911565363407135e-02 -1.744064092636108398e+00 -5.313530564308166504e-01
6.953438520431518555e-01 -1.111229062080383301e+00 1.658450514078140259e-01 1.006072998046875000e+00 1.173812970519065857e-01 1.400740146636962891e-01 -1.020243048667907715e+00 1.278791666030883789e+00
-4.364222884178161621e-01 -7.568109631538391113e-01 -1.983676999807357788e-01 2.270466804504394531e+00 -5.831646323204040527e-01 9.319999814033508301e-01 -1.542865484952926636e-01 2.099811553955078125e+00
2.719436287879943848e-01 -1.578287720680236816e+00 1.149759173393249512e+00 -8.610628247261047363e-01 -7.599467039108276367e-01 -7.610723972320556641e-01 -1.649008035659790039e+00 -5.289261341094970703e-01
-3.454874083399772644e-02 6.106386780738830566e-01 -9.739251732826232910e-01 -1.418053507804870605e+00 2.185581028461456299e-01 -9.956795573234558105e-01 -1.346085071563720703e+00 1.362758874893188477e+00
-5.044485926628112793e-01 -1.134966015815734863e-01 -6.993830204010009766e-02 -1.986746639013290405e-01 -7.344134449958801270e-01 -5.460091233253479004e-01 7.263760566711425781e-01 -2.854641377925872803e-01
-1.721087455749511719e+00 -7.872509956359863281e-01 -7.058473229408264160e-01 -1.378399848937988281e+00 -1.314372867345809937e-01 -4.431188404560089111e-01 -1.698554754257202148e+00 1.408282399177551270e+00
8.562437295913696289e-01 -1.533002406358718872e-01 8.631026744842529297e-01 5.891040340065956116e-02 7.540278136730194092e-02 6.390806436538696289e-01 1.785692274570465088e-01 9.331891536712646484e-01
1.897549629211425781e+00 8.586238026618957520e-01 -1.233149528503417969e+00 -6.303229928016662598e-01 5.327386897988617420e-04 -6.600206494331359863e-01 3.270370066165924072e-01 2.630153596401214600e-01
1.032436966896057129e+00 3.011921644210815430e-01 -5.075207352638244629e-01 1.416190147399902344e+00 -1.339426040649414062e-01 1.601619720458984375e+00 1.020700454711914062e+00 -4.277615249156951904e-01
1.275038719177246094e-01 1.266922950744628906e+00 2.080857276916503906e+00 6.589526683092117310e-02 7.266271710395812988e-01 -6.062573194503784180e-01 -8.182824850082397461e-01 -8.212478756904602051e-01
-1.165489181876182556e-01 -3.951556384563446045e-01 -1.319753170013427734e+00 -1.046881318092346191e+00 8.159095644950866699e-01 -8.793577551841735840e-01 -4.951913356781005859e-01 -1.899999380111694336e+00
-9.501926898956298828e-01 -5.774021148681640625e-01 5.929042696952819824e-01 -1.377131044864654541e-01 2.984108030796051025e-01 -1.599802255630493164e+00 2.729045450687408447e-01 1.481860280036926270e-01
3.705939352512359619e-01 -4.115349054336547852e-01 4.902760386466979980e-01 -7.577477693557739258e-01 4.219329357147216797e-01 -7.280187606811523438e-01 4.275254011154174805e-01 2.209024131298065186e-01
-3.454314470291137695e-01 -8.526205420494079590e-01 -6.166034936904907227e-01 -1.359170079231262207e+00 1.223647072911262512e-01 1.286676883697509766e+00 -1.379017233848571777e+00 8.259248137474060059e-01
9.207239001989364624e-02 1.166100025177001953e+00 4.186494648456573486e-01 -7.957043647766113281e-01 -1.917463392019271851e-01 4.866817593574523926e-01 9.719679951667785645e-01 -1.250934302806854248e-01
1.045636057853698730e+00 -1.327148437500000000e+00 -1.009797573089599609e+00 -3.657471239566802979e-01 3.971443176269531250e-01 -7.707841396331787109e-01 1.548023074865341187e-01 1.088992238044738770e+00
3.741818964481353760e-01 -1.039842963218688965e+00 1.631761312484741211e+00 -1.781388968229293823e-01 8.559664487838745117e-01 5.549039244651794434e-01 -8.804552555084228516e-01 -6.118685603141784668e-01
-4.498537778854370117e-01 5.181134343147277832e-01 8.259339928627014160e-01 3.913658857345581055e-01 9.414504766464233398e-01 1.908861398696899414e-01 -7.999319583177566528e-02 1.298092484474182129e+00
1.826383948326110840e+00 1.318233251571655273e+00 2.476412616670131683e-02 2.954972088336944580e-01 -1.587903738021850586e+00 2.227813243865966797e+00 1.211448431015014648e+00 1.068463444709777832e+00
-7.084512710571289062e-01 -6.590695381164550781e-01 1.354541420936584473e+00 -5.646405816078186035e-01 1.330707907676696777e+00 1.131916761398315430e+00 -1.138252258300781250e+00 2.712313532829284668e-01
-5.512407422065734863e-01 -1.215370059013366699e+00 -1.446385741233825684e+00 -6.308884024620056152e-01 -1.727839350700378418e+00 1.604719161987304688e-01 2.391487360000610352e-01 -4.596408605575561523e-01
-8.097761273384094238e-01 1.418264508247375488e-01 -1.432497024536132812e+00 6.840081810951232910e-01 -8.648412227630615234e-01 -1.356777787208557129e+00 1.668478131294250488e+00 -6.935638785362243652e-01
1.091584920883178711e+00 -1.353159397840499878e-01 8.143276907503604889e-03 1.690407693386077881e-01 -4.827468097209930420e-01 -9.410066157579421997e-02 -4.407577961683273315e-02 -1.447233438491821289e+00
2.988396584987640381e-01 1.375048398971557617e+00 -1.331778466701507568e-01 1.553691744804382324e+00 -1.021949410438537598e+00 -1.476370692253112793e+00 5.759385228157043457e-02 -6.942483186721801758e-01
-7.701345682144165039e-01 -3.342986404895782471e-01 6.928598880767822266e-01 -1.259339451789855957e-01 -1.458230257034301758e+00 8.544592261314392090e-01 -4.468607008457183838e-01 -4.670476317405700684e-01
-1.289291501045227051e+00 8.562487363815307617e-01 -1.762119084596633911e-01 -8.415051102638244629e-01 -1.072048664093017578e+00 -2.582682132720947266e+00 5.383077859878540039e-01 -1.169051885604858398e+00
6.904747486114501953e-01 -3.281840682029724121e-01 1.322344303131103516e+00 2.247690111398696899e-01 -2.165247350931167603e-01 -5.454399585723876953e-01 1.016215443611145020e+00 1.309523582458496094e-01
-5.922682881355285645e-01 1.701189756393432617e+00 2.650651633739471436e-01 1.490422785282135010e-01 6.422852277755737305e-01 9.301519989967346191e-01 -2.968474030494689941e-01 -4.137901365756988525e-01
1.427249759435653687e-01 -6.323533654212951660e-01 -4.897432029247283936e-02 -5.624625682830810547e-01 -2.282258987426757812e+00 -1.337693572044372559e+00 8.145077228546142578e-01 -1.733136773109436035e+00
6.321858763694763184e-01 1.076296448707580566e+00 -2.169546365737915039e+00 -1.002307295799255371e+00 -5.092409253120422363e-01 -1.380257606506347656e-01 -5.450480580329895020e-01 4.353054761886596680e-01
-9.941042959690093994e-02 -6.457892656326293945e-01 6.307555437088012695e-01 3.592465519905090332e-01 1.866367697715759277e+00 -9.163734912872314453e-01 7.266945838928222656e-01 1.190160393714904785e+00
-2.260159105062484741e-01 7.633790969848632812e-01 -3.425116240978240967e-01 -7.212963104248046875e-01 -2.802456617355346680e-01 1.124361276626586914e+00 -1.113920845091342926e-02 -1.209918379783630371e+00
1.954065442085266113e+00 -2.603022456169128418e-01 3.549658358097076416e-01 2.650743424892425537e-01 1.689443349838256836e+00 -6.832490563392639160e-01 1.443969130516052246e+00 7.049417495727539062e-01
-2.817868292331695557e-01 -9.886003136634826660e-01 1.659212447702884674e-02 -2.261883974075317383e+00 -2.507413029670715332e-01 -1.172113537788391113e+00 -1.110263586044311523e+00 8.348680138587951660e-01
6.451804637908935547e-01 1.758049488067626953e+00 1.192717790603637695e+00 2.095321893692016602e+00 -8.281317353248596191e-01 4.521833732724189758e-02 1.189211010932922363e+00 9.698471426963806152e-01
-2.033596932888031006e-01 2.213225960731506348e-01 -1.500343561172485352e+00 -2.787156775593757629e-02 5.131787061691284180e-01 -1.550080418586730957e+00 -3.752406239509582520e-01 -5.025418400764465332e-01
-8.992635011672973633e-01 -7.526602149009704590e-01 1.093131303787231445e+00 -8.071630001068115234e-01 -1.593416333198547363e+00 -1.343042492866516113e+00 -1.433169007301330566e+00 -1.070170044898986816e+00
1.249081715941429138e-01 -1.974189043045043945e+00 1.184424519538879395e+00 -1.905993103981018066e+00 -6.231197714805603027e-01 -3.813710212707519531e-01 -4.892719388008117676e-01 2.429524362087249756e-01
-1.140760064125061035e+00 6.465650796890258789e-01 -2.131646633148193359e+00 -3.651576042175292969e-01 6.670655310153961182e-02 -1.321214199066162109e+00 1.610371023416519165e-01 6.777846720069646835e-03
-1.209471940994262695e+00 -1.470813035964965820e+00 6.522312164306640625e-01 -1.190248608589172363e+00 9.296804070472717285e-01 4.818680584430694580e-01 -3.933682143688201904e-01 -3.245330452919006348e-01
2.446373701095581055e-01 7.765544205904006958e-02 -1.196804642677307129e+00 -1.621918320655822754e+00 -1.879339337348937988e+00 6.654247641563415527e-01 -3.519999384880065918e-01 -1.397659897804260254e+00
-4.685265719890594482e-01 -4.093622416257858276e-02 -1.142789959907531738e+00 9.664330631494522095e-02 4.206869304180145264e-01 9.680479168891906738e-01 1.389625668525695801e-01 -4.236395061016082764e-01
1.470419913530349731e-01 -1.721325069665908813e-01 4.983394742012023926e-01 1.343914389610290527e+00 -2.814351022243499756e-01 -9.674313068389892578e-01 -9.000255465507507324e-01 -9.651485681533813477e-01
7.646529674530029297e-01 1.601321578025817871e+00 2.626283168792724609e-01 1.018211722373962402e+00 -1.258151054382324219e+00 -1.069717764854431152e+00 6.488934755325317383e-01 1.464776039123535156e+00
-1.387868285179138184e+00 -1.100359261035919189e-01 -1.973980478942394257e-02 -5.284785628318786621e-01 1.103070974349975586e+00 3.521595299243927002e-01 6.191108822822570801e-01 9.575082659721374512e-01
1.444440633058547974e-01 -3.400265872478485107e-01 -1.326434254646301270e+00 -1.958746016025543213e-01 -9.193152189254760742e-01 -4.037187397480010986e-01 5.054851174354553223e-01 -2.525421977043151855e-01
-1.761796623468399048e-01 3.275722265243530273e-01 6.656230688095092773e-01 -1.977758556604385376e-01 8.339392542839050293e-01 -1.581573337316513062e-01 -6.998157501220703125e-01 -9.489044547080993652e-01
-1.339664816856384277e+00 -1.907281637191772461e+00 5.005632042884826660e-01 1.927044153213500977e+00 -2.639783620834350586e-01 -5.375623703002929688e-01 2.457972168922424316e-01 -4.190615415573120117e-01
2.725896835327148438e-01 -1.188561916351318359e+00 1.451565623283386230e+00 1.640736758708953857e-01 4.464682340621948242e-01 -6.374653577804565430e-01 9.704045653343200684e-01 1.323223114013671875e+00
1.072221994400024414e+00 -8.322866559028625488e-01 -1.237777113914489746e+00 -1.902355998754501343e-02 -1.566950082778930664e+00 -1.970366597175598145e+00 -1.125461220741271973e+00 5.152136087417602539e-02
1.244903326034545898e+00 -1.642419219017028809e+00 5.435330420732498169e-02 5.136804580688476562e-01 -1.241012096405029297e+00 5.267232656478881836e-01 -1.264770627021789551e+00 1.704655051231384277e+00
2.181341886520385742e+00 6.019656062126159668e-01 5.789741277694702148e-01 -1.816688299179077148e+00 -1.982513189315795898e+00 1.444149255752563477e+00 1.460315346717834473e+00 4.292835593223571777e-01
-9.428560137748718262e-01 7.942907512187957764e-02 -6.866987943649291992e-01 -7.267310619354248047e-01 5.140947699546813965e-01 -4.752959907054901123e-01 -5.260416865348815918e-01 1.044880867004394531e+00
-3.436298966407775879e-01 5.105783343315124512e-01 -1.177417039871215820e+00 -6.769850850105285645e-01 -9.015666693449020386e-02 -1.601302504539489746e+00 -4.214394986629486084e-01 -3.812083303928375244e-01
4.516721069812774658e-01 -1.387478828430175781e+00 1.767378300428390503e-01 -4.268645346164703369e-01 -2.402594685554504395e-01 2.824189662933349609e+00 7.146506011486053467e-02 1.874172091484069824e-01
-2.507660388946533203e-01 7.069007158279418945e-01 7.860828042030334473e-01 -1.533097147941589355e+00 3.991073369979858398e-01 -5.103873014450073242e-01 2.559431642293930054e-02 7.419415712356567383e-01
4.673586487770080566e-01 -1.050821900367736816e+00 3.958280682563781738e-01 7.130044698715209961e-01 -1.140083432197570801e+00 -2.145795226097106934e-01 -4.502900242805480957e-01 2.817050218582153320e-01
1.528861761093139648e+00 -1.309551835060119629e+00 1.329328536987304688e+00 -6.044883728027343750e-01 4.623939096927642822e-01 8.825843930244445801e-01 -9.770048856735229492e-01 1.296152949333190918e+00
-3.538582921028137207e-01 -1.868690103292465210e-01 9.451863169670104980e-02 9.743051230907440186e-02 -3.515497744083404541e-01 -5.824855566024780273e-01 1.174169659614562988e+00 -1.789796710014343262e+00
-4.636289924383163452e-02 1.554570943117141724e-01 -1.808232903480529785e+00 -5.067647695541381836e-01 -1.824147343635559082e+00 -3.948160111904144287e-01 -4.531009197235107422e-01 1.511271476745605469e+00
-2.112869501113891602e+00 3.042338788509368896e-01 2.018317937850952148e+00 -2.698222994804382324e-01 -1.707744836807250977e+00 -1.945252060890197754e+00 3.594797551631927490e-01 -3.684346675872802734e-01
1.774019896984100342e-01 1.926513195037841797e+00 1.022973179817199707e+00 3.128976583480834961e+00 -6.137818694114685059e-01 8.214154839515686035e-02 4.075185656547546387e-01 6.912063360214233398e-01
-1.005007028579711914e+00 3.143561258912086487e-02 -5.866510272026062012e-01 -9.299504160881042480e-01 -1.953615903854370117e+00 -2.471289187669754028e-01 -1.091857314109802246e+00 -5.328580737113952637e-01
-1.578807115554809570e+00 -2.073839157819747925e-01 2.189941167831420898e+00 4.336782395839691162e-01 -5.788877010345458984e-01 -1.350602626800537109e+00 6.696363091468811035e-01 -3.482669889926910400e-01
2.577538728713989258e+00 7.391842007637023926e-01 1.655973911285400391e+00 6.396664381027221680e-01 -9.963042736053466797e-01 1.558950394392013550e-01 -1.227663643658161163e-02 -1.575922369956970215e+00
6.263394355773925781e-01 1.696910709142684937e-01 5.136088728904724121e-01 -3.499937057495117188e-01 1.611355900764465332e+00 -7.837031483650207520e-01 7.430135272443294525e-03 -1.064064145088195801e+00
-1.059031724929809570e+00 8.173683881759643555e-01 1.861316084861755371e+00 4.182543754577636719e-01 -6.995442509651184082e-01 -1.619942784309387207e+00 -2.234461456537246704e-01 -1.727071046829223633e+00
1.515442609786987305e+00 5.370696783065795898e-01 7.330883145332336426e-01 1.906227231025695801e+00 8.333330154418945312e-01 -7.539324760437011719e-01 1.210080504417419434e+00 -5.642101168632507324e-01
-1.185755610466003418e+00 -1.222489714622497559e+00 -1.028474807739257812e+00 8.654316663742065430e-01 -1.600202202796936035e+00 1.497847437858581543e+00 8.368280529975891113e-01 8.227484226226806641e-01
3.475701808929443359e-01 3.560719788074493408e-01 7.111191153526306152e-01 -3.840595483779907227e-02 -2.055023193359375000e+00 1.075013995170593262e+00 1.644988775253295898e+00 -1.221199870109558105e+00
4.225530922412872314e-01 7.696762681007385254e-01 6.561602950096130371e-01 2.199187994003295898e+00 -7.063661217689514160e-01 1.812752366065979004e+00 -1.534451246261596680e+00 -7.544448375701904297e-01
7.352899909019470215e-01 -5.918654203414916992e-01 -1.055402040481567383e+00 7.690053582191467285e-01 1.001173138618469238e+00 -6.976886987686157227e-01 -5.051026940345764160e-01 3.375933468341827393e-01
3.671199083328247070e-01 5.365330576896667480e-01 -2.405115775763988495e-02 1.299272894859313965e+00 7.902964204549789429e-02 9.182668328285217285e-01 2.254725694656372070e+00 1.306954979896545410e+00
6.543189883232116699e-01 -1.367341399192810059e+00 1.772863507270812988e+00 -1.192435503005981445e+00 -1.626973390579223633e+00 5.759305357933044434e-01 -6.096097230911254883e-01 -4.887984097003936768e-01
-7.215667366981506348e-01 1.760919243097305298e-01 -5.313617363572120667e-02 -1.066562056541442871e+00 -3.659664392471313477e-01 -7.542250156402587891e-01 2.088165998458862305e+00 -7.101657986640930176e-01
6.932833045721054077e-02 1.282074451446533203e-01 1.166179537773132324e+00 6.910454630851745605e-01 1.724171757698059082e+00 -3.320568799972534180e-01 3.395900428295135498e-01 -1.642059326171875000e+00
1.562851667404174805e-01 -1.221980601549148560e-01 -2.862702310085296631e-01 2.884545326232910156e-01 -2.308954477310180664e+00 -2.240165233612060547e+00 -2.794767916202545166e-01 -5.206591486930847168e-01
4.499704763293266296e-02 -1.655079483985900879e+00 2.568205893039703369e-01 -5.659456253051757812e-01 4.073535501956939697e-01 9.981705546379089355e-01 4.181860983371734619e-01 1.825351595878601074e+00
-7.782062888145446777e-02 -7.045465707778930664e-01 -2.693413496017456055e-01 -2.614749431610107422e+00 -7.874782681465148926e-01 -3.257299363613128662e-01 -6.611291170120239258e-01 4.969101846218109131e-01
-4.804756045341491699e-01 -1.579930484294891357e-01 7.853285670280456543e-01 8.061591386795043945e-01 -1.175071120262145996e+00 1.719191074371337891e+00 1.124290823936462402e+00 4.510367810726165771e-01
7.505872249603271484e-01 -3.671851456165313721e-01 -1.758813858032226562e-01 -3.136135816574096680e+00 -4.817342162132263184e-01 -4.654130935668945312e-01 8.825474232435226440e-02 1.251195669174194336e+00
-1.228344082832336426e+00 1.327472776174545288e-01 4.206835329532623291e-01 1.376354575157165527e+00 9.047084301710128784e-02 6.087130680680274963e-02 1.248417615890502930e+00 1.259855985641479492e+00
-2.855820655822753906e-01 -9.934687614440917969e-01 4.531478285789489746e-01 -4.192997217178344727e-01 1.168418765068054199e+00 -1.851364672183990479e-01 1.370141625404357910e+00 4.801931083202362061e-01
-1.608085781335830688e-01 -3.520213961601257324e-01 -2.438314110040664673e-01 -1.786873817443847656e+00 -7.299696207046508789e-01 -9.448168873786926270e-01 -5.912468433380126953e-01 -8.261142373085021973e-01
6.553772091865539551e-02 1.106990575790405273e+00 2.128814905881881714e-01 9.528010487556457520e-01 -1.223829090595245361e-01 -8.391906619071960449e-01 4.411804974079132080e-01 -4.679313600063323975e-01
1.342707127332687378e-01 5.838905572891235352e-01 -2.190326601266860962e-01 -1.606498360633850098e+00 2.061686813831329346e-01 -4.226117134094238281e-01 7.792224884033203125e-01 -4.388724565505981445e-01
-3.961271047592163086e-02 -1.209680795669555664e+00 3.449337780475616455e-01 -9.554026275873184204e-02 1.535335183143615723e-01 -2.228670597076416016e+00 -1.586124420166015625e+00 7.581468224525451660e-01
-1.206877708435058594e+00 1.487579107284545898e+00 3.840234875679016113e-01 6.572958827018737793e-01 8.618960976600646973e-01 -1.309142410755157471e-01 -2.043350338935852051e-01 1.342633724212646484e+00
1.807386726140975952e-01 4.238528013229370117e-01 -9.255935251712799072e-02 -2.805305831134319305e-02 3.120349943637847900e-01 1.447684168815612793e+00 2.663312852382659912e-01 -3.991006612777709961e-01
-2.886585891246795654e-01 -3.069970607757568359e-01 6.933428049087524414e-01 -2.067437648773193359e+00 -7.405679821968078613e-01 6.483712196350097656e-01 9.205526113510131836e-01 -8.430203199386596680e-01
-3.653429746627807617e-01 1.106068938970565796e-01 -4.010264277458190918e-01 1.619001388549804688e+00 -3.746381402015686035e-01 8.188647776842117310e-02 -4.025400876998901367e-01 -6.561801433563232422e-01
-3.037293851375579834e-01 -7.567288875579833984e-01 9.777546525001525879e-01 -8.821337819099426270e-01 1.200416564941406250e+00 5.967885255813598633e-01 -1.230156540870666504e+00 -2.631629407405853271e-01
1.293648838996887207e+00 -3.237946927547454834e-01 1.567510366439819336e+00 2.844279110431671143e-01 7.200165987014770508e-01 -9.643006324768066406e-01 1.722680807113647461e+00 -1.183443665504455566e+00
-9.044039249420166016e-01 -1.452894568443298340e+00 3.869501948356628418e-01 8.376513719558715820e-01 -1.984567999839782715e+00 -7.453635334968566895e-01 -7.267184257507324219e-01 -3.972566425800323486e-01
1.631758093833923340e+00 -3.211314678192138672e-01 -4.001831412315368652e-01 -3.109950125217437744e-01 5.156235098838806152e-01 -1.381796836853027344e+00 -5.345798134803771973e-01 1.849087476730346680e-01
1.462680697441101074e+00 -8.806614279747009277e-01 -5.966728925704956055e-01 -2.816407196223735809e-02 -5.820651054382324219e-01 -1.504218578338623047e+00 -3.478163182735443115e-01 1.278296828269958496e+00
-8.802285045385360718e-02 -8.807609081268310547e-01 -6.746791601181030273e-01 1.030048966407775879e+00 -2.028456702828407288e-02 -5.283205509185791016e-01 -5.501554608345031738e-01 1.637002468109130859e+00
6.737024188041687012e-01 -1.543358713388442993e-01 4.243664145469665527e-01 2.152836322784423828e+00 -7.092262506484985352e-01 -3.962410390377044678e-01 -1.207047104835510254e+00 9.437748044729232788e-02
-5.244289040565490723e-01 -5.477327108383178711e-01 -1.552214860916137695e+00 1.017659306526184082e+00 -1.861691594123840332e+00 3.365585505962371826e-01 3.238885104656219482e-01 8.249030113220214844e-01
4.916299283504486084e-01 -1.467638373374938965e+00 -3.767233192920684814e-01 5.973927974700927734e-01 5.872203707695007324e-01 3.698939085006713867e-01 1.043287873268127441e+00 4.471866488456726074e-01
4.166036248207092285e-01 8.915272951126098633e-01 1.341766119003295898e+00 1.812472343444824219e+00 1.905673503875732422e+00 -8.369354605674743652e-01 1.722133159637451172e+00 -3.768988549709320068e-01
1.893547922372817993e-01 8.071182370185852051e-01 -3.278113007545471191e-01 -1.520359635353088379e+00 2.061119973659515381e-01 -2.001731157302856445e+00 -1.243162631988525391e+00 -6.679434776306152344e-01
-8.150627613067626953e-01 1.243475675582885742e+00 4.543666243553161621e-01 -2.772124856710433960e-02 5.799120664596557617e-01 -4.574005007743835449e-01 8.059594631195068359e-01 6.272517144680023193e-02
-6.338029503822326660e-01 -2.085205554962158203e+00 -9.351451992988586426e-01 -1.580963581800460815e-01 9.361126273870468140e-02 -7.774004340171813965e-01 7.782209515571594238e-01 6.921628117561340332e-02
1.620067358016967773e+00 4.002353847026824951e-01 -1.052774190902709961e+00 -1.082245707511901855e+00 -1.366646766662597656e+00 1.309588909149169922e+00 1.078843116760253906e+00 -1.340000271797180176e+00
1.331017255783081055e+00 1.536835551261901855e+00 -2.777704037725925446e-02 -2.094237804412841797e+00 -9.872184991836547852e-01 2.674497365951538086e-01 -7.075714468955993652e-01 -1.364404261112213135e-01
-7.349792122840881348e-01 -1.210040152072906494e-01 -7.006055712699890137e-01 1.864602208137512207e+00 -2.515158653259277344e-01 -5.677259564399719238e-01 -1.371905207633972168e-01 2.452892363071441650e-01
2.591955959796905518e-01 -1.272554874420166016e+00 -2.120346069335937500e+00 -1.576447635889053345e-01 4.999071657657623291e-01 1.330481767654418945e+00 1.584182828664779663e-01 -9.909903258085250854e-02
3.829683065414428711e-01 2.364159822463989258e+00 -8.152110576629638672e-01 4.462515413761138916e-01 9.405345916748046875e-01 -6.883162260055541992e-01 6.038413643836975098e-01 -5.415145754814147949e-01
-7.604645490646362305e-01 1.923925280570983887e+00 2.356572449207305908e-01 7.808238863945007324e-01 1.648002505302429199e+00 -3.806708157062530518e-01 4.471416473388671875e-01 3.191471397876739502e-01
-1.442624479532241821e-01 -2.727079987525939941e-01 3.819965124130249023e-01 -3.567465767264366150e-02 7.943117618560791016e-01 -1.370606660842895508e+00 2.330242246389389038e-01 3.487803936004638672e-01
-1.012735664844512939e-01 -6.797320842742919922e-01 1.018987417221069336e+00 7.418805360794067383e-01 8.915929794311523438e-01 -2.783829212188720703e+00 -1.512552052736282349e-02 3.056494295597076416e-01
-2.123058736324310303e-01 -7.283773422241210938e-01 4.074006974697113037e-01 -1.387364983558654785e+00 -1.118394613265991211e+00 -2.374453306198120117e+00 -8.379763364791870117e-01 -1.773432046175003052e-01
-4.748027622699737549e-01 4.934581220149993896e-01 1.754289418458938599e-01 -7.467630505561828613e-01 -4.539730548858642578e-01 -2.119262456893920898e+00 -2.254020690917968750e+00 -3.560578227043151855e-01
-7.200662791728973389e-02 -1.016715168952941895e+00 2.296575069427490234e+00 -7.350999712944030762e-01 -1.405821084976196289e+00 -9.510788321495056152e-01 2.175526320934295654e-01 1.153081208467483521e-01
-1.768547743558883667e-01 8.388331532478332520e-01 -1.453821778297424316e+00 5.193770527839660645e-01 3.682292997837066650e-01 7.180265784263610840e-01 2.304648399353027344e+00 7.383365631103515625e-01
-1.260416030883789062e+00 1.485553741455078125e+00 -5.114976763725280762e-01 -9.518273472785949707e-01 -9.163446426391601562e-01 -5.839533805847167969e-01 1.093348741531372070e+00 -2.845816910266876221e-01
6.295556426048278809e-01 -1.349952936172485352e+00 2.562043964862823486e-01 1.065114438533782959e-01 1.187690019607543945e+00 1.018594026565551758e+00 -5.358449816703796387e-01 -3.636192977428436279e-01
-6.979953050613403320e-01 8.217135667800903320e-01 1.710907667875289917e-01 8.927423954010009766e-01 -1.083962082862854004e+00 -1.266449928283691406e+00 -1.298496603965759277e+00 -1.804960221052169800e-01
3.271679282188415527e-01 2.166686654090881348e-01 9.149038195610046387e-01 -6.054755449295043945e-01 2.769163548946380615e-01 1.646718233823776245e-01 1.283187389373779297e+00 1.042478561401367188e+00
1.473694562911987305e+00 -6.510104537010192871e-01 1.107496142387390137e+00 -6.184329986572265625e-01 3.618814647197723389e-01 1.238523483276367188e+00 5.386672019958496094e-01 3.263026773929595947e-01
1.376377582550048828e+00 2.930191755294799805e-01 1.154796332120895386e-01 -9.382967352867126465e-01 -2.565402746200561523e+00 -1.565634459257125854e-01 -2.913324534893035889e-01 -1.562720164656639099e-02
-4.278177618980407715e-01 -7.387693622149527073e-04 -1.518386323004961014e-02 2.263731211423873901e-01 6.950215697288513184e-01 4.880682528018951416e-01 7.610818743705749512e-02 -6.431210041046142578e-01
-1.923314183950424194e-01 -3.704624772071838379e-01 1.503965854644775391e+00 -1.513305399566888809e-02 1.285397171974182129e+00 -7.036383748054504395e-01 -1.036642432212829590e+00 1.128764271736145020e+00
5.351619720458984375e-01 3.621193468570709229e-01 -2.736673951148986816e-01 1.053700685501098633e+00 -2.713665962219238281e-01 1.703632771968841553e-01 -1.457712292671203613e+00 -7.031040191650390625e-01
1.080676764249801636e-01 -1.017426103353500366e-01 -2.981059253215789795e-02 1.402860403060913086e+00 -8.747918009757995605e-01 1.141713485121726990e-01 -2.842806577682495117e-01 4.148323833942413330e-01
-1.508875131607055664e+00 1.409706100821495056e-02 -1.081205725669860840e+00 -4.147357940673828125e-01 1.174023866653442383e+00 -1.129353880882263184e+00 9.529538154602050781e-01 1.691443920135498047e+00
-3.234354555606842041e-01 -1.712551116943359375e+00 7.882913947105407715e-01 2.457539290189743042e-01 2.262641042470932007e-01 -9.020322561264038086e-01 8.315110206604003906e-01 -1.547060847282409668e+00
1.111943244934082031e+00 1.836408823728561401e-01 6.853959560394287109e-01 -1.316975116729736328e+00 6.208432912826538086e-01 1.867355592548847198e-02 2.152746438980102539e+00 8.534054458141326904e-02
2.942873835563659668e-01 -7.130774855613708496e-01 5.839952826499938965e-01 2.365401713177561760e-03 -1.205929160118103027e+00 -9.085848331451416016e-01 2.488427758216857910e-01 6.878983974456787109e-01
1.632416844367980957e-01 -6.561529636383056641e-01 5.563878417015075684e-01 -2.041498422622680664e+00 1.665305852890014648e+00 -6.078851222991943359e-01 -5.263919830322265625e-01 1.575991392135620117e+00
-7.085061073303222656e-01 -1.621279716491699219e+00 -3.942786455154418945e-01 -5.473482608795166016e-01 -2.787874042987823486e-01 -1.814785152673721313e-01 -4.840363264083862305e-01 -9.068269133567810059e-01
-4.084560871124267578e-01 1.422131538391113281e+00 8.184522986412048340e-01 3.364123404026031494e-01 -9.572689980268478394e-02 -8.431742340326309204e-02 -2.547000050544738770e-01 -6.549792885780334473e-01
-8.387585878372192383e-01 3.770508244633674622e-02 4.048863351345062256e-01 7.964787483215332031e-01 -9.421560913324356079e-02 1.885680258274078369e-01 3.406554162502288818e-01 -2.282375842332839966e-01
1.441810846328735352e+00 -5.148250237107276917e-02 -8.395179510116577148e-01 7.747668623924255371e-01 -2.295835316181182861e-01 3.625693917274475098e-01 -4.686511754989624023e-01 -7.285968661308288574e-01
2.591217458248138428e-01 -9.943274855613708496e-01 -1.053488969802856445e+00 1.130049824714660645e+00 1.129227042198181152e+00 1.083143204450607300e-01 -5.395868048071861267e-02 -2.296917885541915894e-01
-4.412397146224975586e-01 4.146712422370910645e-01 1.837178945541381836e+00 7.409745454788208008e-01 -1.836129903793334961e+00 -1.607902348041534424e-01 -5.969831943511962891e-01 9.885857701301574707e-01
3.086838126182556152e-01 1.903345286846160889e-01 -2.747788429260253906e+00 1.387695521116256714e-01 -1.246182799339294434e+00 1.098409056663513184e+00 1.799093335866928101e-01 -4.360016584396362305e-01
3.083908855915069580e-01 -1.234430551528930664e+00 -1.593966007232666016e+00 -1.883372306823730469e+00 5.726120620965957642e-02 -1.001439765095710754e-01 1.229572057723999023e+00 -1.250700235366821289e+00
-1.957490742206573486e-01 -1.368598580360412598e+00 1.632085204124450684e+00 5.562189221382141113e-01 -9.750327467918395996e-01 -1.531040221452713013e-01 -6.849622130393981934e-01 -7.793923616409301758e-01
6.549592018127441406e-01 4.967208802700042725e-01 -6.163831055164337158e-02 1.959209561347961426e+00 -1.135455369949340820e+00 9.710801243782043457e-01 2.301881551742553711e+00 -6.207904219627380371e-01
-1.062543988227844238e+00 5.902401730418205261e-02 -9.838505387306213379e-01 6.814785599708557129e-01 3.078636527061462402e-01 1.209137558937072754e+00 -1.135010793805122375e-01 -7.898513674736022949e-01
-2.949757874011993408e-01 1.417090892791748047e+00 -4.355531036853790283e-01 -6.592662632465362549e-02 -7.145457714796066284e-02 -3.171861171722412109e-01 5.000481009483337402e-01 5.940615534782409668e-01
-1.568832516670227051e+00 7.757864594459533691e-01 1.289826393127441406e+00 -6.718614697456359863e-01 2.572185695171356201e-01 -2.253676176071166992e+00 -9.076120853424072266e-01 1.715821146965026855e+00
2.331265956163406372e-01 -2.612758576869964600e-01 1.233320116996765137e+00 -1.140626788139343262e+00 -8.187710642814636230e-01 9.257640242576599121e-01 6.457816362380981445e-01 -6.761780381202697754e-01
1.047868967056274414e+00 -2.830248475074768066e-01 4.065866470336914062e-01 -1.906208753585815430e+00 2.252046823501586914e+00 6.877557635307312012e-01 -6.954957246780395508e-01 -1.974093437194824219e+00
-1.517937183380126953e+00 -9.975291788578033447e-02 -1.153049111366271973e+00 1.669230699539184570e+00 -7.912323474884033203e-01 -3.670069277286529541e-01 -1.577684521675109863e+00 -1.230087399482727051e+00
9.192891716957092285e-01 5.452640652656555176e-01 3.545839190483093262e-01 1.609391123056411743e-01 7.115813493728637695e-01 1.555733919143676758e+00 6.610089540481567383e-01 -1.252558827400207520e-02
-8.452864289283752441e-01 -6.676414608955383301e-02 5.901343226432800293e-01 9.825182557106018066e-01 -6.552139520645141602e-01 -1.233941037207841873e-02 9.910498261451721191e-01 -8.933662623167037964e-02
8.699458837509155273e-01 -2.154085874557495117e+00 4.597692191600799561e-01 4.097364842891693115e-01 1.109181880950927734e+00 1.906576395034790039e+00 -1.348164558410644531e+00 -6.023908257484436035e-01
7.001082301139831543e-01 -8.654161095619201660e-01 4.841077327728271484e-01 -1.642428040504455566e+00 -2.160448551177978516e+00 1.035886287689208984e+00 5.246381759643554688e-01 -2.532493881881237030e-02
-4.401892051100730896e-02 -1.862169504165649414e+00 -4.711169898509979248e-01 4.864079654216766357e-01 2.352142482995986938e-01 4.933418929576873779e-01 -8.340641111135482788e-02 -7.501211762428283691e-01
-6.824766844511032104e-02 6.168910264968872070e-01 -1.065002679824829102e+00 5.877725481986999512e-01 5.794803500175476074e-01 -1.859018653631210327e-01 -6.082081198692321777e-01 -8.694308251142501831e-02
-1.102235794067382812e+00 4.728220403194427490e-01 2.491112232208251953e+00 1.597773730754852295e-01 -1.582325100898742676e-01 1.183466464281082153e-01 -1.023105621337890625e+00 2.401875495910644531e+00
-6.670415997505187988e-01 6.997506022453308105e-01 1.206275939941406250e+00 3.742776811122894287e-01 3.734459877014160156e-01 -1.252767682075500488e+00 -4.962490499019622803e-01 -3.104186654090881348e-01
1.114507555961608887e+00 7.354676723480224609e-01 -1.121924400329589844e+00 -9.730788320302963257e-02 -2.436762809753417969e+00 1.749133348464965820e+00 1.690766811370849609e+00 -9.360563158988952637e-01
-4.616831243038177490e-01 -1.023143768310546875e+00 -1.257033467292785645e+00 1.884930729866027832e+00 8.581327795982360840e-01 3.709135949611663818e-01 -1.650881767272949219e+00 -2.351385205984115601e-01
-1.450094342231750488e+00 -2.307988256216049194e-01 -1.353717446327209473e+00 -5.779566168785095215e-01 8.797575533390045166e-02 -8.487443923950195312e-01 1.214205861091613770e+00 -7.668057084083557129e-01
5.257549881935119629e-01 -4.048399031162261963e-01 -7.328339815139770508e-01 1.248871088027954102e-01 -1.117039203643798828e+00 1.703734546899795532e-01 8.723430633544921875e-01 -1.200019717216491699e-01
1.340568542480468750e+00 -5.250117778778076172e-01 -5.652371048927307129e-01 1.767648607492446899e-01 -1.931135892868041992e+00 1.360852718353271484e+00 4.172340929508209229e-01 2.739030420780181885e-01
-1.160972595214843750e+00 -1.131442934274673462e-01 -8.124431595206260681e-03 4.195923805236816406e-01 1.329075217247009277e+00 2.468576580286026001e-01 -1.495645999908447266e+00 -1.108214378356933594e+00
1.182315573096275330e-01 2.179143726825714111e-01 -1.199534758925437927e-01 3.436770439147949219e-01 1.160688161849975586e+00 -7.915418148040771484e-01 -3.632408380508422852e-01 -1.499631762504577637e+00
-2.063278853893280029e-01 -2.301283031702041626e-01 6.848820447921752930e-01 2.283540487289428711e+00 -5.654760003089904785e-01 -2.246174663305282593e-01 -4.983164370059967041e-01 -1.031542181968688965e+00
1.182982683181762695e+00 -2.138161957263946533e-01 2.314456999301910400e-01 -1.526174843311309814e-01 -8.439229130744934082e-01 3.329101204872131348e-01 6.205312609672546387e-01 3.468436747789382935e-02
2.195166051387786865e-02 -4.600436985492706299e-01 -7.207646965980529785e-01 5.805985927581787109e-01 1.610930919647216797e+00 6.529542207717895508e-01 -2.197579741477966309e-01 8.003785610198974609e-01
-1.316948056221008301e+00 -1.164588108658790588e-01 -1.459389328956604004e+00 -9.678979516029357910e-01 2.006493657827377319e-01 -8.480520248413085938e-01 1.075143218040466309e+00 2.486220598220825195e+00
1.055418014526367188e+00 4.380354285240173340e-01 1.319982647895812988e+00 1.696581602096557617e+00 -1.673034071922302246e+00 9.703353792428970337e-02 1.167922258377075195e+00 9.243859052658081055e-01
3.888702392578125000e-01 -1.400730371475219727e+00 -2.378440648317337036e-01 1.233596682548522949e+00 1.093565702438354492e+00 -8.703083395957946777e-01 8.164373040199279785e-01 -3.708481788635253906e-02
1.087005496025085449e+00 -1.093439459800720215e+00 -5.553620457649230957e-01 6.396111845970153809e-01 -1.087063625454902649e-01 -7.057844400405883789e-01 5.629609823226928711e-01 1.009668782353401184e-02
2.073745965957641602e+00 -1.071509838104248047e+00 1.770463347434997559e+00 -3.599547147750854492e-01 -4.312310814857482910e-01 -4.473638832569122314e-01 3.069478273391723633e-01 -1.555320024490356445e+00
-1.664646983146667480e+00 -8.598167896270751953e-01 -1.693036556243896484e+00 7.640268802642822266e-01 4.019980430603027344e-01 -3.422588407993316650e-01 1.031287431716918945e+00 9.754080176353454590e-01
-9.544001892209053040e-03 -9.740782976150512695e-01 -4.060417115688323975e-01 -8.237637281417846680e-01 -1.202891349792480469e+00 -2.670864164829254150e-01 9.146738797426223755e-02 -1.514831423759460449e+00
4.730089306831359863e-01 4.998472630977630615e-01 -3.662433624267578125e-01 -1.023695349693298340e+00 -7.106340527534484863e-01 -7.680878639221191406e-01 7.676069736480712891e-01 -4.347684383392333984e-01
-2.861262857913970947e-01 1.250030994415283203e+00 7.414950132369995117e-01 -2.497817017138004303e-02 8.197802901268005371e-01 -6.515713334083557129e-01 8.533827215433120728e-02 3.325026035308837891e-01
7.747935503721237183e-02 -1.239070534706115723e+00 8.035272359848022461e-01 -5.528090000152587891e-01 -1.603510975837707520e-01 1.272664546966552734e+00 -1.884789206087589264e-02 -2.187329679727554321e-01
2.324590086936950684e-01 6.685215234756469727e-01 5.018767118453979492e-01 -2.171787738800048828e+00 5.480631813406944275e-02 1.448321938514709473e+00 -2.102022916078567505e-01 -7.697776556015014648e-01
1.432504773139953613e+00 -5.576311349868774414e-01 1.722615063190460205e-01 1.303929686546325684e+00 4.182196557521820068e-01 -1.283814787864685059e+00 2.178987413644790649e-01 7.229532003402709961e-01
-6.068794727325439453e-01 7.177546024322509766e-01 -1.316579222679138184e+00 3.711661696434020996e-01 4.011797904968261719e-02 4.546047151088714600e-01 9.192610383033752441e-01 3.340742886066436768e-01
-1.403974175453186035e+00 -5.388800501823425293e-01 -1.463802814483642578e+00 9.239314496517181396e-02 -1.752114295959472656e-02 -2.318647146224975586e+00 1.324122786521911621e+00 4.529730081558227539e-01
1.740194678306579590e+00 -3.427880406379699707e-01 2.666446566581726074e-01 7.685708999633789062e-01 -1.170836687088012695e+00 -6.296306848526000977e-01 5.854876637458801270e-01 2.326572537422180176e-01
-3.454092741012573242e-01 3.608496785163879395e-01 -5.031142234802246094e-01 1.375818729400634766e+00 -9.413516521453857422e-01 -1.288806796073913574e+00 -4.102972447872161865e-01 -4.519696533679962158e-02
-3.827304542064666748e-01 1.552811145782470703e+00 2.047097444534301758e+00 -2.101284451782703400e-02 5.295910239219665527e-01 -4.445388019084930420e-01 5.157361030578613281e-01 4.804487824440002441e-01
4.414724111557006836e-01 -2.797553777694702148e+00 -8.757929801940917969e-01 -2.120539903640747070e+00 8.216687440872192383e-01 -3.925217390060424805e-01 -1.445804089307785034e-01 -4.817908704280853271e-01
-5.472995340824127197e-02 -8.943100273609161377e-02 1.820910692214965820e+00 -7.842187881469726562e-01 4.704307019710540771e-01 9.995552301406860352e-01 -1.033088684082031250e+00 -1.045273542404174805e+00
6.962277293205261230e-01 -2.277889251708984375e-01 5.212479829788208008e-01 -2.228572607040405273e+00 4.100330770015716553e-01 -9.560862928628921509e-02 -3.983110561966896057e-02 -3.394945263862609863e-01
9.842469096183776855e-01 1.985311388969421387e+00 -7.556501626968383789e-01 2.971963882446289062e-01 2.337756007909774780e-02 -1.131381630897521973e+00 1.069265604019165039e+00 -1.240806002169847488e-02
3.196308314800262451e-01 -6.640284657478332520e-01 -4.946291446685791016e-01 -5.100284218788146973e-01 -5.943788290023803711e-01 -4.741908311843872070e-01 4.706257581710815430e-01 -6.231625080108642578e-01
-9.732096791267395020e-01 3.280999362468719482e-01 8.458535075187683105e-01 -4.170682132244110107e-01 1.493815302848815918e+00 6.535421609878540039e-01 4.002465903759002686e-01 -1.985687494277954102e+00
-8.092379570007324219e-01 3.910051286220550537e-01 5.926530957221984863e-01 -4.415020644664764404e-01 4.050871133804321289e-01 -1.170916557312011719e+00 9.840651750564575195e-01 1.377631276845932007e-01
-5.829497575759887695e-01 8.677428960800170898e-01 5.102712512016296387e-01 4.370380342006683350e-01 -1.784906148910522461e+00 5.096998214721679688e-01 -6.961087584495544434e-01 -9.656590223312377930e-01
3.299642801284790039e-01 6.867092251777648926e-01 4.704652130603790283e-01 9.701901674270629883e-01 -1.631561398506164551e+00 -1.046956896781921387e+00 2.307050079107284546e-01 8.332650661468505859e-01
6.601081043481826782e-02 1.936743706464767456e-01 -2.398273944854736328e-01 1.857655525207519531e+00 -1.761181801557540894e-01 1.225828826427459717e-01 8.758673071861267090e-01 -8.546025753021240234e-01
4.599740505218505859e-01 -1.014740943908691406e+00 5.877593159675598145e-01 1.075656652450561523e+00 -2.065061926841735840e-01 3.387690782546997070e-01 -9.276338219642639160e-01 -1.623010933399200439e-01
-4.116808474063873291e-01 -3.949319124221801758e-01 -1.802686810493469238e+00 7.745364904403686523e-01 -1.520352959632873535e+00 6.592958569526672363e-01 6.247364729642868042e-02 1.284382820129394531e+00
-9.438218921422958374e-02 -6.349207162857055664e-01 5.704022049903869629e-01 -1.459701418876647949e+00 -9.721491932868957520e-01 1.074946880340576172e+00 -1.799201369285583496e+00 2.040498852729797363e-01
7.639233469963073730e-01 -2.672415673732757568e-01 -2.334607839584350586e+00 -3.088813042268157005e-03 -6.783426553010940552e-02 5.446651577949523926e-01 -1.356372594833374023e+00 -2.239621400833129883e+00
-1.153311133384704590e+00 1.780378669500350952e-01 9.153935313224792480e-02 -8.415520191192626953e-01 -9.568310528993606567e-02 9.027606844902038574e-01 -1.547011375427246094e+00 8.222224116325378418e-01
5.739307403564453125e-01 1.549693346023559570e-01 2.737362496554851532e-02 7.835188508033752441e-01 -5.362818837165832520e-01 -3.051361799240112305e+00 -5.823191404342651367e-01 9.990932345390319824e-01
4.754271209239959717e-01 -5.187258720397949219e-01 -1.350356936454772949e+00 1.532014727592468262e+00 -6.019245982170104980e-01 7.181774377822875977e-01 -8.169330358505249023e-01 4.066138267517089844e-01
-1.065436601638793945e+00 -1.505103230476379395e+00 4.268404841423034668e-01 5.471650958061218262e-01 8.613533377647399902e-01 -1.508894920349121094e+00 7.503541111946105957e-01 2.953635454177856445e-01
-1.286400556564331055e+00 2.024247683584690094e-02 -2.469759061932563782e-02 4.510342478752136230e-01 1.668636322021484375e+00 7.752569317817687988e-01 7.051099538803100586e-01 -1.552460908889770508e+00
6.107609868049621582e-01 -1.538826227188110352e+00 1.529907464981079102e+00 -7.996381074190139771e-02 -2.563285589218139648e+00 -6.695840954780578613e-01 2.483192384243011475e-01 4.515171349048614502e-01
-1.054567575454711914e+00 -1.734083890914916992e-01 1.160508394241333008e+00 6.193122267723083496e-01 -1.419729143381118774e-01 6.941100358963012695e-01 -3.099230527877807617e-01 4.660930931568145752e-01
-3.231086730957031250e-01 -3.317191600799560547e-01 -7.505057752132415771e-02 -9.469717144966125488e-01 3.023822307586669922e-01 -3.129711627960205078e+00 4.606997966766357422e-01 4.660533964633941650e-01
4.910054504871368408e-01 -4.877769970335066319e-04 -1.751508474349975586e+00 -8.167293667793273926e-01 -1.131085515022277832e+00 -1.307424902915954590e+00 -6.727417111396789551e-01 1.592095494270324707e+00
-4.377742856740951538e-02 -1.215284228324890137e+00 3.545317351818084717e-01 -1.163271546363830566e+00 -6.774082779884338379e-01 3.870631158351898193e-01 4.752191305160522461e-01 5.768698453903198242e-01
-9.935681819915771484e-01 -9.486939758062362671e-02 4.259522557258605957e-01 1.080058693885803223e+00 -6.485005617141723633e-01 1.253288745880126953e+00 -5.188627983443439007e-04 6.854768097400665283e-02
1.637061089277267456e-01 -1.518057823181152344e+00 -2.115784436464309692e-01 -7.907256484031677246e-02 9.467772394418716431e-02 8.642384409904479980e-01 -9.441450834274291992e-01 -9.271202683448791504e-01
-9.516160488128662109e-01 -2.867934107780456543e-01 8.995543718338012695e-01 -1.048536777496337891e+00 -5.006123185157775879e-01 -1.557033807039260864e-01 -1.245099753141403198e-01 -1.808319091796875000e+00
-1.290239334106445312e+00 -4.763092100620269775e-01 6.730679273605346680e-01 -9.837476611137390137e-01 -1.730686612427234650e-02 -1.604856610298156738e+00 -8.477121591567993164e-01 9.482514262199401855e-01
2.310968041419982910e-01 -2.096823155879974365e-01 -1.236916661262512207e+00 -3.232975900173187256e-01 1.174951076507568359e+00 1.834044158458709717e-01 -3.337784484028816223e-02 -2.179519534111022949e-01
-1.985755085945129395e+00 4.893875420093536377e-01 4.442394971847534180e-01 -1.514706909656524658e-01 -1.224221706390380859e+00 -5.500469207763671875e-01 6.575149297714233398e-02 -9.602342247962951660e-01
2.798047363758087158e-01 8.818668127059936523e-01 -7.855008244514465332e-01 3.735467493534088135e-01 1.238730996847152710e-01 1.313852548599243164e+00 -1.307541728019714355e-01 -4.179634749889373779e-01
