3.400167822837829590e-01
5.367760062217712402e-01
-1.110298275947570801e+00
3.041271269321441650e-01
5.035416483879089355e-01
1.629414916038513184e+00
8.059744834899902344e-01
1.114034533500671387e+00
-1.863166838884353638e-01
3.187948465347290039e-01
-4.379886984825134277e-01
1.566604614257812500e+00
-7.021720409393310547e-01
3.603817224502563477e-01
1.272783994674682617e+00
-1.469321846961975098e+00
2.978181838989257812e-01
-1.855908632278442383e+00
6.585717201232910156e-01
-7.497439980506896973e-01
2.012024074792861938e-01
1.080703139305114746e-01
1.150393247604370117e+00
1.097730517387390137e+00
-4.518830478191375732e-01
1.409398078918457031e+00
-1.147605895996093750e+00
-8.685598373413085938e-01
-5.840457081794738770e-01
3.907036185264587402e-01
-8.718587160110473633e-01
1.405116200447082520e+00
-4.300040304660797119e-01
-4.934908151626586914e-01
1.392755270004272461e+00
-1.043998718261718750e+00
1.043643355369567871e+00
-3.493123948574066162e-01
2.849873602390289307e-01
-8.616004586219787598e-01
7.468713521957397461e-01
3.573696315288543701e-01
5.505848526954650879e-01
-3.304953500628471375e-02
-7.959834337234497070e-01
-1.289051294326782227e+00
2.062727928161621094e+00
-8.013232946395874023e-01
-1.030362010002136230e+00
7.975664734840393066e-01
9.234832525253295898e-01
1.551544547080993652e+00
-1.879077792167663574e+00
-2.649435281753540039e+00
3.994930982589721680e-01
-2.434709787368774414e+00
-6.686059236526489258e-01
-2.206511020660400391e+00
-3.941031694412231445e-01
7.065488696098327637e-01
1.565994918346405029e-01
1.496671676635742188e+00
4.777894020080566406e-01
-6.893512606620788574e-01
-4.269129633903503418e-01
1.837635874748229980e+00
-2.887258231639862061e-01
1.013272762298583984e+00
7.734062671661376953e-01
-8.852467536926269531e-01
-4.288450181484222412e-01
1.274253427982330322e-01
-2.304744534194469452e-02
-4.403759539127349854e-01
-4.238253235816955566e-01
-9.248501807451248169e-02
-8.691584467887878418e-01
-4.307754933834075928e-01
2.775841057300567627e-01
-7.944923043251037598e-01
8.023627996444702148e-01
8.075836896896362305e-01
-4.029535353183746338e-01
-2.627816498279571533e-01
-1.973453462123870850e-01
1.267940640449523926e+00
-6.642984747886657715e-01
-4.041938185691833496e-01
-7.468978762626647949e-01
1.505541801452636719e+00
-2.857601046562194824e-01
-1.288704395294189453e+00
1.450168371200561523e+00
-5.603532195091247559e-01
1.092521190643310547e+00
-7.539682984352111816e-01
-1.247435450553894043e+00
1.612595915794372559e-01
1.137833595275878906e+00
4.895896911621093750e-01
-7.477580308914184570e-01
-1.421873092651367188e+00
1.849237799644470215e+00
4.300798177719116211e-01
3.703592419624328613e-01
-3.056807219982147217e-01
1.725147604942321777e+00
3.043853305280208588e-02
9.255393147468566895e-01
-5.574893355369567871e-01
-8.205906748771667480e-01
6.569724678993225098e-01
5.290163755416870117e-01
1.979191303253173828e-01
-2.734476700425148010e-02
1.296694874763488770e+00
3.794473707675933838e-01
1.186436414718627930e+00
5.971125960350036621e-01
-1.183438539505004883e+00
-1.137362495064735413e-01
6.367982029914855957e-01
1.984748721122741699e+00
-5.051636099815368652e-01
-1.374104142189025879e+00
1.027615547180175781e+00
5.628765225410461426e-01
-1.860865950584411621e+00
6.366224288940429688e-01
5.624802708625793457e-01
-4.683735966682434082e-01
-5.239002108573913574e-01
-3.720986247062683105e-01
-3.041342496871948242e-01
1.921049833297729492e+00
4.223694279789924622e-02
-7.813937067985534668e-01
-6.739507317543029785e-01
2.791123837232589722e-02
2.649541497230529785e-01
-4.198897778987884521e-01
6.170441508293151855e-01
-4.486137926578521729e-01
-1.366230607032775879e+00
1.105821281671524048e-01
-1.609159559011459351e-01
4.258759021759033203e-01
-8.823758363723754883e-01
-3.806227445602416992e-02
-3.153077960014343262e-01
2.089966237545013428e-01
1.227625489234924316e+00
2.126000970602035522e-01
-4.521284401416778564e-01
6.130294799804687500e-01
-4.165175929665565491e-02
-1.988651037216186523e+00
1.717864573001861572e-01
-1.517645716667175293e-01
-3.945120573043823242e-01
-6.171369552612304688e-01
1.536352038383483887e+00
1.641561865806579590e+00
1.184215784072875977e+00
8.465207815170288086e-01
-1.365335106849670410e+00
9.032745957374572754e-01
4.576210975646972656e-01
-1.547085046768188477e+00
-4.789843559265136719e-01
1.532796144485473633e+00
6.863604187965393066e-01
1.879123747348785400e-01
5.720388293266296387e-01
2.214833974838256836e+00
-2.503650188446044922e-01
7.946333289146423340e-01
-8.129007220268249512e-01
1.282589077949523926e+00
5.504159927368164062e-01
3.630864992737770081e-02
5.735078081488609314e-02
-7.298811078071594238e-01
4.420900344848632812e-01
-1.808268070220947266e+00
-1.036036133766174316e+00
9.576546549797058105e-01
2.610635042190551758e+00
-1.494929075241088867e+00
2.406280040740966797e-01
-9.818327426910400391e-01
1.594688177108764648e+00
-9.080445021390914917e-02
-8.692958354949951172e-01
-3.777701854705810547e-01
-2.281165271997451782e-01
1.085393786430358887e+00
6.092838644981384277e-01
-5.952073335647583008e-01
1.568872332572937012e+00
6.779097914695739746e-01
-2.259252779185771942e-02
-1.391154646873474121e+00
-7.573835849761962891e-01
-9.054706096649169922e-01
6.113771796226501465e-01
-1.441880822181701660e+00
4.014897048473358154e-01
-1.496223330497741699e+00
2.001634597778320312e+00
5.312411785125732422e-01
-1.178061723709106445e+00
3.029019571840763092e-02
-6.370002627372741699e-01
1.707096695899963379e-01
-7.459511756896972656e-01
-4.470572173595428467e-01
5.850569605827331543e-01
6.768510490655899048e-02
-8.192481398582458496e-01
-5.262364745140075684e-01
-2.479037195444107056e-01
1.711218833923339844e+00
6.355646252632141113e-01
-5.669250488281250000e-01
4.960118234157562256e-01
-4.790331423282623291e-01
1.291101574897766113e-01
1.239138469099998474e-01
4.363104701042175293e-01
4.339832067489624023e-01
5.921045541763305664e-01
-3.900378346443176270e-01
-6.933512687683105469e-01
-6.481729149818420410e-01
-1.000408411026000977e+00
5.214999616146087646e-02
5.775768160820007324e-01
1.060798764228820801e+00
1.251616120338439941e+00
-5.851351618766784668e-01
8.622492551803588867e-01
1.166173890233039856e-01
-9.441307783126831055e-01
-3.193108558654785156e+00
-3.491535186767578125e-01
1.350603222846984863e+00
3.019186556339263916e-01
5.702957510948181152e-01
1.869058003649115562e-03
5.228163599967956543e-01
-6.702012419700622559e-01
4.582746624946594238e-01
3.233363330364227295e-01
4.584933221340179443e-01
4.526513516902923584e-01
8.998678326606750488e-01
-1.726225495338439941e+00
1.029467225074768066e+00
-1.066693544387817383e+00
-1.436084151268005371e+00
1.027314901351928711e+00
5.611536502838134766e-01
-4.325965344905853271e-01
8.718127608299255371e-01
4.287822246551513672e-01
-3.725129067897796631e-01
7.845469713211059570e-01
1.401896238327026367e+00
7.299308776855468750e-01
-1.867933392524719238e+00
9.924950599670410156e-01
-1.956596672534942627e-01
-1.952935099601745605e+00
9.037417769432067871e-01
-1.301323056221008301e+00
2.333459258079528809e-01
-2.383343875408172607e-01
-9.902271628379821777e-01
-8.925333023071289062e-01
-1.133828520774841309e+00
-6.152632236480712891e-01
2.206262499094009399e-01
-7.821191549301147461e-01
-6.191818118095397949e-01
-8.647443056106567383e-01
3.546795547008514404e-01
-2.782650589942932129e-01
1.125553965568542480e+00
-5.706598758697509766e-01
7.816009521484375000e-01
-8.842962980270385742e-01
-5.571233630180358887e-01
1.903486728668212891e+00
4.526302590966224670e-02
-6.935501098632812500e-01
1.385261565446853638e-01
6.112813949584960938e-01
6.368198990821838379e-02
2.485119819641113281e+00
-2.623179435729980469e+00
5.927096009254455566e-01
-1.303554654121398926e+00
1.001505970954895020e+00
-2.437590807676315308e-01
-1.695172429084777832e+00
2.646865248680114746e-01
2.944729089736938477e+00
7.941070944070816040e-02
1.511917829513549805e+00
-4.532630369067192078e-02
-8.922176361083984375e-01
-1.194850444793701172e+00
1.782190501689910889e-01
1.121340632438659668e+00
-2.977516651153564453e-01
2.627402245998382568e-01
-1.660047411918640137e+00
9.002011269330978394e-02
-4.777729511260986328e-01
1.104582101106643677e-01
9.154137372970581055e-01
-1.217139840126037598e+00
1.295395493507385254e-01
8.108699321746826172e-01
1.212020993232727051e+00
-6.911457777023315430e-01
-1.035301446914672852e+00
-1.175023242831230164e-01
-1.847841858863830566e+00
1.425373554229736328e+00
-7.388576269149780273e-01
-2.576143741607666016e+00
-3.651351332664489746e-01
-1.805788993835449219e+00
-1.167390570044517517e-01
1.059942722320556641e+00
-4.856382310390472412e-01
-1.916261166334152222e-01
-1.517570018768310547e+00
7.527499794960021973e-01
-5.289192199707031250e-01
-1.888877272605895996e+00
-5.406162142753601074e-01
1.029440045356750488e+00
-1.295803666114807129e+00
-1.610395431518554688e+00
-4.537839293479919434e-01
1.756428599357604980e+00
3.984008729457855225e-01
1.368782639503479004e+00
9.037196040153503418e-01
-4.241354763507843018e-01
-1.202997326850891113e+00
1.098195075988769531e+00
-8.285143375396728516e-01
-7.633938193321228027e-01
-1.007221460342407227e+00
-5.750612020492553711e-01
1.938228726387023926e+00
-8.382580280303955078e-01
8.924105167388916016e-01
7.306191325187683105e-01
-1.364828944206237793e+00
-5.331006050109863281e-01
7.399749755859375000e-01
-1.301933825016021729e-01
-1.172047972679138184e+00
-5.178015232086181641e-01
4.743885397911071777e-01
9.173212647438049316e-01
-9.955506324768066406e-01
9.727680683135986328e-01
-5.009044408798217773e-01
-9.180456399917602539e-01
-1.181087732315063477e+00
1.155382037162780762e+00
7.565408945083618164e-01
-2.948483467102050781e+00
1.691207528114318848e+00
-2.470295578241348267e-01
-1.497393131256103516e+00
1.155136451125144958e-01
-2.051692008972167969e-01
-1.119251370429992676e+00
1.201641783118247986e-01
-2.815454900264739990e-01
1.057789683341979980e+00
6.703573465347290039e-01
-1.262648701667785645e+00
-1.017694473266601562e+00
-1.789707422256469727e+00
-1.900016963481903076e-01
2.175048828125000000e+00
-1.277011513710021973e+00
-2.344516962766647339e-01
-3.553324192762374878e-02
4.303408563137054443e-01
-5.878691673278808594e-01
-1.655662059783935547e+00
-7.233855128288269043e-02
1.452458500862121582e+00
-7.535170316696166992e-01
-5.193477869033813477e-01
2.223758459091186523e+00
-1.058291554450988770e+00
-5.828017592430114746e-01
-9.974575638771057129e-01
-3.889794051647186279e-01
-6.300429701805114746e-01
1.009664893150329590e+00
2.780187129974365234e-01
7.089564204216003418e-01
5.513283014297485352e-01
1.730539083480834961e+00
5.666139721870422363e-01
2.259566068649291992e+00
6.145184636116027832e-01
-3.046285510063171387e-01
1.942372471094131470e-01
2.169117212295532227e+00
8.778009414672851562e-01
-1.264638423919677734e+00
-2.077235579490661621e-01
7.595723271369934082e-01
-4.359270036220550537e-01
-7.701002359390258789e-01
-1.881329178810119629e+00
-1.051946163177490234e+00
4.137547910213470459e-01
-6.448786854743957520e-01
-7.007601261138916016e-01
-6.014568805694580078e-01
4.801084869541227818e-04
7.019395828247070312e-01
-4.802997112274169922e-01
-7.534608244895935059e-01
-2.247670412063598633e+00
-8.201050758361816406e-01
-1.965721249580383301e-01
4.159413278102874756e-01
-5.791934132575988770e-01
7.602935433387756348e-01
-6.220596432685852051e-01
-9.560876339673995972e-02
-1.104378461837768555e+00
-1.749499142169952393e-01
-9.223690629005432129e-01
-7.912111282348632812e-01
1.774808168411254883e+00
4.565840065479278564e-01
-5.075422581285238266e-03
-5.039422512054443359e-01
3.548642992973327637e-01
-8.719027638435363770e-01
-6.641966700553894043e-01
5.793908834457397461e-01
-1.193632930517196655e-02
-1.237585663795471191e+00
2.440379619598388672e+00
1.391731202602386475e-02
-7.416294813156127930e-01
1.610970139503479004e+00
1.287016987800598145e+00
1.898698359727859497e-01
4.516729712486267090e-02
3.823934197425842285e-01
-1.565284132957458496e+00
6.276168823242187500e-01
-8.505789637565612793e-01
8.580704331398010254e-01
1.154789686203002930e+00
-1.389981389045715332e+00
-2.431167513132095337e-01
-9.967805743217468262e-01
-1.275885701179504395e+00
5.485202670097351074e-01
1.437236666679382324e-01
5.503064393997192383e-01
-3.376267254352569580e-01
-3.814351931214332581e-02
1.777110576629638672e+00
-1.443295836448669434e+00
-9.228966832160949707e-01
-1.868991255760192871e-01
-4.598274827003479004e-01
-1.831043958663940430e+00
-2.144749402999877930e+00
2.705686092376708984e-01
3.481957018375396729e-01
-8.841205835342407227e-01
-9.737145900726318359e-01
-6.788688153028488159e-02
-1.699514985084533691e+00
5.211986899375915527e-01
-1.494053006172180176e+00
-3.014071583747863770e-01
-1.054304599761962891e+00
-5.190294981002807617e-01
-2.152669243514537811e-02
1.353946208953857422e+00
-1.537007163278758526e-03
-3.440807461738586426e-01
3.864126205444335938e-01
-2.326830178499221802e-01
5.273027420043945312e-01
2.276394963264465332e-01
1.752409815788269043e+00
4.679334759712219238e-01
-4.140002280473709106e-02
-3.200367093086242676e-01
2.989007234573364258e-01
1.619154334068298340e+00
1.726723074913024902e+00
-1.719291508197784424e-01
-1.244255676865577698e-01
-5.923343300819396973e-01
1.116162657737731934e+00
2.669312655925750732e-01
3.442607522010803223e-01
2.766886949539184570e-01
-6.879564523696899414e-01
1.959966123104095459e-01
-8.309599161148071289e-01
7.534393668174743652e-01
-9.725473523139953613e-01
1.135917544364929199e+00
-1.252197861671447754e+00
-1.135105967521667480e+00
-1.527534484863281250e+00
8.583424985408782959e-02
-5.946921929717063904e-02
1.539907693862915039e+00
9.013440012931823730e-01
-1.068861722946166992e+00
7.471858859062194824e-01
1.803027153015136719e+00
1.335800290107727051e+00
-7.930555939674377441e-02
-1.307880431413650513e-01
-1.990620017051696777e+00
1.327463865280151367e+00
5.100801959633827209e-02
5.428948402404785156e-01
-8.361912965774536133e-01
3.625557199120521545e-02
3.420975506305694580e-01
-1.123909372836351395e-03
1.201070398092269897e-01
-3.281360268592834473e-01
-9.159024357795715332e-01
-7.010815143585205078e-01
-3.130407035350799561e-01
-2.055928111076354980e-01
-9.312978386878967285e-01
-1.463865995407104492e+00
-4.138055443763732910e-01
7.539104819297790527e-01
-1.306238055229187012e+00
-7.565414905548095703e-02
3.676643371582031250e-01
7.334148883819580078e-02
3.080737292766571045e-01
1.959364891052246094e+00
1.442435979843139648e+00
-2.526417970657348633e-01
9.232205152511596680e-02
1.059121847152709961e+00
-4.948073625564575195e-01
4.074545949697494507e-02
-9.964860081672668457e-01
5.915127992630004883e-01
5.877763628959655762e-01
5.397484302520751953e-01
1.115942835807800293e+00
-3.081787824630737305e-01
-2.602291584014892578e+00
1.298241972923278809e+00
-1.547842144966125488e+00
-2.568022727966308594e+00
-6.205055117607116699e-01
-1.025157272815704346e-01
2.477073073387145996e-01
6.277052760124206543e-01
5.204473733901977539e-01
2.681715190410614014e-01
-6.635859012603759766e-01
-7.026298642158508301e-01
6.422917246818542480e-01
5.454570651054382324e-01
8.834440708160400391e-01
-3.453779965639114380e-02
1.903785109519958496e+00
-2.934429347515106201e-01
5.876463055610656738e-01
5.125582963228225708e-02
9.313714504241943359e-01
1.194023340940475464e-01
6.034703850746154785e-01
1.389298796653747559e+00
