5.691049993038177490e-02
2.124385386705398560e-01
2.675588607788085938e+00
4.041920900344848633e-01
1.604706406593322754e+00
-2.948918938636779785e-01
-1.061150550842285156e+00
-2.072279751300811768e-01
4.483929276466369629e-01
-6.297497749328613281e-01
4.295234084129333496e-01
-1.246148824691772461e+00
8.562144041061401367e-01
-1.184034347534179688e+00
3.002524673938751221e-01
-9.552412629127502441e-01
5.625430345535278320e-01
-5.490359067916870117e-01
-3.722474873065948486e-01
-9.230443835258483887e-01
-1.327964901924133301e+00
9.895734786987304688e-01
1.593449473381042480e+00
1.644112110137939453e+00
-1.435588955879211426e+00
-1.558890700340270996e+00
-1.528685837984085083e-01
4.331442117691040039e-01
-1.271285176277160645e+00
-2.564652681350708008e+00
-4.163989797234535217e-02
-1.135016322135925293e+00
-6.534752845764160156e-01
2.536333322525024414e+00
6.498425602912902832e-01
1.164406657218933105e+00
4.262902960181236267e-02
1.203279495239257812e+00
1.316793799400329590e+00
-6.976507902145385742e-01
-1.153474926948547363e+00
5.974944233894348145e-01
9.708511829376220703e-01
2.636235654354095459e-01
6.393438577651977539e-01
-2.913370132446289062e-01
9.208589196205139160e-01
4.140087366104125977e-01
1.655680537223815918e+00
-4.232896566390991211e-01
-5.595908761024475098e-01
-1.372627615928649902e+00
-1.213739067316055298e-01
-7.968412041664123535e-01
-1.415664434432983398e+00
4.482516944408416748e-01
1.230713605880737305e+00
-1.384465813636779785e+00
-1.868697106838226318e-01
-3.679687678813934326e-01
-1.857347488403320312e-01
4.479499757289886475e-01
6.185024976730346680e-01
-5.413877367973327637e-01
3.091817498207092285e-01
7.107806205749511719e-01
1.027417853474617004e-01
-5.831810235977172852e-01
2.119029521942138672e+00
-6.180008649826049805e-01
-7.803457379341125488e-01
1.124956965446472168e+00
-1.714532136917114258e+00
-4.171119332313537598e-01
-1.324117898941040039e+00
1.201561093330383301e+00
-7.997129559516906738e-01
1.018948912620544434e+00
1.125330328941345215e+00
5.315806269645690918e-01
-6.231908202171325684e-01
-1.295918971300125122e-01
-1.450071811676025391e+00
3.998410403728485107e-01
-7.283468246459960938e-01
1.102336049079895020e-01
5.995841324329376221e-02
-1.881057739257812500e+00
-2.473729401826858521e-01
7.212927341461181641e-01
-3.698177039623260498e-01
5.330514907836914062e-01
-7.921683788299560547e-01
-1.090890765190124512e+00
4.823322892189025879e-01
4.697706401348114014e-01
-2.490504235029220581e-01
-5.794465541839599609e-01
1.298187375068664551e+00
9.800772666931152344e-01
-1.514617443084716797e+00
-1.694315969944000244e-01
-2.895528376102447510e-01
2.265934705734252930e+00
6.594191789627075195e-01
8.192664384841918945e-01
2.304178625345230103e-01
-1.171857357025146484e+00
-1.560374945402145386e-01
-1.341544508934020996e+00
1.005129456520080566e+00
-6.365317106246948242e-01
2.202406525611877441e-01
2.297437667846679688e+00
5.998477935791015625e-01
-8.208445310592651367e-01
8.665207028388977051e-01
5.005044341087341309e-01
-1.191438555717468262e+00
-1.974972605705261230e+00
-1.124847173690795898e+00
4.193093478679656982e-01
-9.014766663312911987e-02
-4.284153692424297333e-03
3.968029022216796875e-01
-1.620588302612304688e-01
1.347971677780151367e+00
5.973207950592041016e-01
-3.481203913688659668e-01
7.371179461479187012e-01
-1.227208077907562256e-01
-1.314723730087280273e+00
-1.045465022325515747e-01
-2.283123135566711426e-01
-1.165895581245422363e+00
-9.014908671379089355e-01
8.637232184410095215e-01
8.137975335121154785e-01
9.510992765426635742e-01
5.330425500869750977e-01
-3.170399665832519531e-01
1.799850314855575562e-01
-9.836794734001159668e-01
5.461166501045227051e-01
-1.457302458584308624e-02
-1.224994778633117676e+00
1.569330692291259766e-01
8.737475275993347168e-01
-3.638949394226074219e-01
-1.775031566619873047e+00
-2.087782382965087891e+00
3.429655432701110840e-01
1.294640421867370605e+00
2.936981059610843658e-02
4.396638572216033936e-01
-1.410898208618164062e+00
-1.031460881233215332e+00
2.385482788085937500e-01
1.640293478965759277e+00
4.126580953598022461e-01
9.408552050590515137e-01
4.762769043445587158e-01
4.787590354681015015e-03
-4.730699360370635986e-01
5.946543216705322266e-01
-9.596577286720275879e-01
-1.442343592643737793e+00
8.028231263160705566e-01
2.873881340026855469e+00
-1.209146857261657715e+00
-1.242690831422805786e-01
1.692450404167175293e+00
5.505985617637634277e-01
-1.994905471801757812e+00
8.040611743927001953e-01
-6.256594061851501465e-01
1.092650532722473145e+00
-1.609634280204772949e+00
-1.958616226911544800e-01
-8.504317402839660645e-01
-1.685103654861450195e+00
-9.024379253387451172e-01
7.849408984184265137e-01
3.701278269290924072e-01
-6.378064751625061035e-01
3.357268869876861572e-02
-7.829025983810424805e-01
6.148497462272644043e-01
6.714929938316345215e-01
-1.718402981758117676e+00
-1.794198751449584961e+00
6.139639616012573242e-01
-3.199484199285507202e-02
9.959720969200134277e-01
2.134379893541336060e-01
9.316026568412780762e-01
1.169657111167907715e+00
-3.964562714099884033e-02
7.075186371803283691e-01
3.972318768501281738e-01
8.619178831577301025e-02
-3.604794442653656006e-01
-4.752539470791816711e-02
-1.153966546058654785e+00
-8.951747417449951172e-01
1.090677380561828613e-01
5.955099463462829590e-01
-2.292188882827758789e+00
-1.109708070755004883e+00
-9.385645985603332520e-01
9.378340840339660645e-01
-4.830614849925041199e-02
-5.974184274673461914e-01
1.093308806419372559e+00
-8.992572873830795288e-02
6.869003772735595703e-01
1.457691907882690430e+00
-8.670821785926818848e-01
1.143863916397094727e+00
-4.178704023361206055e-01
1.159626007080078125e+00
-5.309199690818786621e-01
5.194751024246215820e-01
5.439151525497436523e-01
9.872226417064666748e-02
3.656001687049865723e-01
-1.201722621917724609e+00
1.007375597953796387e+00
-4.610259532928466797e-01
9.524306058883666992e-01
3.546718358993530273e-01
5.080753564834594727e-01
-4.131337404251098633e-01
7.396176457405090332e-02
-2.218733072280883789e+00
-2.617143988609313965e-01
1.054075956344604492e+00
-1.499386578798294067e-01
-3.006846606731414795e-01
-4.431989192962646484e-01
1.054735064506530762e+00
7.768414020538330078e-01
1.336969435214996338e-02
-2.167555332183837891e+00
1.627059817314147949e+00
9.501956701278686523e-01
4.447528123855590820e-01
-1.065642952919006348e+00
1.299389004707336426e+00
1.008548974990844727e+00
-1.828579187393188477e+00
-7.718401402235031128e-02
9.850533604621887207e-01
-1.278003305196762085e-01
-1.268335819244384766e+00
1.583525776863098145e+00
-1.442612051963806152e+00
7.809165716171264648e-01
-1.149092912673950195e+00
-1.553824245929718018e-01
6.874000430107116699e-01
-7.656783461570739746e-01
-4.264105260372161865e-01
-6.918677091598510742e-01
4.910300374031066895e-01
-6.700969934463500977e-01
-1.605087161064147949e+00
3.343338966369628906e-01
7.973062992095947266e-01
3.197328150272369385e-01
4.477256163954734802e-02
-2.598048746585845947e-01
9.267113208770751953e-01
8.955934643745422363e-01
-9.701741933822631836e-01
5.613983869552612305e-01
-2.119655609130859375e-01
-1.358360171318054199e+00
-1.508708477020263672e+00
-7.662038803100585938e-01
-3.626399934291839600e-01
-5.402624011039733887e-01
1.356559276580810547e+00
1.168968200683593750e+00
-5.583889484405517578e-01
-6.739962697029113770e-01
-2.956380844116210938e+00
-1.332366585731506348e+00
1.751445829868316650e-01
1.279269576072692871e+00
4.398533701896667480e-01
-4.131491482257843018e-01
5.882555246353149414e-01
7.812246680259704590e-01
1.060503125190734863e+00
-1.519164681434631348e+00
2.605324089527130127e-01
2.049445807933807373e-01
-4.408156275749206543e-01
-8.926977515220642090e-01
8.851187825202941895e-01
-1.244091391563415527e+00
-4.934583604335784912e-02
1.985356092453002930e+00
-7.879900336265563965e-01
-8.455987572669982910e-01
-2.538825850933790207e-03
6.867009401321411133e-01
-1.672003507614135742e+00
1.100612506270408630e-01
-6.748430132865905762e-01
5.363794565200805664e-01
9.664429426193237305e-01
5.342118740081787109e-01
5.978905558586120605e-01
5.644422024488449097e-02
5.785397887229919434e-01
6.825241725891828537e-03
1.052557349205017090e+00
6.360915303230285645e-01
2.059116840362548828e+00
2.877812683582305908e-01
-4.251141548156738281e-01
-3.136903047561645508e-01
7.092815637588500977e-01
-8.350123763084411621e-01
-8.698526620864868164e-01
7.234393954277038574e-01
1.832684397697448730e+00
1.926004290580749512e+00
1.761777281761169434e+00
1.206509709358215332e+00
-1.000585317611694336e+00
1.181387066841125488e+00
7.265186905860900879e-01
1.676913261413574219e+00
2.258361816406250000e+00
-2.136488556861877441e-01
-4.687675535678863525e-01
-1.594482362270355225e-01
6.172412633895874023e-01
-8.962883949279785156e-01
-1.208156466484069824e+00
9.613798260688781738e-01
-2.349093705415725708e-01
8.223693966865539551e-01
8.100907802581787109e-01
-2.901303768157958984e-01
2.423801183700561523e+00
-3.611542284488677979e-01
8.401756286621093750e-01
-1.678265213966369629e+00
-2.786807060241699219e+00
-3.474900871515274048e-02
5.313118100166320801e-01
-8.745999932289123535e-01
-9.493362903594970703e-01
-9.274087101221084595e-02
-1.365828156471252441e+00
-1.947129011154174805e+00
-7.145041227340698242e-01
9.432364106178283691e-01
7.706443667411804199e-01
1.820823192596435547e+00
1.691912531852722168e+00
1.229798793792724609e+00
-7.778745889663696289e-02
2.641371190547943115e-01
2.233090102672576904e-01
9.453224539756774902e-01
1.101467847824096680e+00
3.041395246982574463e-01
2.304383963346481323e-01
-6.197515726089477539e-01
-1.642212569713592529e-01
-2.611226558685302734e+00
-4.223746955394744873e-01
8.810558319091796875e-01
7.750607132911682129e-01
-1.032169461250305176e+00
-1.164843440055847168e+00
-6.949253678321838379e-01
-8.120735287666320801e-01
-7.393157482147216797e-02
2.922205626964569092e-02
-3.816576600074768066e-01
5.768963694572448730e-01
-1.871306419372558594e+00
-8.892828226089477539e-02
4.968175888061523438e-01
-3.003975152969360352e-01
1.066205024719238281e+00
5.239915847778320312e-01
-6.834239959716796875e-01
1.406166553497314453e-01
4.137841463088989258e-01
1.119696378707885742e+00
1.318675637245178223e+00
1.065194249153137207e+00
-4.213221669197082520e-01
