-1.723574995994567871e-01
-9.830349683761596680e-02
-6.951671242713928223e-01
-9.053270220756530762e-01
-8.649669289588928223e-01
-5.261828303337097168e-01
3.781661391258239746e-01
-7.539826631546020508e-01
1.515822052955627441e+00
1.221333146095275879e+00
1.425076276063919067e-01
-4.561627283692359924e-02
-1.363105654716491699e+00
-1.366832256317138672e+00
-1.780811429023742676e+00
1.962923407554626465e+00
6.491706371307373047e-01
1.046485543251037598e+00
-1.366608142852783203e-01
2.383795753121376038e-02
-6.086055636405944824e-01
2.255311489105224609e+00
1.255114376544952393e-01
4.497886002063751221e-01
-9.683026075363159180e-01
-6.837582588195800781e-01
-6.443223357200622559e-01
6.140236184000968933e-02
8.734973669052124023e-01
6.758213788270950317e-02
-8.216494917869567871e-01
4.354871809482574463e-01
8.142367005348205566e-01
1.779028058052062988e+00
8.305661082267761230e-01
1.602174520492553711e+00
-8.041264116764068604e-02
8.120565116405487061e-02
7.490064948797225952e-02
6.771844625473022461e-01
5.840093493461608887e-01
5.026742815971374512e-01
5.516914129257202148e-01
4.270907640457153320e-01
-7.485794425010681152e-01
1.251851081848144531e+00
1.105213403701782227e+00
1.462892770767211914e+00
-8.326924443244934082e-01
-5.120509266853332520e-01
-8.361837863922119141e-01
-9.952508211135864258e-01
-1.536471724510192871e+00
-5.488768815994262695e-01
-1.908206641674041748e-01
-1.108323812484741211e+00
1.345927238464355469e+00
1.666462421417236328e-01
-4.357892572879791260e-01
-1.596992909908294678e-01
8.734561800956726074e-01
-6.757385134696960449e-01
8.154157996177673340e-01
-5.866695046424865723e-01
7.592157721519470215e-01
-1.020233750343322754e+00
1.159961342811584473e+00
-9.940167665481567383e-01
1.680167436599731445e+00
-1.126801252365112305e+00
-3.019554018974304199e-01
5.200256109237670898e-01
1.517837285995483398e+00
6.629219055175781250e-01
-3.045297563076019287e-01
3.274866938591003418e-01
-2.085044860839843750e+00
-5.164773017168045044e-02
-3.396019935607910156e-01
2.641174077987670898e+00
1.055720567703247070e+00
9.108182787895202637e-01
-1.932181835174560547e+00
1.560136198997497559e+00
2.015429496765136719e+00
1.611120581626892090e+00
9.594331979751586914e-01
8.841401338577270508e-02
-6.079399585723876953e-01
1.899690508842468262e+00
1.724970102310180664e+00
-7.113382816314697266e-01
9.955955743789672852e-01
1.729079723358154297e+00
-6.168940663337707520e-01
9.003125429153442383e-01
1.356800675392150879e+00
-8.557257652282714844e-01
2.571054100990295410e-01
-1.875998973846435547e-01
-3.698855638504028320e-01
1.243004083633422852e+00
4.538520276546478271e-01
5.830666422843933105e-01
-7.300001978874206543e-01
3.383569717407226562e-01
2.266832441091537476e-01
-2.443345785140991211e-01
2.004919528961181641e+00
1.053602337837219238e+00
-8.658042550086975098e-01
1.226960659027099609e+00
2.258158773183822632e-01
7.769871354103088379e-01
-6.245029568672180176e-01
-1.398309111595153809e+00
-9.775603562593460083e-02
1.678861141204833984e+00
5.769522860646247864e-02
-1.436360359191894531e+00
-2.649183273315429688e-01
3.090040683746337891e-01
5.856484174728393555e-01
-1.337597727775573730e+00
1.679446175694465637e-02
-2.270158678293228149e-01
7.921472787857055664e-01
-1.311567664146423340e+00
-7.208279371261596680e-01
1.582663297653198242e+00
1.018700003623962402e+00
1.357456445693969727e+00
-1.758366107940673828e+00
2.537780702114105225e-01
1.403263926506042480e+00
2.003331929445266724e-01
2.349069900810718536e-02
1.564621448516845703e+00
-9.615382552146911621e-01
-8.258775472640991211e-01
1.752586126327514648e+00
2.234221249818801880e-01
-2.363444566726684570e-01
1.217619255185127258e-01
-9.303140044212341309e-01
-2.095796018838882446e-01
-1.523855030536651611e-01
-1.501995086669921875e+00
-7.841945290565490723e-01
-1.683194994926452637e+00
-5.908055305480957031e-01
2.332970201969146729e-01
4.195208549499511719e-01
-1.197050452232360840e+00
-5.176112055778503418e-01
-2.879550755023956299e-01
-1.618224859237670898e+00
-6.470810174942016602e-01
5.907269716262817383e-01
7.412217855453491211e-01
-2.099598407745361328e+00
1.409418344497680664e+00
-1.907046586275100708e-01
-2.385486602783203125e+00
4.316353499889373779e-01
-1.850462079048156738e+00
1.322775721549987793e+00
7.432034015655517578e-01
-2.389863014221191406e+00
2.494356930255889893e-01
3.771707415580749512e-02
2.464620172977447510e-01
-9.006215333938598633e-01
-2.282469034194946289e+00
1.309265494346618652e-01
3.424304723739624023e-01
-5.738105773925781250e-01
-2.863054275512695312e-01
-9.748805314302444458e-02
6.291642189025878906e-01
-8.462192416191101074e-01
1.864827871322631836e-01
1.172388553619384766e+00
2.052896261215209961e+00
1.306896567344665527e+00
-1.275254040956497192e-01
2.404162585735321045e-01
3.233932554721832275e-01
8.840166032314300537e-02
3.975505232810974121e-01
-6.699900031089782715e-01
-5.768706202507019043e-01
-1.605159163475036621e+00
9.311916232109069824e-01
-2.348503828048706055e+00
9.765605330467224121e-01
1.312497735023498535e+00
-8.623193502426147461e-01
6.198989152908325195e-01
1.435503363609313965e+00
8.502988219261169434e-01
-2.376859664916992188e+00
4.376659989356994629e-01
2.019147723913192749e-01
9.908134341239929199e-01
-2.013438045978546143e-01
1.227356672286987305e+00
3.336639404296875000e-01
3.551820218563079834e-01
1.373881459236145020e+00
-1.156256675720214844e+00
-4.840173423290252686e-01
-1.453680157661437988e+00
-1.081588119268417358e-01
-9.267404079437255859e-01
-6.728393435478210449e-01
-1.812245011329650879e+00
-4.513580203056335449e-01
-1.218549013137817383e+00
5.745907425880432129e-01
-2.171541601419448853e-01
7.225632667541503906e-01
-1.965558528900146484e-01
-4.230522215366363525e-01
3.326929360628128052e-02
-1.507223844528198242e+00
5.528464447706937790e-03
-1.371243238449096680e+00
9.197961539030075073e-03
-2.249148935079574585e-01
4.619568288326263428e-01
-9.810169935226440430e-01
-1.731853246688842773e+00
4.816939830780029297e-01
7.848905920982360840e-01
8.002737164497375488e-01
-3.114899098873138428e-01
3.599144816398620605e-01
-1.146354004740715027e-01
9.897343516349792480e-01
1.005784273147583008e+00
9.687282890081405640e-02
3.124420344829559326e-01
-1.154193520545959473e+00
1.298602342605590820e+00
1.805673837661743164e-01
5.343244671821594238e-01
1.247017860412597656e+00
6.946943402290344238e-01
9.421986937522888184e-01
4.674368202686309814e-01
3.995730280876159668e-01
-1.034869313240051270e+00
-2.198014408349990845e-02
-2.768698036670684814e-01
-3.631414473056793213e-01
-1.902029871940612793e+00
-1.392042875289916992e+00
-5.293596982955932617e-01
-4.798334836959838867e-01
4.651779234409332275e-01
6.306415200233459473e-01
-1.589554309844970703e+00
1.671095132827758789e+00
-1.145235538482666016e+00
-6.378534436225891113e-01
1.645271927118301392e-01
-2.629910707473754883e-01
-8.378340601921081543e-01
1.744066834449768066e+00
4.057069420814514160e-01
-5.698029994964599609e-01
-1.346674203872680664e+00
1.286365389823913574e+00
-3.460843861103057861e-01
-1.292576670646667480e+00
6.267494559288024902e-01
3.515125215053558350e-01
9.969384074211120605e-01
9.879612326622009277e-01
-9.643878340721130371e-01
-4.584623277187347412e-01
-2.296584129333496094e+00
-6.648766994476318359e-01
-1.581742882728576660e+00
-7.080338597297668457e-01
-8.752300143241882324e-01
-4.953276515007019043e-01
-2.854088246822357178e-01
5.097319483757019043e-01
-1.233101725578308105e+00
3.799495697021484375e-01
-8.525678515434265137e-01
5.009413957595825195e-01
-2.770779728889465332e-01
1.509207963943481445e+00
5.833667516708374023e-01
-6.546564102172851562e-01
-4.734240174293518066e-01
1.447765678167343140e-01
1.248437643051147461e+00
1.018229126930236816e+00
1.004973888397216797e+00
-7.367985248565673828e-01
-3.515355587005615234e-01
7.282113283872604370e-02
9.559516906738281250e-01
1.277425885200500488e-01
1.100222587585449219e+00
7.552889585494995117e-01
2.810993790626525879e-01
-3.822566941380500793e-02
-1.560638904571533203e+00
1.874081939458847046e-01
-8.806014060974121094e-01
9.739844799041748047e-01
-1.310576219111680984e-02
1.233215536922216415e-02
-5.715161561965942383e-01
-3.824708461761474609e-01
7.193980216979980469e-01
9.691923260688781738e-01
-6.682387590408325195e-01
-3.023331426084041595e-02
3.842690289020538330e-01
-1.292887926101684570e+00
-4.480439424514770508e-01
3.795105218887329102e-01
1.968907594680786133e+00
1.209744095802307129e+00
5.849911570549011230e-01
1.282230854034423828e+00
-4.599665701389312744e-01
-8.681263327598571777e-01
6.722298860549926758e-01
-1.515645742416381836e+00
6.893869042396545410e-01
-1.543677091598510742e+00
-4.282914996147155762e-01
9.389438629150390625e-01
-5.030011385679244995e-02
-2.300448179244995117e+00
-7.091084122657775879e-01
-9.812047481536865234e-01
-2.164081335067749023e-01
-1.665008544921875000e+00
5.338666439056396484e-01
-7.854992747306823730e-01
6.289992332458496094e-01
-1.178929448127746582e+00
1.334482550621032715e+00
-1.268452286720275879e+00
5.728548765182495117e-01
1.285863995552062988e+00
-6.275812983512878418e-01
2.810113131999969482e-01
6.011682152748107910e-01
-1.968986988067626953e-01
4.026031792163848877e-01
4.322586953639984131e-01
7.183412909507751465e-01
1.023738741874694824e+00
3.030353069305419922e+00
1.461284637451171875e+00
5.242764949798583984e-01
-1.058345064520835876e-01
5.003563761711120605e-01
-9.383286237716674805e-01
1.164707988500595093e-01
-1.592586517333984375e+00
-6.169096231460571289e-01
-8.484767079353332520e-01
3.810020089149475098e-01
-2.416006326675415039e+00
-3.831748664379119873e-02
-5.165427327156066895e-01
9.674435853958129883e-01
-1.798475086688995361e-01
1.211373686790466309e+00
-9.324761033058166504e-01
-1.649607896804809570e+00
8.545567393302917480e-01
1.500836253166198730e+00
-7.481966018676757812e-01
-1.584042191505432129e+00
1.657636404037475586e+00
-1.460338830947875977e+00
-2.857703566551208496e-01
-2.187350988388061523e+00
1.208641827106475830e-01
3.572114109992980957e-01
1.502302289009094238e+00
-2.761130332946777344e-01
-6.027720570564270020e-01
8.689724802970886230e-01
-1.129257798194885254e+00
5.927991271018981934e-01
-7.352885603904724121e-02
3.256568312644958496e-02
-5.197482183575630188e-02
1.354056783020496368e-02
4.163941144943237305e-01
1.016935035586357117e-01
-3.960008621215820312e-01
3.380590081214904785e-01
6.430560946464538574e-01
-9.778111577033996582e-01
-6.090097129344940186e-02
-7.426512241363525391e-01
3.726033866405487061e-01
-9.385544061660766602e-01
9.638993740081787109e-01
-2.437434345483779907e-01
1.031789898872375488e+00
-2.209485054016113281e+00
9.183924794197082520e-01
-1.658857345581054688e+00
1.881828069686889648e+00
7.511015534400939941e-01
-1.896221935749053955e-01
-2.675339020788669586e-02
8.229314684867858887e-01
1.175943017005920410e+00
1.084387063980102539e+00
1.137521386146545410e+00
-2.384137958288192749e-01
-9.031023979187011719e-01
-2.814814090728759766e+00
2.964898645877838135e-01
-6.365727186203002930e-01
1.470551848411560059e+00
3.287803530693054199e-01
7.031060457229614258e-01
-8.956767320632934570e-01
4.882832989096641541e-02
-1.209253549575805664e+00
2.905991077423095703e-01
5.050694942474365234e-01
-6.110857129096984863e-01
5.683361887931823730e-01
5.793957710266113281e-01
-1.679904580116271973e+00
1.264325261116027832e+00
2.240648865699768066e-01
-1.472400188446044922e+00
-1.469230771064758301e+00
8.489288687705993652e-01
-5.633929371833801270e-01
-3.322556614875793457e-01
4.094339311122894287e-01
