9.733577370643615723e-01
-8.895491361618041992e-01
4.362443685531616211e-01
-1.511245071887969971e-01
1.645474672317504883e+00
2.966542840003967285e-01
-6.073876023292541504e-01
-1.534895539283752441e+00
-1.136689186096191406e+00
8.451400399208068848e-01
7.647265791893005371e-01
1.174028515815734863e+00
1.526686668395996094e+00
3.792204260826110840e-01
1.448297649621963501e-01
2.221597731113433838e-01
-1.559808611869812012e+00
-2.109090685844421387e-01
1.033185422420501709e-02
5.597681403160095215e-01
1.627105832099914551e+00
-9.895671606063842773e-01
-1.179408803582191467e-01
-1.365231752395629883e+00
-8.193824291229248047e-01
1.709263801574707031e+00
2.861332297325134277e-01
1.594483971595764160e+00
-4.999719932675361633e-02
-3.916696608066558838e-01
9.556011557579040527e-01
-1.266789078712463379e+00
-1.112676620483398438e+00
-1.556119084358215332e+00
-1.473383069038391113e+00
-1.458041369915008545e-01
1.319436192512512207e+00
3.811085522174835205e-01
-2.485422611236572266e+00
-1.915520548820495605e+00
-1.051457881927490234e+00
-6.123023033142089844e-01
-5.114485621452331543e-01
1.131435334682464600e-01
7.913256287574768066e-01
1.584004282951354980e+00
-8.760942816734313965e-01
3.216213583946228027e-01
-1.391157656908035278e-01
1.157324671745300293e+00
4.514361917972564697e-01
1.358278393745422363e+00
-1.430819272994995117e+00
7.479522824287414551e-01
4.649585783481597900e-01
4.761715829372406006e-01
5.874228477478027344e-01
-4.222940802574157715e-01
-1.644299745559692383e+00
2.455815076828002930e+00
6.687886714935302734e-01
5.046447515487670898e-01
-1.591186761856079102e+00
1.753375172615051270e+00
4.128277897834777832e-01
-3.363181948661804199e-01
-1.211488962173461914e+00
-1.576436042785644531e+00
2.784076035022735596e-01
5.213860273361206055e-01
-3.729021549224853516e-01
-1.056825160980224609e+00
1.211949065327644348e-01
2.968048863112926483e-02
-9.266991615295410156e-01
9.186042547225952148e-01
-6.077087521553039551e-01
-2.181597471237182617e+00
-5.273518562316894531e-01
1.904651761054992676e+00
-2.128009945154190063e-01
-7.086462378501892090e-01
4.289398491382598877e-01
-8.544173240661621094e-01
1.144083976745605469e+00
-4.265478849411010742e-01
1.800220608711242676e-01
-5.073800086975097656e-01
-1.990784764289855957e+00
-7.422326207160949707e-01
8.244215250015258789e-01
-8.613992333412170410e-01
2.094701290130615234e+00
1.149930834770202637e+00
1.418230175971984863e+00
1.299972772598266602e+00
9.576953053474426270e-01
4.175559282302856445e-01
-7.613243460655212402e-01
1.667680442333221436e-01
1.029021382331848145e+00
-7.968988269567489624e-02
-1.955473423004150391e-02
-6.140509247779846191e-01
-1.801495790481567383e+00
-3.141314685344696045e-01
-4.828156828880310059e-01
6.710655987262725830e-02
3.210227787494659424e-01
8.840359449386596680e-01
4.515694975852966309e-01
3.454036265611648560e-02
-1.102451920509338379e+00
2.650775015354156494e-01
-7.123995423316955566e-01
-1.123445391654968262e+00
-1.101650834083557129e+00
6.457262039184570312e-01
3.450999855995178223e-01
-5.815930366516113281e-01
7.028697133064270020e-01
7.271268963813781738e-01
1.302890479564666748e-01
4.146367311477661133e-01
-1.961868166923522949e+00
3.693215548992156982e-01
9.215672612190246582e-01
-1.247707128524780273e+00
-2.920664846897125244e-01
5.908653140068054199e-01
-4.068525508046150208e-02
7.420576214790344238e-01
2.701736688613891602e-01
1.270191550254821777e+00
-5.571557283401489258e-01
4.374982714653015137e-01
-1.465687870979309082e+00
-6.186273694038391113e-01
6.418250203132629395e-01
-8.445603847503662109e-01
1.519186139106750488e+00
9.796389192342758179e-02
8.265984058380126953e-01
4.542715474963188171e-02
-9.907085299491882324e-01
2.160963058471679688e+00
4.404112696647644043e-02
8.164613246917724609e-01
-5.898117274045944214e-02
-5.647059679031372070e-01
7.387080788612365723e-02
1.868282794952392578e+00
1.708185195922851562e+00
9.093891978263854980e-01
-6.889250278472900391e-01
1.746103644371032715e+00
1.084195256233215332e+00
3.756407201290130615e-01
-1.322747111320495605e+00
5.523362755775451660e-01
-3.722870349884033203e-01
7.681416869163513184e-01
2.224076986312866211e+00
-6.201996803283691406e-01
-1.910382628440856934e+00
2.486519515514373779e-01
1.810899674892425537e-01
-1.294305473566055298e-01
-7.110159397125244141e-01
-2.213165044784545898e+00
1.146815896034240723e+00
8.079766035079956055e-01
4.679487943649291992e-01
-9.632120728492736816e-01
-1.064431905746459961e+00
-7.701078057289123535e-01
1.731765985488891602e+00
1.226395606994628906e+00
1.717724502086639404e-01
-8.491165041923522949e-01
-1.655326962471008301e+00
-1.335711121559143066e+00
-5.157426595687866211e-01
-3.258631825447082520e-01
-2.056932300329208374e-01
-8.712000846862792969e-01
1.127922162413597107e-01
7.326202988624572754e-01
-2.640291750431060791e-01
-4.388112723827362061e-01
1.523516893386840820e+00
-9.084772467613220215e-01
7.962212562561035156e-01
-8.863779902458190918e-01
2.332356423139572144e-01
-6.424022316932678223e-01
-8.873560428619384766e-01
1.641211271286010742e+00
-3.422371447086334229e-01
-1.207259669899940491e-02
-1.013195961713790894e-01
3.345793187618255615e-01
9.588006138801574707e-01
-1.946622729301452637e-01
7.574043273925781250e-01
7.434653043746948242e-01
6.272218823432922363e-01
-2.450433373451232910e-01
1.565723538398742676e+00
4.719741940498352051e-01
1.478190124034881592e-01
7.433338761329650879e-01
-1.294525980949401855e+00
1.064956545829772949e+00
-6.548436284065246582e-01
-6.903849840164184570e-01
-9.494313001632690430e-01
-4.880763292312622070e-01
-2.560320794582366943e-01
4.317474961280822754e-01
-7.456657290458679199e-01
-2.055490314960479736e-01
1.662012457847595215e+00
8.850927650928497314e-02
-7.159802317619323730e-01
-5.537188053131103516e-01
2.080382108688354492e-01
7.731230854988098145e-01
-2.542395591735839844e-01
-7.308362126350402832e-01
-1.113660812377929688e+00
-7.622850537300109863e-01
3.171789646148681641e-01
5.384827256202697754e-01
-3.276712894439697266e-01
-9.511175751686096191e-01
-1.913225293159484863e+00
-5.076353549957275391e-01
-5.716981291770935059e-01
-2.935865223407745361e-01
5.496311783790588379e-01
-1.459586173295974731e-01
-1.266399025917053223e-01
6.207463145256042480e-01
9.004855155944824219e-01
-5.243034958839416504e-01
3.345475494861602783e-01
-7.368406057357788086e-01
5.157166123390197754e-01
1.152058720588684082e+00
2.529324293136596680e-01
9.557519108057022095e-02
-4.276348650455474854e-01
6.944203972816467285e-01
9.300688505172729492e-01
-1.776251554489135742e+00
7.707443237304687500e-01
3.464325368404388428e-01
7.073552906513214111e-02
-1.021922230720520020e+00
4.936550743877887726e-03
-2.838900387287139893e-01
-1.172233223915100098e+00
4.907251894474029541e-01
5.535920262336730957e-01
1.907190084457397461e-01
1.235840678215026855e+00
1.391117095947265625e+00
-4.051818251609802246e-01
4.601527750492095947e-02
-1.087990641593933105e+00
1.865402311086654663e-01
8.301430940628051758e-02
2.501423656940460205e-01
-5.981090664863586426e-01
8.715474605560302734e-01
1.235783338546752930e+00
6.333705782890319824e-02
-1.673110485076904297e+00
-7.272201776504516602e-01
6.717389822006225586e-02
8.152461647987365723e-01
-4.180775880813598633e-01
7.004794478416442871e-01
-8.425893783569335938e-01
7.216302156448364258e-01
1.633566617965698242e+00
-2.771209776401519775e-01
-3.478837907314300537e-01
2.217736244201660156e-01
1.807068228721618652e+00
-9.062163829803466797e-01
-1.881167411804199219e+00
5.859529972076416016e-01
1.601179718971252441e+00
1.867880702018737793e+00
4.806389808654785156e-01
1.717530339956283569e-01
2.051646709442138672e+00
-1.097606942057609558e-01
