-6.615031957626342773e-01
-3.308733701705932617e-01
-3.700934946537017822e-01
-2.820631563663482666e-01
-4.339880123734474182e-02
1.837886124849319458e-01
-1.374066248536109924e-02
1.736251354217529297e+00
5.946493893861770630e-02
-7.073498964309692383e-01
6.283145546913146973e-01
3.553551435470581055e-01
2.335243701934814453e+00
5.955492854118347168e-01
-3.397921621799468994e-01
2.272738456726074219e+00
1.777018010616302490e-01
3.774818778038024902e-02
5.833509564399719238e-01
1.351741194725036621e+00
1.956643536686897278e-02
1.103718951344490051e-01
-9.343023300170898438e-01
1.967794656753540039e+00
-3.371955752372741699e-01
-6.791680455207824707e-01
7.460302710533142090e-01
-1.363720178604125977e+00
1.003165364265441895e+00
-3.190136671066284180e+00
1.416198611259460449e+00
-1.102662459015846252e-01
-5.346668362617492676e-01
-7.546830773353576660e-01
1.806631326675415039e+00
6.064821481704711914e-01
-4.530321061611175537e-01
-5.798907279968261719e-01
-2.467877976596355438e-02
-1.003283977508544922e+00
5.506707429885864258e-01
-5.607017278671264648e-01
1.211544498801231384e-01
-4.350323379039764404e-01
-3.632569015026092529e-01
2.816807985305786133e+00
2.215289354324340820e+00
-1.386584877967834473e+00
-4.962556064128875732e-02
-9.330488443374633789e-01
2.163379907608032227e+00
6.037918925285339355e-01
-5.898702740669250488e-01
2.341589480638504028e-01
-7.153793573379516602e-01
-8.040846586227416992e-01
5.986151099205017090e-01
-1.119292974472045898e+00
-2.035675048828125000e-01
7.528575658798217773e-01
-1.713638782501220703e+00
1.679862618446350098e+00
1.165220379829406738e+00
-6.934365630149841309e-01
1.419486105442047119e-01
-8.367592096328735352e-01
-9.203521013259887695e-01
8.746840357780456543e-01
1.197387337684631348e+00
-3.154196441173553467e-01
5.657401084899902344e-01
-2.494577646255493164e+00
-1.150249361991882324e+00
-5.123161673545837402e-01
-7.746036052703857422e-01
-2.966158092021942139e-01
1.476686835289001465e+00
7.162785530090332031e-01
1.281638383865356445e+00
4.958287253975868225e-02
-1.219003677368164062e+00
-2.069258987903594971e-01
1.435330230742692947e-02
-4.337288141250610352e-01
7.660359144210815430e-02
-2.779462337493896484e-01
1.998089909553527832e+00
-9.088943004608154297e-01
6.520238518714904785e-02
1.381871223449707031e+00
7.384635210037231445e-01
-3.372419178485870361e-01
1.426931563764810562e-02
-3.700737059116363525e-01
-1.138100475072860718e-01
6.508052349090576172e-01
1.309697508811950684e+00
6.870151162147521973e-01
8.206470012664794922e-01
1.448221921920776367e+00
-4.338147863745689392e-02
-2.857942819595336914e+00
-3.587021231651306152e-01
-7.768951654434204102e-01
1.022580504417419434e+00
7.339373826980590820e-01
-2.697961628437042236e-01
-1.128032088279724121e+00
-6.534978747367858887e-01
1.212074398994445801e+00
2.701741270720958710e-02
1.601577043533325195e+00
-4.711697697639465332e-01
1.032823801040649414e+00
3.505618870258331299e-01
1.145343422889709473e+00
1.638123989105224609e+00
-1.403997540473937988e+00
-1.857773512601852417e-01
1.431611418724060059e+00
9.854308366775512695e-01
-3.041156530380249023e-01
-1.359286785125732422e+00
-1.102667093276977539e+00
-1.050850272178649902e+00
-1.028439521789550781e+00
-3.166702091693878174e-01
1.294461369514465332e+00
5.294066667556762695e-01
-3.737367093563079834e-01
-9.545384645462036133e-01
1.305244863033294678e-01
4.802266359329223633e-01
-7.413690090179443359e-01
5.304617881774902344e-01
-4.117339253425598145e-01
-7.786203026771545410e-01
-7.232152223587036133e-01
-1.577752709388732910e+00
1.283227205276489258e-01
1.226718306541442871e+00
-1.554696559906005859e-01
-2.560743391513824463e-01
1.670565843582153320e+00
-1.110933661460876465e+00
-7.756208777427673340e-01
-5.697591900825500488e-01
-1.624685168266296387e+00
-1.449006557464599609e+00
-1.138566613197326660e+00
-1.423692822456359863e+00
3.308415180072188377e-03
-1.146385669708251953e+00
-2.989196777343750000e-01
5.146514177322387695e-01
1.032122135162353516e+00
-8.842427283525466919e-02
-5.987333655357360840e-01
-1.432451128959655762e+00
2.002904713153839111e-01
-5.809375047683715820e-01
-8.883797526359558105e-01
-9.639557003974914551e-01
2.986751869320869446e-02
2.344175241887569427e-02
8.862552642822265625e-01
5.096269249916076660e-01
-5.488848090171813965e-01
-2.740076184272766113e-01
3.448114916682243347e-02
-2.471894919872283936e-01
-8.253445029258728027e-01
-3.419638872146606445e-01
1.372650504112243652e+00
4.507989585399627686e-01
-1.743632316589355469e+00
-5.020403861999511719e-01
-1.299216747283935547e-01
5.468365550041198730e-01
6.303064227104187012e-01
-6.944653987884521484e-01
4.087429642677307129e-01
-8.013132810592651367e-01
-1.379652857780456543e+00
7.368960976600646973e-01
2.121337890625000000e+00
-3.408912420272827148e-01
6.277928352355957031e-01
3.847367167472839355e-01
2.047486007213592529e-01
2.326059713959693909e-02
-4.714865386486053467e-01
-1.796668469905853271e-01
-4.733652472496032715e-01
-6.607171297073364258e-01
-1.365324735641479492e+00
1.014703512191772461e+00
2.263371199369430542e-01
1.719909757375717163e-01
5.253129005432128906e-01
-2.286436796188354492e+00
1.946045085787773132e-02
1.525600552558898926e+00
2.484269998967647552e-02
1.757356882095336914e+00
3.414484858512878418e-01
-1.004810094833374023e+00
-1.291288733482360840e+00
5.213782787322998047e-01
2.998654730618000031e-02
-6.345143914222717285e-01
-2.525347709655761719e+00
-2.929859049618244171e-02
-3.606891036033630371e-01
-5.513817071914672852e-01
-4.214863181114196777e-01
1.163150906562805176e+00
-8.560470342636108398e-01
-7.990435957908630371e-01
-1.203681707382202148e+00
-4.245182573795318604e-01
-1.039918884634971619e-01
1.578112095594406128e-01
3.769597783684730530e-02
9.016093015670776367e-01
-1.205631256103515625e+00
-4.813729822635650635e-01
-1.497774720191955566e+00
1.187555193901062012e+00
-4.178008139133453369e-01
-3.101233541965484619e-01
-3.662264943122863770e-01
6.035444736480712891e-01
3.323430120944976807e-01
-1.285078525543212891e-01
1.100144460797309875e-01
-9.959536790847778320e-01
6.087669730186462402e-01
-2.140823125839233398e+00
-1.427919387817382812e+00
9.033532738685607910e-01
-2.039378136396408081e-01
-1.632737517356872559e+00
-4.611443877220153809e-01
3.868459463119506836e-01
2.893496155738830566e-01
-7.893863320350646973e-01
-1.178573489189147949e+00
-4.973477125167846680e-01
4.489594399929046631e-01
-1.712108850479125977e+00
-2.751967310905456543e-02
2.235091179609298706e-01
-1.210354045033454895e-01
-1.076191663742065430e+00
7.651054263114929199e-01
-9.851856231689453125e-01
2.385249733924865723e-02
1.368532538414001465e+00
1.362456321716308594e+00
1.757322669029235840e+00
-8.141621947288513184e-01
1.269110798835754395e+00
1.008909702301025391e+00
-1.593991667032241821e-01
1.805074930191040039e+00
2.777322530746459961e-01
-1.196207761764526367e+00
-6.879982352256774902e-01
-4.152992367744445801e-01
-7.577214837074279785e-01
2.666589021682739258e-01
-9.483028650283813477e-01
-3.628587722778320312e-02
1.732729315757751465e+00
-5.555416643619537354e-02
-1.489416241645812988e+00
1.759485602378845215e+00
8.088182806968688965e-01
-5.122982859611511230e-01
-6.097886562347412109e-01
3.315409421920776367e-01
-1.300851941108703613e+00
4.147749245166778564e-01
-2.894940376281738281e-01
-5.778371691703796387e-01
1.181518077850341797e+00
-5.663993358612060547e-01
-6.180934980511665344e-02
-1.063416600227355957e+00
-8.620144724845886230e-01
-1.440139859914779663e-01
8.691144585609436035e-01
3.588890731334686279e-01
1.229662179946899414e+00
1.230931520462036133e+00
5.438087582588195801e-01
3.031046688556671143e-01
-1.759294509887695312e+00
-1.257253170013427734e+00
1.097821354866027832e+00
4.670627713203430176e-01
-2.531117796897888184e-01
-1.081138610839843750e+00
-2.881639003753662109e-01
-9.579869508743286133e-01
-3.045419156551361084e-01
6.027415394783020020e-01
-3.136124312877655029e-01
-3.408119082450866699e-01
1.004214957356452942e-01
-5.077112913131713867e-01
3.858736455440521240e-01
1.399777650833129883e+00
-4.615586102008819580e-01
1.180445313453674316e+00
-3.715449571609497070e-01
3.648801520466804504e-02
4.520914554595947266e-01
-3.571124970912933350e-01
2.511975765228271484e-01
-5.785520672798156738e-01
-5.788072347640991211e-01
-7.003876566886901855e-01
2.302187532186508179e-01
1.071106076240539551e+00
6.197473406791687012e-01
-3.501628339290618896e-01
-8.742313981056213379e-01
1.247541308403015137e+00
-3.097668290138244629e-01
-1.093793749809265137e+00
-2.682420015335083008e-01
-1.140570402145385742e+00
-1.862146258354187012e+00
-5.017259716987609863e-01
3.767138421535491943e-01
-2.061962187290191650e-01
3.514209017157554626e-02
-2.257268905639648438e+00
1.113028287887573242e+00
4.049589335918426514e-01
1.334727883338928223e+00
4.496285915374755859e-01
-2.903767228126525879e-01
-6.790229082107543945e-01
4.750658273696899414e-01
1.480497956275939941e+00
1.823535203933715820e+00
-1.242584109306335449e+00
-4.539703950285911560e-02
-2.422992289066314697e-01
-1.230498552322387695e+00
2.164649665355682373e-01
-1.047970414161682129e+00
3.051228225231170654e-01
-1.484530806541442871e+00
3.665911555290222168e-01
5.113898515701293945e-01
3.083848357200622559e-01
-9.813679456710815430e-01
1.172401785850524902e+00
2.193438634276390076e-02
-1.017333030700683594e+00
3.605203926563262939e-01
-1.221483826637268066e+00
-6.796104311943054199e-01
-5.060647130012512207e-01
3.545264005661010742e-01
1.180913209915161133e+00
2.338303923606872559e-01
3.325420916080474854e-01
-5.335030555725097656e-01
-2.664233207702636719e+00
5.522837042808532715e-01
9.311265349388122559e-01
3.312710762023925781e+00
8.065178990364074707e-01
-1.698038130998611450e-01
9.900807738304138184e-01
-4.459156692028045654e-01
7.009702920913696289e-01
9.304562211036682129e-01
-2.712827324867248535e-01
1.048848181962966919e-01
4.173115193843841553e-01
-2.069504708051681519e-01
-1.074823617935180664e+00
4.338914155960083008e-01
-4.832614362239837646e-01
6.834391504526138306e-02
-4.383282661437988281e-01
2.014359235763549805e+00
-4.163646996021270752e-01
-1.205318689346313477e+00
-1.813698887825012207e+00
2.669023871421813965e-01
5.407624840736389160e-01
1.544768661260604858e-01
3.265742361545562744e-01
1.323462605476379395e+00
-1.592193722724914551e+00
3.390088677406311035e-01
-2.087965488433837891e+00
-1.016934633255004883e+00
1.477829366922378540e-01
-1.245577111840248108e-01
1.685424894094467163e-01
-6.164900958538055420e-02
5.394016504287719727e-01
2.317836731672286987e-01
4.754159748554229736e-01
2.755121886730194092e-01
9.599336981773376465e-01
-8.828013539314270020e-01
5.314689874649047852e-01
2.248672962188720703e+00
4.678310453891754150e-01
-5.603662729263305664e-01
-1.716155558824539185e-01
-2.008214712142944336e+00
-2.322345674037933350e-01
-1.682802736759185791e-01
-9.540947079658508301e-01
1.061306953430175781e+00
-4.622316956520080566e-01
3.063592314720153809e-01
2.068830728530883789e+00
-1.338242888450622559e+00
1.646723031997680664e+00
-1.282910585403442383e+00
-2.271664096042513847e-03
3.208868503570556641e-01
1.415728092193603516e+00
1.072774052619934082e+00
-6.169571280479431152e-01
-6.042242795228958130e-02
2.235288858413696289e+00
-6.115844845771789551e-01
1.130530953407287598e+00
-1.606084465980529785e+00
6.812134981155395508e-01
1.358664989471435547e+00
3.964513242244720459e-01
-1.423527002334594727e+00
-1.315104812383651733e-01
-5.237290263175964355e-01
8.671513944864273071e-02
2.672301769256591797e+00
-1.235980987548828125e+00
3.704500198364257812e-01
-2.346521615982055664e+00
-2.504231333732604980e-01
-1.465960144996643066e+00
-6.707183122634887695e-01
1.661223411560058594e+00
3.607695102691650391e-01
1.106313705444335938e+00
-2.114329338073730469e+00
-2.199342966079711914e+00
1.036107778549194336e+00
2.020615898072719574e-02
-1.855386376380920410e+00
2.185803413391113281e+00
-2.478737235069274902e-01
-1.049228787422180176e+00
-1.940987944602966309e+00
1.296802759170532227e+00
-1.054790735244750977e+00
8.350605964660644531e-01
1.670843213796615601e-01
-8.547619581222534180e-01
8.058930635452270508e-01
1.275804996490478516e+00
2.150609791278839111e-01
-8.642761707305908203e-01
-5.110180377960205078e-01
-6.368334889411926270e-01
2.196408271789550781e+00
-3.223636746406555176e-02
-2.513563036918640137e-01
-2.869235277175903320e-01
1.073331356048583984e+00
-1.331072688102722168e+00
-2.087298631668090820e-01
-3.052593767642974854e-01
2.081615686416625977e+00
-1.909746885299682617e+00
7.298166751861572266e-01
-7.576182484626770020e-01
4.396509528160095215e-01
-9.296181797981262207e-01
6.208242774009704590e-01
2.074277400970458984e-01
-7.424938678741455078e-01
-3.778120577335357666e-01
-7.028241753578186035e-01
1.609610795974731445e+00
-7.357681393623352051e-01
2.468094587326049805e+00
9.575631022453308105e-01
9.365241527557373047e-01
2.957722842693328857e-01
1.702566742897033691e-01
1.967118263244628906e+00
-5.069044232368469238e-01
1.243641018867492676e+00
1.488426476716995239e-01
5.177260041236877441e-01
-2.901637256145477295e-01
5.056155920028686523e-01
1.763600707054138184e+00
-1.976251751184463501e-01
-1.193307638168334961e+00
1.603747159242630005e-01
-1.287459254264831543e+00
1.798500299453735352e+00
8.633288741111755371e-01
-8.341217637062072754e-01
-1.978717565536499023e+00
-2.986891984939575195e+00
9.634096175432205200e-02
-9.446356296539306641e-01
-3.822174966335296631e-01
1.130851984024047852e+00
7.175197452306747437e-02
6.887041926383972168e-01
-1.113707304000854492e+00
1.683991216123104095e-02
-3.459351137280464172e-02
-1.201998233795166016e+00
4.746118187904357910e-01
-8.784974813461303711e-01
-7.473705410957336426e-01
1.890604972839355469e+00
7.177463173866271973e-01
5.480913519859313965e-01
-6.590369343757629395e-01
-6.934159994125366211e-01
2.146278619766235352e+00
-2.888473868370056152e-01
1.349647790193557739e-01
-1.215082049369812012e+00
-1.745447143912315369e-02
-6.868126988410949707e-02
-9.580635428428649902e-01
-1.070297360420227051e+00
-9.566398262977600098e-01
-2.163743823766708374e-01
1.607495188713073730e+00
1.437199950218200684e+00
3.482824563980102539e-01
-1.641853213310241699e+00
-7.380726188421249390e-02
9.308853149414062500e-01
-1.486748576164245605e+00
-3.935910463333129883e-01
7.212396860122680664e-01
-8.130699396133422852e-01
1.574094295501708984e+00
1.452254414558410645e+00
8.148480653762817383e-01
8.482960462570190430e-01
-4.223645329475402832e-01
-1.227713108062744141e+00
-4.525741934776306152e-01
2.337990403175354004e-01
-6.786520034074783325e-02
7.691475749015808105e-01
1.259681820869445801e+00
-2.011356115341186523e+00
1.119281530380249023e+00
-1.336442947387695312e+00
-2.897077798843383789e-02
-2.328382253646850586e+00
4.804365709424018860e-02
1.820700801908969879e-02
-3.068843185901641846e-01
7.013640403747558594e-01
-4.168641269207000732e-01
-1.379133015871047974e-01
-1.272206187248229980e+00
9.154131263494491577e-02
6.129004955291748047e-01
7.033891677856445312e-01
1.962082624435424805e+00
-2.281263768672943115e-01
1.422627829015254974e-02
-8.456683158874511719e-01
6.371241807937622070e-02
-5.156006813049316406e-01
-3.835969269275665283e-01
6.335312724113464355e-01
2.502481698989868164e+00
5.956652760505676270e-01
2.437185943126678467e-01
2.735371887683868408e-01
-9.540960788726806641e-01
1.857148170471191406e+00
-1.008745908737182617e+00
