3.524983525276184082e-01
-1.297270417213439941e+00
1.005648598074913025e-01
7.308430224657058716e-02
-5.244429707527160645e-01
4.616761505603790283e-01
-5.861420631408691406e-01
-6.593887805938720703e-01
-8.840828537940979004e-01
3.443247377872467041e-01
-2.241460382938385010e-01
2.156860828399658203e+00
1.252584576606750488e+00
-1.223334908485412598e+00
5.534568428993225098e-01
3.244462609291076660e-01
1.062506064772605896e-01
-1.164738535881042480e+00
-1.371393799781799316e+00
4.714371562004089355e-01
3.331446647644042969e+00
-7.458926737308502197e-02
4.742668271064758301e-01
2.057306289672851562e+00
6.908301264047622681e-02
1.631697416305541992e-01
9.749137163162231445e-01
8.618369698524475098e-01
1.645602226257324219e+00
-1.071382407099008560e-02
-2.637869119644165039e-01
-3.194582462310791016e-01
-5.133469700813293457e-01
-1.494088411331176758e+00
1.406442046165466309e+00
-1.784145474433898926e+00
-3.538595438003540039e-01
7.087712287902832031e-01
2.146743051707744598e-02
1.234248161315917969e+00
1.451975107192993164e-01
-8.229407072067260742e-01
-7.372757792472839355e-01
-1.588681697845458984e+00
2.058528810739517212e-01
-8.952824473381042480e-01
-6.270385384559631348e-01
7.296686172485351562e-01
1.349664568901062012e+00
1.483120560646057129e+00
1.339458346366882324e+00
-3.116739988327026367e-01
1.249223589897155762e+00
2.925403356552124023e+00
-1.575164556503295898e+00
-5.347825288772583008e-01
-1.480488330125808716e-01
-8.354802131652832031e-01
3.193578422069549561e-01
-4.473102688789367676e-01
6.531270146369934082e-01
-1.023237228393554688e+00
9.076626598834991455e-02
8.153796195983886719e-01
-1.776009440422058105e+00
1.441890150308609009e-01
8.372597098350524902e-01
-2.177289724349975586e-01
3.637508451938629150e-01
-5.198719501495361328e-01
5.581365823745727539e-01
1.477646529674530029e-01
3.491995632648468018e-01
-3.126702830195426941e-02
1.824856519699096680e+00
8.177339285612106323e-02
1.252451539039611816e+00
-1.909207820892333984e+00
-4.435637295246124268e-01
3.224701285362243652e-01
1.441687464714050293e+00
6.061429977416992188e-01
-9.408239275217056274e-02
-9.744442105293273926e-01
1.385979354381561279e-01
-1.476865053176879883e+00
2.296186983585357666e-02
-2.638432979583740234e-01
-5.932819247245788574e-01
-9.127302765846252441e-01
3.707599937915802002e-01
-4.626020789146423340e-01
-9.870391339063644409e-02
1.504807949066162109e+00
5.693951249122619629e-01
-2.094805091619491577e-01
1.005219519138336182e-01
2.684165239334106445e-01
1.096956610679626465e+00
-5.725353360176086426e-01
