-1.291630268096923828e-01
1.454156637191772461e+00
-6.513696163892745972e-02
8.792740702629089355e-01
1.035427451133728027e+00
-1.348134636878967285e+00
2.502594143152236938e-02
-5.469232797622680664e-01
4.292243123054504395e-01
-6.542148441076278687e-02
1.101762652397155762e+00
9.382381290197372437e-02
-1.417338967323303223e+00
3.787807524204254150e-01
4.740357100963592529e-01
9.088723063468933105e-01
1.291391849517822266e-01
1.162811294198036194e-01
1.537357807159423828e+00
-5.961483120918273926e-01
-3.267661929130554199e-01
7.612188458442687988e-01
-4.472369849681854248e-01
1.093773841857910156e+00
6.706880033016204834e-02
8.758553266525268555e-01
9.735674411058425903e-02
9.225686192512512207e-01
-7.572491168975830078e-01
3.905080556869506836e-01
4.021447896957397461e-02
5.022754669189453125e-01
-3.758524060249328613e-01
-1.515996158123016357e-01
4.295672774314880371e-01
1.594098210334777832e-01
-1.535339117050170898e+00
4.473225176334381104e-01
3.811393380165100098e-01
-2.846872508525848389e-01
6.904987096786499023e-01
-1.364089727401733398e+00
-7.458068728446960449e-01
4.078965187072753906e-01
-4.097867757081985474e-02
-2.454223155975341797e+00
-5.540410280227661133e-01
2.729893922805786133e-01
2.508422732353210449e-01
2.232009470462799072e-01
9.500903636217117310e-02
4.302867054939270020e-01
1.074907660484313965e+00
2.888015508651733398e-01
-1.818845510482788086e+00
-5.688845515251159668e-01
-1.416288167238235474e-01
-1.113958239555358887e+00
9.214537590742111206e-02
2.861221730709075928e-01
3.202923536300659180e-01
-1.438184738159179688e+00
-7.461019605398178101e-02
8.177212476730346680e-01
-1.946794390678405762e+00
3.950365185737609863e-01
-4.122152626514434814e-01
7.197196483612060547e-01
1.724724918603897095e-01
-3.969053626060485840e-01
4.157821238040924072e-01
-9.394184947013854980e-01
-6.122480034828186035e-01
-1.354010403156280518e-01
1.981305330991744995e-01
7.633860707283020020e-01
5.720493197441101074e-01
-7.246021032333374023e-01
1.565244048833847046e-01
1.024696469306945801e+00
-1.861202158033847809e-02
3.818961083889007568e-01
9.013316035270690918e-01
-8.942490816116333008e-01
1.857058644294738770e+00
-4.838462471961975098e-01
1.403372287750244141e+00
1.822251439094543457e+00
5.209563970565795898e-01
3.295425891876220703e+00
-1.278651475906372070e+00
2.139325020834803581e-03
-8.328942656517028809e-01
1.213494896888732910e+00
1.898713946342468262e+00
2.279832214117050171e-01
5.438786372542381287e-02
-1.446432173252105713e-01
7.394798099994659424e-02
1.941179782152175903e-01
-5.671283602714538574e-01
1.178773283958435059e+00
-2.331526994705200195e+00
-1.144567370414733887e+00
2.215939760208129883e-01
9.256834983825683594e-01
9.921694993972778320e-01
-1.047011613845825195e+00
-6.471707820892333984e-01
1.122983574867248535e+00
-3.733338043093681335e-02
2.792084813117980957e-01
1.100046038627624512e+00
3.647089302539825439e-01
1.744574785232543945e+00
-8.702923059463500977e-01
-9.873514771461486816e-01
-1.650226265192031860e-01
-1.065480634570121765e-01
1.877468079328536987e-01
6.558174490928649902e-01
1.156873226165771484e+00
1.760766208171844482e-01
2.189672440290451050e-01
5.690380334854125977e-01
1.010137677192687988e+00
-8.466716110706329346e-02
-1.938371062278747559e+00
2.147911310195922852e+00
2.272326350212097168e-01
2.151607125997543335e-01
6.929464936256408691e-01
-2.289062500000000000e+00
3.618286848068237305e-01
6.220170259475708008e-01
-1.283831238746643066e+00
9.624369740486145020e-01
3.486169278621673584e-01
-9.430779814720153809e-01
8.105235695838928223e-01
-2.871865928173065186e-01
-1.048069834709167480e+00
2.614178955554962158e-01
-5.450195670127868652e-01
2.900259196758270264e-01
-1.022786945104598999e-01
3.719531297683715820e-01
-7.348400354385375977e-02
-1.602783322334289551e+00
1.563845276832580566e+00
6.020881533622741699e-01
-9.980284608900547028e-03
5.529801920056343079e-02
2.588709294795989990e-01
-6.977040767669677734e-01
-8.284190297126770020e-01
4.775984287261962891e-01
-2.303526401519775391e+00
8.108146190643310547e-01
-2.681550383567810059e-01
1.885793447494506836e+00
9.296150207519531250e-01
-1.007327795028686523e+00
2.471424043178558350e-01
1.131947994232177734e+00
2.450278997421264648e-01
-5.692673474550247192e-02
-9.663258194923400879e-01
7.226054668426513672e-01
-6.122494935989379883e-01
3.499703705310821533e-01
-5.880691409111022949e-01
5.185291171073913574e-02
-3.439225256443023682e-01
-2.798064947128295898e-01
7.934831082820892334e-02
6.063499450683593750e-01
-1.156811118125915527e-01
5.274707823991775513e-02
-5.916398167610168457e-01
-8.270640373229980469e-01
-1.787334799766540527e+00
1.013599514961242676e+00
-9.153435230255126953e-01
-2.628187835216522217e-01
-1.136376023292541504e+00
-4.216851294040679932e-01
2.260235324501991272e-02
2.520451247692108154e-01
-8.257452845573425293e-01
9.503962397575378418e-01
-7.913418859243392944e-02
-5.085029006004333496e-01
-1.347662925720214844e+00
-1.178878307342529297e+00
-7.226477861404418945e-01
7.128698825836181641e-01
-8.209414482116699219e-01
1.128732919692993164e+00
-2.230961471796035767e-01
1.891525864601135254e+00
1.253406405448913574e+00
1.033277988433837891e+00
1.002215504646301270e+00
-1.012972474098205566e+00
6.376649737358093262e-01
-8.611139059066772461e-01
7.172663807868957520e-01
1.550541043281555176e+00
-5.342513322830200195e-01
-5.864519253373146057e-02
-2.143887519836425781e+00
1.883676648139953613e-01
4.768256247043609619e-01
-7.295016050338745117e-01
-1.534390330314636230e+00
-5.510172247886657715e-01
5.015990734100341797e-01
-4.286444187164306641e-01
-1.601682044565677643e-02
-2.707266807556152344e-01
1.701485276222229004e+00
-6.853851079940795898e-01
2.219811081886291504e-01
-9.524945616722106934e-01
-9.021528810262680054e-02
-9.869003295898437500e-01
1.562222480773925781e+00
-1.053305745124816895e+00
-9.440622329711914062e-01
4.555636271834373474e-02
3.608068525791168213e-01
1.253242492675781250e-01
-1.518127322196960449e+00
-5.176575779914855957e-01
-6.413996815681457520e-01
1.101392745971679688e+00
1.007341265678405762e+00
-1.187022775411605835e-01
-5.971872210502624512e-01
-3.108319640159606934e-01
1.953037083148956299e-01
-6.054456830024719238e-01
-1.390757918357849121e+00
7.861450314521789551e-01
-1.393876910209655762e+00
-1.017248868942260742e+00
8.802129030227661133e-01
-5.688318014144897461e-01
3.727533668279647827e-02
-3.352595567703247070e-01
-1.847527027130126953e+00
5.292434096336364746e-01
-1.238330006599426270e+00
-1.090676069259643555e+00
-6.212257146835327148e-01
4.329767450690269470e-02
1.782227635383605957e+00
6.993960738182067871e-01
-2.405666261911392212e-01
2.170103549957275391e+00
1.686078071594238281e+00
-1.303327202796936035e+00
-2.794534862041473389e-01
-5.595317482948303223e-02
-7.120894193649291992e-01
8.149911463260650635e-02
1.483186721801757812e+00
1.248459696769714355e+00
-1.961066365242004395e+00
-1.535912752151489258e+00
-8.188385367393493652e-01
-1.020326733589172363e+00
1.856002926826477051e+00
-1.750508904457092285e+00
8.031367659568786621e-01
-3.612974584102630615e-01
-1.285073280334472656e+00
-5.277180671691894531e-01
1.038238167762756348e+00
2.150036334991455078e+00
1.531778693199157715e+00
3.819563388824462891e-01
2.582399845123291016e-01
7.008869051933288574e-01
-1.228189826011657715e+00
1.462090492248535156e+00
-1.270632266998291016e+00
1.781788766384124756e-01
-5.619620084762573242e-01
9.477445483207702637e-02
1.264069676399230957e-01
1.171767711639404297e+00
3.095389604568481445e-01
6.163459271192550659e-02
-8.332382440567016602e-01
6.554428935050964355e-01
-1.218930363655090332e+00
6.675502061843872070e-01
-2.399523109197616577e-01
