-1.497956395149230957e+00
-6.430901288986206055e-01
-2.603860944509506226e-02
-2.848694920539855957e-01
5.369344949722290039e-01
-1.510668873786926270e+00
-4.033903777599334717e-01
-1.120509147644042969e+00
1.323139190673828125e+00
3.236779570579528809e-01
-1.086017847061157227e+00
1.333035111427307129e+00
-7.105404734611511230e-01
-3.221439421176910400e-01
2.340622395277023315e-01
3.450783789157867432e-01
9.659280180931091309e-01
-7.949593663215637207e-01
-8.000880479812622070e-01
-8.862391114234924316e-01
-1.582709074020385742e+00
-5.421296954154968262e-01
1.997437626123428345e-01
1.043560743331909180e+00
2.944488227367401123e-01
2.505907416343688965e-01
2.393074780702590942e-01
7.901754379272460938e-01
-8.890674114227294922e-01
6.106958389282226562e-01
-2.175507545471191406e-01
2.145847529172897339e-01
-1.837610602378845215e-01
1.209117054939270020e+00
-2.216604709625244141e+00
-1.083710551261901855e+00
-2.207089424133300781e+00
-2.846003770828247070e+00
1.941971898078918457e+00
5.086971521377563477e-01
-3.543176949024200439e-01
1.051509261131286621e+00
-9.357908368110656738e-01
2.514523454010486603e-03
-3.612953424453735352e-01
2.101843357086181641e+00
2.095858193933963776e-02
-1.013152480125427246e+00
1.661777645349502563e-01
2.899181842803955078e-01
4.027562439441680908e-01
-2.873468995094299316e-01
1.167386889457702637e+00
1.008957028388977051e+00
2.309750579297542572e-02
-1.706447601318359375e-01
-1.460675120353698730e+00
-6.894064545631408691e-01
1.648307740688323975e-01
2.997459843754768372e-02
-4.979182481765747070e-01
1.982277631759643555e-01
2.376100420951843262e-02
6.140442192554473877e-02
-5.037225484848022461e-01
1.438353776931762695e+00
1.862635463476181030e-01
-3.985522985458374023e-01
-6.859712600708007812e-01
-4.406647086143493652e-01
-1.873934715986251831e-01
-5.393917560577392578e-01
2.563721239566802979e-01
-6.145299673080444336e-01
-1.094478011131286621e+00
2.456387132406234741e-01
1.256045848131179810e-01
-2.788068354129791260e-01
3.542330563068389893e-01
6.380701065063476562e-01
-1.212987780570983887e+00
-8.449802994728088379e-01
6.628573536872863770e-01
1.024175405502319336e+00
-1.442116051912307739e-01
-4.340519905090332031e-01
-1.913336515426635742e-01
-9.638505578041076660e-01
-8.661563992500305176e-01
-9.349313974380493164e-01
3.680448532104492188e-01
-2.593260705471038818e-01
-1.212657928466796875e+00
-8.253082633018493652e-02
-4.041220247745513916e-01
-8.988884091377258301e-01
-8.718852400779724121e-01
-6.523270010948181152e-01
-1.851108670234680176e-01
5.613138079643249512e-01
3.298396766185760498e-01
1.412236571311950684e+00
2.458315938711166382e-01
-1.848433852195739746e+00
4.990068972110748291e-01
8.861820101737976074e-01
1.268391489982604980e+00
-2.293604463338851929e-01
-4.787662327289581299e-01
-7.370084524154663086e-01
5.698685646057128906e-01
-3.437576293945312500e-01
-1.235388398170471191e+00
-9.615323543548583984e-01
1.778052598237991333e-01
1.260559439659118652e+00
-1.336758017539978027e+00
6.699109077453613281e-01
-5.902013182640075684e-01
5.929350256919860840e-01
8.197864294052124023e-01
2.643942356109619141e+00
8.473649621009826660e-01
-7.496997714042663574e-01
-1.424385309219360352e+00
-6.360378861427307129e-01
1.603680729866027832e+00
-7.214499115943908691e-01
-4.081525206565856934e-01
-7.703249454498291016e-01
5.899314284324645996e-01
1.080163240432739258e+00
1.026324510574340820e+00
-2.021332383155822754e-01
-2.048205584287643433e-01
1.316083371639251709e-01
-1.274577856063842773e+00
-3.049536943435668945e-01
2.317772626876831055e+00
1.963363438844680786e-01
4.269096255302429199e-01
9.207404851913452148e-01
3.579407036304473877e-01
-7.716151475906372070e-01
3.115052461624145508e+00
9.316228628158569336e-01
1.364481806755065918e+00
-5.332670360803604126e-02
1.234621524810791016e+00
-2.713857218623161316e-02
-1.097517371177673340e+00
-5.087614059448242188e-01
4.616427719593048096e-01
7.540657520294189453e-01
1.353106200695037842e-01
-4.600366950035095215e-01
-2.149885147809982300e-01
-8.415555357933044434e-01
-9.978269934654235840e-01
1.365522146224975586e+00
1.746951788663864136e-01
3.972947001457214355e-01
2.856051027774810791e-01
-3.619272410869598389e-01
8.723520040512084961e-01
-4.209859073162078857e-01
-1.599371075630187988e+00
-1.074653625488281250e+00
1.633108139038085938e+00
8.802598118782043457e-01
1.159440398216247559e+00
1.619488239288330078e+00
-1.486610412597656250e+00
-1.026304602622985840e+00
-1.403857111930847168e+00
-1.418566346168518066e+00
-5.330197140574455261e-02
-5.337486267089843750e-01
-1.293698668479919434e+00
-1.008077383041381836e+00
2.145818471908569336e+00
3.008493967354297638e-02
-8.370010852813720703e-01
-7.097777128219604492e-01
3.296597301959991455e-01
2.792105674743652344e-01
1.772774457931518555e+00
-6.864286065101623535e-01
-7.845160961151123047e-01
-4.419826269149780273e-01
-2.121471017599105835e-01
8.750547170639038086e-01
5.254067182540893555e-01
-6.434394121170043945e-01
-7.723278403282165527e-01
7.203813791275024414e-01
-3.417070806026458740e-01
-7.802548408508300781e-01
1.116779685020446777e+00
2.669934928417205811e-01
2.070715427398681641e-01
-9.177852869033813477e-01
2.811795771121978760e-01
6.904956698417663574e-01
-1.592703014612197876e-01
5.553461313247680664e-01
-7.766044139862060547e-01
5.563758015632629395e-01
-2.001145482063293457e-01
-1.051700472831726074e+00
-2.733003795146942139e-01
7.163660526275634766e-01
-5.007739663124084473e-01
7.412067800760269165e-02
-1.542200446128845215e-01
1.384664624929428101e-01
7.145563364028930664e-01
3.708849847316741943e-01
1.632478237152099609e-01
-6.883788108825683594e-01
2.842400670051574707e-01
3.617306947708129883e-01
9.084165096282958984e-01
1.079470515251159668e+00
8.775736689567565918e-01
2.367513656616210938e+00
-1.033780694007873535e+00
5.751494765281677246e-01
1.971604488790035248e-02
-5.507934466004371643e-02
1.655025333166122437e-01
7.243661284446716309e-01
-3.105882406234741211e-01
-4.076262712478637695e-01
-2.527526617050170898e-01
1.051902055740356445e+00
8.079832792282104492e-01
-9.229122400283813477e-01
6.001989841461181641e-01
-8.899317979812622070e-01
1.586964607238769531e+00
6.036503911018371582e-01
-2.159868180751800537e-01
-5.799496173858642578e-01
5.905777215957641602e-01
6.521726846694946289e-01
1.112700030207633972e-01
1.133483171463012695e+00
-8.455901741981506348e-01
4.833777248859405518e-01
-1.246923565864562988e+00
-9.297553300857543945e-01
9.328820109367370605e-01
4.748601615428924561e-01
1.141709804534912109e+00
-1.373612880706787109e+00
-1.422309398651123047e+00
-4.903619885444641113e-01
4.114913642406463623e-01
4.128561913967132568e-01
-1.362514138221740723e+00
1.779128670692443848e+00
-3.668959736824035645e-01
2.834955155849456787e-01
1.205317452549934387e-01
7.616530060768127441e-01
1.985044330358505249e-01
9.369654059410095215e-01
1.296053767204284668e+00
3.596495389938354492e-01
-1.200991988182067871e+00
2.117958545684814453e+00
-1.993463993072509766e+00
1.285810351371765137e+00
-6.603144407272338867e-01
-1.005594253540039062e+00
-7.248486876487731934e-01
5.653145909309387207e-01
1.571840286254882812e+00
1.658333420753479004e+00
7.827473282814025879e-01
3.196704089641571045e-01
-1.146756887435913086e+00
-3.654620349407196045e-01
-9.260510802268981934e-01
1.290918439626693726e-01
-2.139117717742919922e+00
6.461534500122070312e-01
1.122926712036132812e+00
1.458470463752746582e+00
-4.631350189447402954e-02
4.732549786567687988e-01
6.500364542007446289e-01
-3.685332834720611572e-02
6.072665452957153320e-01
1.112473249435424805e+00
-2.081398725509643555e+00
-1.317400217056274414e+00
1.366714537143707275e-01
6.592975854873657227e-01
