-1.594216704368591309e+00 2.491757273674011230e-01 1.063434600830078125e+00 -1.172505378723144531e+00 -1.799304336309432983e-01 2.321696758270263672e+00 1.057817816734313965e+00 1.667756080627441406e+00
-8.007751405239105225e-02 -3.706097230315208435e-02 -7.490736246109008789e-01 -4.588943719863891602e-01 2.441564053297042847e-01 -1.632844328880310059e+00 1.398692429065704346e-01 8.313558101654052734e-01
-4.342810213565826416e-01 -3.220683634281158447e-01 -5.402308702468872070e-01 -1.210345983505249023e+00 -6.806691884994506836e-01 -6.512373685836791992e-01 8.525924086570739746e-01 8.387973904609680176e-01
4.147033095359802246e-01 -4.986096918582916260e-01 -9.455837607383728027e-01 2.365567207336425781e+00 -1.016456484794616699e+00 -4.681609272956848145e-01 1.405189275741577148e+00 -1.982896123081445694e-03
-1.040832161903381348e+00 1.275279879570007324e+00 -1.177756935358047485e-01 8.009499311447143555e-01 -6.789240837097167969e-01 -2.382045090198516846e-01 6.161146759986877441e-01 1.913023591041564941e+00
1.868986636400222778e-01 4.376336038112640381e-01 2.894921004772186279e-01 -1.294510841369628906e+00 1.791481524705886841e-01 8.932682275772094727e-01 4.826227426528930664e-01 -5.572026968002319336e-01
-1.974602416157722473e-02 3.737048208713531494e-01 1.399497270584106445e+00 1.023155093193054199e+00 4.679564535617828369e-01 -2.177627086639404297e+00 -9.299324154853820801e-01 -3.577629923820495605e-01
-6.988998055458068848e-01 -1.249618053436279297e+00 -8.048822879791259766e-01 3.509130179882049561e-01 -6.355035305023193359e-02 -1.577064543962478638e-01 1.315311193466186523e+00 -1.204793095588684082e+00
1.054856896400451660e+00 -1.193892359733581543e+00 1.311035275459289551e+00 6.652419567108154297e-01 -1.334446072578430176e+00 -2.228237390518188477e-01 1.680521816015243530e-01 1.359444856643676758e+00
-1.658587098121643066e+00 -5.652657151222229004e-01 -7.480980157852172852e-01 -1.240192890167236328e+00 1.219511389732360840e+00 -3.844006359577178955e-01 1.515474200248718262e+00 -9.073874354362487793e-01
-1.069315552711486816e+00 6.824985742568969727e-01 4.050866961479187012e-01 1.129102706909179688e+00 -2.014346718788146973e-01 4.221773520112037659e-02 -3.074937760829925537e-01 4.322630167007446289e-01
9.929606318473815918e-01 5.819454044103622437e-02 1.701667189598083496e+00 -1.299464106559753418e-01 -2.204617500305175781e+00 1.447183966636657715e+00 1.837067008018493652e-01 1.714070320129394531e+00
1.166937708854675293e+00 -1.184758186340332031e+00 8.359419554471969604e-02 4.041315317153930664e-01 1.412252902984619141e+00 5.554486513137817383e-01 4.554110467433929443e-01 -1.419944763183593750e-01
6.346822381019592285e-01 -5.859837532043457031e-01 -2.506345033645629883e+00 -4.878417402505874634e-02 -7.098929882049560547e-01 4.269824028015136719e-01 -2.787770628929138184e-01 1.549259662628173828e+00
8.730064630508422852e-01 1.291007637977600098e+00 8.668103218078613281e-01 -7.193188071250915527e-01 -9.938800334930419922e-01 7.959364056587219238e-01 -1.064002990722656250e+00 1.469037294387817383e+00
3.394560515880584717e-01 -7.119477391242980957e-01 3.008113384246826172e+00 -1.351351588964462280e-01 -1.061435103416442871e+00 6.171024441719055176e-01 -8.555889725685119629e-01 1.066934466361999512e+00
4.457893669605255127e-01 4.110646247863769531e-01 -2.326808124780654907e-01 1.021070957183837891e+00 -8.532534837722778320e-01 1.431178152561187744e-01 -1.039261341094970703e+00 1.247041702270507812e+00
4.915039241313934326e-01 -7.708113193511962891e-01 -7.601642012596130371e-01 9.488373994827270508e-01 8.701461553573608398e-01 -1.037099003791809082e+00 -2.324069440364837646e-01 -2.273673564195632935e-01
-2.958619594573974609e-01 8.086321353912353516e-01 -3.073143064975738525e-01 -4.825826287269592285e-01 -6.794846057891845703e-02 -4.862379133701324463e-01 9.500257372856140137e-01 6.655426025390625000e-01
5.174706578254699707e-01 -1.587904095649719238e+00 1.662852615118026733e-01 1.013499617576599121e+00 -1.978219509124755859e+00 1.072360202670097351e-01 -7.735601067543029785e-01 2.382526636123657227e+00
-9.477383494377136230e-01 -8.914552927017211914e-01 1.766991376876831055e+00 -1.413909196853637695e+00 1.759992241859436035e+00 -8.021580576896667480e-01 -2.985413670539855957e-01 1.817837238311767578e+00
6.503741741180419922e-01 -1.689158558845520020e+00 -2.895068228244781494e-01 -1.442735671997070312e+00 -2.608245313167572021e-01 -8.296466469764709473e-01 -2.290928602218627930e+00 5.039274692535400391e-01
-1.279725551605224609e+00 2.535446882247924805e+00 -1.386689096689224243e-01 1.530761003494262695e+00 -6.165168881416320801e-01 -3.121234774589538574e-01 -6.901193857192993164e-01 8.424995541572570801e-01
-2.060399532318115234e+00 -6.147725135087966919e-02 1.272843629121780396e-01 -2.845265567302703857e-01 6.558122038841247559e-01 7.686282396316528320e-01 -8.241636753082275391e-01 9.757088869810104370e-02
7.785559892654418945e-01 7.181999683380126953e-01 -8.282477855682373047e-01 7.864704132080078125e-01 -1.114304184913635254e+00 1.979488283395767212e-01 -1.211300969123840332e+00 -6.176247000694274902e-01
-5.667390823364257812e-01 9.321081638336181641e-01 1.334203600883483887e+00 -4.988578855991363525e-01 1.283645391464233398e+00 -1.005458950996398926e+00 9.555011987686157227e-01 1.159900307655334473e+00
3.097902536392211914e-01 2.339933633804321289e+00 5.259212255477905273e-01 -4.067453742027282715e-01 1.921517401933670044e-01 3.369536697864532471e-01 -1.495028853416442871e+00 -1.024207830429077148e+00
-5.449179410934448242e-01 1.601583659648895264e-01 3.593023717403411865e-01 5.347546339035034180e-01 1.645325571298599243e-01 -6.153056025505065918e-01 8.445144891738891602e-01 -1.668172955513000488e+00
3.698110282421112061e-01 -5.641484856605529785e-01 -2.718594968318939209e-01 -1.033475875854492188e+00 3.740841388702392578e+00 -4.814419448375701904e-01 -9.201307296752929688e-01 1.410066008567810059e+00
6.550018191337585449e-01 6.376916766166687012e-01 -2.732109725475311279e-01 -1.309813857078552246e+00 -1.097436785697937012e+00 1.228552088141441345e-01 -7.433440089225769043e-01 -5.480074286460876465e-01
-8.811924457550048828e-01 1.229745030403137207e+00 -1.885144710540771484e+00 4.195289909839630127e-01 -6.657178997993469238e-01 1.812160015106201172e+00 -3.397403657436370850e-01 -4.982168674468994141e-01
7.027349472045898438e-01 -2.067629337310791016e+00 4.320157319307327271e-02 -1.066954731941223145e+00 1.257495284080505371e+00 7.867924869060516357e-02 -1.986137747764587402e+00 -1.527980923652648926e+00
-3.438905477523803711e-01 1.143019080162048340e+00 1.337212681770324707e+00 -8.554476499557495117e-01 1.775971770286560059e+00 -1.097224473953247070e+00 4.734486341476440430e-01 -3.224590301513671875e+00
8.051908612251281738e-01 -2.143876254558563232e-01 -2.064311876893043518e-02 -8.044894933700561523e-01 3.234395682811737061e-01 -1.643857002258300781e+00 -1.984374374151229858e-01 -2.296715497970581055e+00
-6.447842121124267578e-01 2.266514487564563751e-02 -9.317473769187927246e-01 4.563138186931610107e-01 -1.609127283096313477e+00 1.254216074943542480e+00 -8.844237923622131348e-01 4.178145825862884521e-01
-5.899789929389953613e-01 1.215927124023437500e+00 -1.005653023719787598e+00 1.095546126365661621e+00 -8.327504396438598633e-01 8.801211714744567871e-01 -1.144520521163940430e+00 -1.290632247924804688e+00
1.133381485939025879e+00 5.095058083534240723e-01 -3.413823246955871582e-02 -4.919973313808441162e-01 1.999450564384460449e+00 4.601238965988159180e-01 9.111630916595458984e-01 -1.037159204483032227e+00
-6.514329314231872559e-01 6.730877608060836792e-02 5.039734244346618652e-01 -2.436399757862091064e-01 1.183759689331054688e+00 2.535548210144042969e+00 -3.654305934906005859e-01 9.802355170249938965e-01
-2.903732657432556152e-01 -1.311293959617614746e+00 -4.196367859840393066e-01 2.851403057575225830e-01 1.103934288024902344e+00 9.486078619956970215e-01 2.760830223560333252e-01 -2.309826612472534180e-01
-1.549491524696350098e+00 -7.462462410330772400e-03 2.788750827312469482e-01 -5.290809869766235352e-01 -9.088376164436340332e-02 1.180268764495849609e+00 2.019847333431243896e-01 -2.311205565929412842e-01
-8.198492527008056641e-01 -1.691587090492248535e+00 -6.763548851013183594e-01 -1.097039937973022461e+00 4.479861557483673096e-01 8.531833887100219727e-01 -4.873994886875152588e-01 -5.542021989822387695e-02
-1.189087271690368652e+00 -7.147075533866882324e-01 -5.803579688072204590e-01 -2.294913083314895630e-01 -1.065077543258666992e+00 -1.585680246353149414e+00 1.542095541954040527e+00 -1.242229938507080078e+00
6.600117683410644531e-01 -3.880611360073089600e-01 -1.768518209457397461e+00 -3.878851830959320068e-01 -1.206623077392578125e+00 9.651755690574645996e-01 9.255231618881225586e-01 -3.032377243041992188e+00
-1.013257265090942383e+00 -1.262324769049882889e-02 -3.401306271553039551e-01 -1.636446714401245117e-01 -1.650242805480957031e-01 1.288572140038013458e-02 -4.217241108417510986e-01 -3.196785151958465576e-01
-5.817703604698181152e-01 1.637744665145874023e+00 1.701240539550781250e+00 2.236511707305908203e+00 -1.190979361534118652e+00 8.418397307395935059e-01 -4.252436161041259766e-01 -1.984684467315673828e+00
-8.562275022268295288e-02 -7.416214942932128906e-01 -6.582670211791992188e-01 4.694534838199615479e-01 2.358134686946868896e-01 7.291681170463562012e-01 -4.832120835781097412e-01 -1.359850615262985229e-01
-6.572951078414916992e-01 -1.210057139396667480e+00 2.315874211490154266e-02 2.003785133361816406e+00 -8.483111858367919922e-01 8.507096767425537109e-02 4.929989278316497803e-01 -1.228508114814758301e+00
1.696051359176635742e+00 -8.572335839271545410e-01 1.416734337806701660e+00 9.760942459106445312e-01 4.539767396636307240e-04 2.013668119907379150e-01 -4.558595418930053711e-01 -7.686523795127868652e-01
-4.279594123363494873e-01 7.873080968856811523e-01 -6.978487968444824219e-01 -1.074792742729187012e+00 -1.556131482124328613e+00 -6.990877389907836914e-01 -2.135487049818038940e-01 8.453353494405746460e-02
6.508355140686035156e-01 1.222844481468200684e+00 5.985531490296125412e-03 1.277048110961914062e+00 2.222215980291366577e-01 1.450549960136413574e+00 -1.697979569435119629e+00 -8.315762877464294434e-02
-4.213336706161499023e-01 7.054576873779296875e-01 -1.531079262495040894e-01 -2.019314765930175781e-01 4.289884865283966064e-01 1.513908803462982178e-01 -2.945707738399505615e-01 -5.988678932189941406e-01
-1.008162498474121094e+00 -1.341261029243469238e+00 7.689911127090454102e-01 1.417942643165588379e-01 -1.920750830322504044e-03 4.148963466286659241e-02 5.061735510826110840e-01 -1.402023792266845703e+00
-9.038522243499755859e-01 1.738782823085784912e-01 4.768419265747070312e-01 4.333317577838897705e-01 2.483673542737960815e-01 -1.447459936141967773e+00 1.077180281281471252e-01 -1.401625871658325195e-01
-1.382697939872741699e+00 1.201133131980895996e+00 9.248061776161193848e-01 -1.844605207443237305e-01 -2.127706855535507202e-01 1.407462000846862793e+00 1.392659783363342285e+00 4.372304379940032959e-01
-2.608501672744750977e+00 -8.776090145111083984e-01 4.174349009990692139e-01 -2.312218904495239258e+00 -9.706211090087890625e-02 1.945437312126159668e+00 2.898499369621276855e-01 1.548311471939086914e+00
2.471539735794067383e+00 8.415337800979614258e-01 -1.853337287902832031e+00 5.481387972831726074e-01 -1.663121700286865234e+00 4.592496752738952637e-01 -1.195842623710632324e+00 5.047485232353210449e-01
5.060881972312927246e-01 9.877975583076477051e-01 -8.095545172691345215e-01 1.197309419512748718e-01 1.489480853080749512e+00 -3.710200786590576172e-01 5.896450281143188477e-01 -8.909401893615722656e-01
-1.423115134239196777e+00 -3.258325457572937012e-01 -6.189454197883605957e-01 -3.854203820228576660e-01 2.048539221286773682e-01 -8.916547298431396484e-01 1.435534834861755371e+00 -1.162041783332824707e+00
-6.061923503875732422e-01 2.969133853912353516e-01 1.375339746475219727e+00 -4.308956861495971680e-01 5.955626964569091797e-01 1.635065823793411255e-01 -5.427893400192260742e-01 -4.732211232185363770e-01
-5.789349675178527832e-01 1.677110075950622559e+00 -4.780849218368530273e-01 -1.454493641853332520e+00 2.206319570541381836e-01 5.873064696788787842e-02 1.326784253120422363e+00 -1.477756500244140625e-01
-2.832278907299041748e-01 -2.263492345809936523e+00 -2.053549140691757202e-01 -1.960009783506393433e-01 8.929429650306701660e-01 -2.585089504718780518e-01 -6.104519963264465332e-01 -3.726473748683929443e-01
1.645124435424804688e+00 -9.079715609550476074e-01 -3.733002841472625732e-01 -6.614009737968444824e-01 4.896033406257629395e-01 -6.443825960159301758e-01 7.290615439414978027e-01 -2.076371192932128906e+00
2.375901222229003906e+00 -5.462104827165603638e-02 6.019329428672790527e-01 2.836309373378753662e-01 2.063294410705566406e+00 4.834178090095520020e-01 -3.703005611896514893e-01 -5.099119618535041809e-02
1.793402791023254395e+00 -3.656678795814514160e-01 7.030610442161560059e-01 2.378309249877929688e+00 -5.925057530403137207e-01 8.367233872413635254e-01 -1.204685211181640625e+00 -8.681614398956298828e-01
2.356582880020141602e+00 1.063447833061218262e+00 -4.697929620742797852e-01 1.259176880121231079e-01 6.119740605354309082e-01 2.499451875686645508e+00 -5.299019217491149902e-01 -6.804801821708679199e-01
1.877197027206420898e+00 -5.586135387420654297e-01 4.963256418704986572e-01 -2.715221345424652100e-01 3.148494958877563477e-01 1.273700833320617676e+00 -7.297194600105285645e-01 2.307227849960327148e+00
-5.562725663185119629e-01 -7.040447592735290527e-01 1.062571883201599121e+00 9.290267825126647949e-01 -1.386629790067672729e-01 1.084776639938354492e+00 -1.496584434062242508e-02 -5.007258802652359009e-02
-5.191468000411987305e-01 -2.910757064819335938e+00 -1.385053634643554688e+00 -5.056576132774353027e-01 1.826144695281982422e+00 -5.809977054595947266e-01 -1.398440101183950901e-03 -7.112899422645568848e-01
-1.087673977017402649e-01 -1.689156591892242432e-01 1.271648764610290527e+00 1.982590407133102417e-01 -1.913134194910526276e-02 2.431825399398803711e-01 -3.440682962536811829e-02 -4.773833155632019043e-01
-1.787482947111129761e-01 -5.473096966743469238e-01 -7.383348345756530762e-01 1.891458332538604736e-01 7.595712542533874512e-01 8.126886487007141113e-01 -9.215055704116821289e-01 1.300099611282348633e+00
3.681922852993011475e-01 2.798688411712646484e+00 -1.960392117500305176e+00 9.675229787826538086e-01 -6.700921058654785156e-02 8.286155760288238525e-02 1.884379029273986816e+00 -9.533194899559020996e-01
-1.212652027606964111e-01 -2.831392884254455566e-01 -8.637118339538574219e-01 1.327670097351074219e+00 1.184406518936157227e+00 1.514510214328765869e-01 1.127379611134529114e-01 9.398426413536071777e-01
1.671454548835754395e+00 4.475972354412078857e-01 4.555070996284484863e-01 -1.223516941070556641e+00 5.631860345602035522e-02 7.989857792854309082e-01 1.805482745170593262e+00 -1.509799122810363770e+00
1.320122778415679932e-01 -8.000987768173217773e-01 6.301507353782653809e-01 1.239128232002258301e+00 5.073157325387001038e-02 1.462634801864624023e-01 -4.622240662574768066e-01 8.261749148368835449e-01
-2.423784583806991577e-01 5.523561239242553711e-01 -4.080934226512908936e-01 1.375908017158508301e+00 -7.544512152671813965e-01 5.659453272819519043e-01 1.846073746681213379e+00 -9.413662552833557129e-02
2.464962244033813477e+00 6.686623692512512207e-01 -6.548318266868591309e-01 -7.625907659530639648e-03 -1.354266703128814697e-01 1.379480004310607910e+00 -7.511652112007141113e-01 5.942341685295104980e-01
-4.877202808856964111e-01 -4.558449685573577881e-01 -2.490518093109130859e-01 9.797633439302444458e-02 -8.020047545433044434e-01 1.275724470615386963e-01 -4.323085248470306396e-01 1.224631190299987793e+00
1.326426982879638672e+00 -1.476228088140487671e-01 1.796248197555541992e+00 -2.425052523612976074e-01 2.240903854370117188e+00 5.231480002403259277e-01 1.329257488250732422e+00 3.056927621364593506e-01
-1.111278772354125977e+00 -4.538425505161285400e-01 -1.945926189422607422e+00 1.893303036689758301e+00 -1.943463832139968872e-01 -6.434127092361450195e-01 1.389889359474182129e+00 1.397920012474060059e+00
7.673238962888717651e-02 -9.508476257324218750e-01 -1.875039339065551758e-01 -1.036438047885894775e-01 2.609731629490852356e-03 -6.561085581779479980e-01 -1.130107522010803223e+00 2.070617377758026123e-01
-4.014950096607208252e-01 -1.519002199172973633e+00 -7.600627541542053223e-01 -4.415672421455383301e-01 -1.505465030670166016e+00 -3.650518953800201416e-01 1.698292016983032227e+00 -3.016396760940551758e-01
-1.019599795341491699e+00 1.005036115646362305e+00 6.449494957923889160e-01 1.625971436500549316e+00 -8.187963962554931641e-01 -1.205384731292724609e+00 -4.734942913055419922e-01 2.123821496963500977e+00
-3.085701167583465576e-01 1.284954905509948730e+00 5.066836476325988770e-01 6.365876793861389160e-01 -8.342469334602355957e-01 4.647414088249206543e-01 -8.644160628318786621e-01 -6.457554101943969727e-01
-1.125207304954528809e+00 -6.141670942306518555e-01 -2.780471146106719971e-01 1.423305749893188477e+00 -5.891523957252502441e-01 7.598422765731811523e-01 9.676113724708557129e-01 9.879627823829650879e-01
2.304408103227615356e-01 -8.649216890335083008e-01 -4.182986319065093994e-01 -3.432267531752586365e-02 1.222994089126586914e+00 -8.484637141227722168e-01 -1.440895318984985352e+00 -5.823044776916503906e-01
-1.094237491488456726e-01 1.706671118736267090e+00 1.014814734458923340e+00 -1.762586355209350586e+00 1.624909996986389160e+00 -9.581433236598968506e-02 6.903674602508544922e-01 -3.067725658416748047e+00
3.217331692576408386e-02 8.968125581741333008e-01 -4.351621270179748535e-01 -8.973256349563598633e-01 -3.062160015106201172e-01 -2.363072156906127930e+00 9.660904109477996826e-02 1.328016996383666992e+00
-1.378574728965759277e+00 2.882214188575744629e-01 3.554732501506805420e-01 -1.119843032211065292e-02 -2.206705331802368164e+00 1.184136494994163513e-01 -4.368481934070587158e-01 2.330338716506958008e+00
3.074722588062286377e-01 2.122519731521606445e+00 5.979337915778160095e-02 -1.074404001235961914e+00 -1.848958730697631836e+00 -6.505250185728073120e-02 1.573248505592346191e+00 -1.069622278213500977e+00
-6.453953981399536133e-01 5.148073434829711914e-01 9.239705801010131836e-01 -1.455562591552734375e+00 5.531933903694152832e-01 -7.360073328018188477e-01 4.436995983123779297e-01 5.667013525962829590e-01
-7.737794518470764160e-01 7.603176832199096680e-01 -7.187597155570983887e-01 9.316284656524658203e-01 1.805347681045532227e+00 8.391004800796508789e-01 8.830760121345520020e-01 -8.409602046012878418e-01
1.211656093597412109e+00 1.612278103828430176e+00 -1.239110469818115234e+00 -1.417647361755371094e+00 4.979461729526519775e-01 -7.597811818122863770e-01 4.751443862915039062e-01 9.620687961578369141e-01
-6.097874045372009277e-01 3.363488316535949707e-01 -5.389246940612792969e-01 9.208020567893981934e-01 -4.192379713058471680e-01 1.536104977130889893e-01 -8.651027083396911621e-01 -1.430671930313110352e+00
5.953423976898193359e-01 -1.612270325422286987e-01 5.268734693527221680e-01 1.154462575912475586e+00 -2.952719449996948242e+00 -1.242029592394828796e-01 6.568681597709655762e-01 -5.202933549880981445e-01
1.979161143302917480e+00 -1.126848101615905762e+00 -3.445767462253570557e-01 -2.860302329063415527e-01 1.133176922798156738e+00 2.837194502353668213e-01 3.944519758224487305e-01 2.667587697505950928e-01
1.185306668281555176e+00 5.952116250991821289e-01 5.189828872680664062e-01 -2.167480140924453735e-01 1.031366229057312012e+00 4.295910298824310303e-01 -9.203284233808517456e-02 1.462344646453857422e+00
3.087624013423919678e-01 -1.338532269001007080e-01 5.170565247535705566e-01 -6.692332029342651367e-01 1.033844891935586929e-02 6.486320495605468750e-01 2.199209183454513550e-01 2.023445814847946167e-01
-6.460395455360412598e-01 1.591341495513916016e+00 -1.264106512069702148e+00 -1.069457232952117920e-01 -1.020972490310668945e+00 9.584918022155761719e-01 7.197657227516174316e-01 -3.561184555292129517e-02
3.056776225566864014e-01 -1.470372080802917480e+00 7.410476207733154297e-01 1.187093138694763184e+00 -6.197183728218078613e-01 -1.566617369651794434e+00 -3.042927756905555725e-02 8.750092983245849609e-01
-8.810998797416687012e-01 3.391764760017395020e-01 2.800777554512023926e-01 -1.916056513786315918e+00 9.268270730972290039e-01 4.312603771686553955e-01 1.508830189704895020e+00 -1.078569650650024414e+00
-1.088987827301025391e+00 8.313115239143371582e-01 4.997120797634124756e-01 8.994135856628417969e-01 1.837271332740783691e+00 4.319444000720977783e-01 5.146573111414909363e-02 3.038956820964813232e-01
-2.068591117858886719e+00 7.790635228157043457e-01 -1.324520707130432129e+00 -1.496844887733459473e-01 2.290250509977340698e-01 3.082330226898193359e-01 -9.992854595184326172e-01 -1.482105493545532227e+00
1.299062967300415039e+00 1.701971173286437988e+00 -9.137243628501892090e-01 3.092333972454071045e-01 4.868094921112060547e-01 -7.973160743713378906e-01 -3.330731689929962158e-01 -5.823187828063964844e-01
-4.275570437312126160e-02 -4.267345964908599854e-01 -6.306580305099487305e-01 -1.320258736610412598e+00 2.339631766080856323e-01 -1.254985779523849487e-01 1.085583567619323730e+00 1.017348051071166992e+00
7.972390651702880859e-01 -5.913097858428955078e-01 -2.066322565078735352e+00 1.534650623798370361e-01 -2.477898150682449341e-01 2.217762470245361328e-01 1.123098850250244141e+00 -8.237473964691162109e-01
5.260368585586547852e-01 7.976946420967578888e-03 -6.532663106918334961e-01 5.907399058341979980e-01 -2.778975367546081543e-01 -3.454712778329849243e-02 -1.754883050918579102e+00 1.014273166656494141e-01
-1.230103254318237305e+00 1.554312109947204590e+00 2.421044856309890747e-01 -6.523033976554870605e-01 4.504466429352760315e-02 -7.693385481834411621e-01 -1.818545013666152954e-01 2.013760209083557129e-01
-1.300890326499938965e+00 -1.767874121665954590e+00 1.182285308837890625e+00 -3.559886515140533447e-01 -7.810224294662475586e-01 -1.770787477493286133e+00 -1.170110225677490234e+00 -7.395685315132141113e-01
9.390377402305603027e-01 -2.505911588668823242e-01 -5.497327446937561035e-01 2.013832330703735352e-01 1.169978857040405273e+00 9.597001671791076660e-01 -1.539637565612792969e+00 -1.547824889421463013e-01
-6.094954013824462891e-01 -4.078773558139801025e-01 1.394768238067626953e+00 2.129082918167114258e+00 -5.449187159538269043e-01 7.836644053459167480e-01 1.140505433082580566e+00 -5.937991738319396973e-01
1.149537324905395508e+00 8.717047572135925293e-01 1.455234646797180176e+00 -6.444669365882873535e-01 4.460853040218353271e-01 1.452814698219299316e+00 -4.178363457322120667e-02 -5.381222963333129883e-01
-1.337785601615905762e+00 6.886241436004638672e-01 5.446900129318237305e-01 -7.331860810518264771e-02 -6.957716941833496094e-01 -7.352895736694335938e-01 -8.260539174079895020e-01 1.536615490913391113e+00
2.017878927290439606e-02 -4.101972579956054688e-01 5.390366911888122559e-01 1.695132374763488770e+00 -1.258131265640258789e+00 8.652511835098266602e-01 6.845251321792602539e-01 -8.799938112497329712e-02
-6.561089754104614258e-01 -1.213256359100341797e+00 -8.239796161651611328e-01 -8.761529326438903809e-01 -2.705609500408172607e-01 -8.340568542480468750e-01 1.322166919708251953e+00 -4.224331080913543701e-01
3.014432191848754883e-01 -4.993574023246765137e-01 3.951800763607025146e-01 2.309178411960601807e-01 3.484309017658233643e-01 5.963948369026184082e-01 1.460263371467590332e+00 2.098969221115112305e+00
1.621285796165466309e+00 -8.088054656982421875e-01 -1.130064129829406738e+00 9.705142378807067871e-01 1.979418098926544189e-01 -2.028787285089492798e-01 9.354353547096252441e-01 1.358870744705200195e+00
6.148511767387390137e-01 -9.446805119514465332e-01 3.844063282012939453e-01 1.298989176750183105e+00 -1.357667706906795502e-02 -1.052672028541564941e+00 1.365558624267578125e+00 2.098572850227355957e-01
5.963065102696418762e-02 -1.618218302726745605e+00 -5.571175217628479004e-01 -5.721546411514282227e-01 9.906102418899536133e-01 -6.185006499290466309e-01 -1.046268701553344727e+00 8.457469344139099121e-01
-3.862795829772949219e-01 5.855383872985839844e-01 -2.786851860582828522e-02 1.210954189300537109e+00 -8.318294882774353027e-01 -1.351829916238784790e-01 8.493543416261672974e-02 -1.011649012565612793e+00
7.925561815500259399e-02 -2.918232977390289307e-01 6.402732133865356445e-01 -1.525711774826049805e+00 1.521197199821472168e+00 -1.547518968582153320e+00 5.426485538482666016e-01 -1.863342672586441040e-01
1.205824315547943115e-01 2.426042258739471436e-01 -1.765451282262802124e-01 -2.458506822586059570e+00 6.331023573875427246e-01 3.834038674831390381e-01 1.517828822135925293e+00 2.418257892131805420e-01
-7.334908246994018555e-01 5.890660285949707031e-01 2.320031523704528809e-01 -3.333717882633209229e-01 -7.869770377874374390e-02 2.453874588012695312e+00 -8.612042069435119629e-01 7.114335298538208008e-01
6.284845471382141113e-01 -2.311034798622131348e-01 -1.162827610969543457e+00 5.777533650398254395e-01 -1.920153945684432983e-02 6.433265209197998047e-01 -3.112438321113586426e-01 -4.396195709705352783e-02
1.729351282119750977e-01 -4.702728986740112305e-01 1.507241368293762207e+00 1.941798925399780273e+00 2.803539931774139404e-01 -1.264756679534912109e+00 -5.815297365188598633e-01 -7.830598950386047363e-01
-1.501159906387329102e+00 -1.041926860809326172e+00 -1.322696924209594727e+00 2.239166259765625000e+00 -1.336385130882263184e+00 8.204348087310791016e-01 -4.780643582344055176e-01 1.527768611907958984e+00
-4.356645345687866211e-01 -1.504853367805480957e-01 -2.108422219753265381e-01 -7.128713279962539673e-02 -9.389426112174987793e-01 6.410173177719116211e-01 -1.806552857160568237e-01 -2.696035385131835938e+00
7.547698020935058594e-01 5.412903428077697754e-01 -1.392174720764160156e+00 1.209825575351715088e-01 2.290885895490646362e-01 -5.971421003341674805e-01 1.007782459259033203e+00 -3.520995974540710449e-01
6.366342902183532715e-01 4.990299046039581299e-01 -1.554238438606262207e+00 1.327279806137084961e+00 -5.084305405616760254e-01 -5.600445866584777832e-01 1.159502267837524414e+00 6.425420045852661133e-01
-5.842704176902770996e-01 4.745430350303649902e-01 2.209382772445678711e+00 3.324150294065475464e-02 3.181440830230712891e+00 6.221287250518798828e-01 -9.924818873405456543e-01 7.684343308210372925e-02
-6.054483056068420410e-01 8.405116200447082520e-02 7.309141755104064941e-01 1.943446546792984009e-01 1.751564383506774902e+00 -3.526332080364227295e-01 2.018377780914306641e+00 -2.748272716999053955e-01
-1.133702278137207031e+00 4.716540873050689697e-01 6.956261396408081055e-01 2.041236639022827148e+00 -1.293646454811096191e+00 -4.938586652278900146e-01 -3.745075464248657227e-01 -1.634917259216308594e+00
-3.320555090904235840e-01 -5.472251176834106445e-01 -3.007430732250213623e-01 1.464773774147033691e+00 7.933578491210937500e-01 4.162927865982055664e-01 -1.402323842048645020e-01 -2.067312896251678467e-01
-1.446315459907054901e-02 2.025923013687133789e+00 1.176946043968200684e+00 1.654272526502609253e-01 -3.691012412309646606e-02 -9.873901009559631348e-01 1.412029027938842773e+00 -1.016144990921020508e+00
-1.331155151128768921e-01 -1.392480731010437012e+00 1.779127717018127441e+00 1.724098563194274902e+00 5.141863226890563965e-01 8.703230023384094238e-01 1.094919681549072266e+00 -6.155264377593994141e-01
-6.330109238624572754e-01 -5.121280550956726074e-01 -7.048748135566711426e-01 -6.421316862106323242e-01 -1.133926868438720703e+00 -8.114563226699829102e-01 -5.006071329116821289e-01 7.840831875801086426e-01
3.194751739501953125e-01 7.421732544898986816e-01 1.772775202989578247e-01 -1.742242932319641113e+00 -7.153627872467041016e-01 -2.427970647811889648e+00 9.571205079555511475e-02 1.775452017784118652e+00
2.922727167606353760e-01 2.200027704238891602e+00 -4.838500916957855225e-02 -1.023929238319396973e+00 -7.548470497131347656e-01 -4.967872500419616699e-01 1.199208050966262817e-01 -1.031182035803794861e-01
-5.096029043197631836e-01 5.937696695327758789e-01 -1.199383854866027832e+00 -8.037353157997131348e-01 -6.800807714462280273e-01 -7.832587957382202148e-01 -1.309094429016113281e-01 2.211999893188476562e+00
1.026160478591918945e+00 -3.183504045009613037e-01 -1.413926243782043457e+00 8.226252198219299316e-01 -2.295906990766525269e-01 -1.071726679801940918e-01 6.170930713415145874e-02 -1.077568054199218750e+00
-1.102211833000183105e+00 -1.703517556190490723e+00 -1.340843558311462402e+00 -1.529970914125442505e-01 -8.768867254257202148e-01 2.342362999916076660e-01 5.658519864082336426e-01 1.110479831695556641e+00
-2.395967096090316772e-01 -1.497586131095886230e+00 -2.299015760421752930e+00 2.657858133316040039e-01 -1.203121066093444824e+00 3.382011055946350098e-01 -6.914259791374206543e-01 4.550731927156448364e-02
-1.087517380714416504e+00 -1.282630085945129395e+00 -7.360035181045532227e-02 -5.125380754470825195e-01 -3.570495247840881348e-01 5.231129527091979980e-01 1.302152872085571289e+00 -1.112458229064941406e+00
-2.241822034120559692e-01 1.275559544563293457e+00 2.717051804065704346e-01 -1.153478026390075684e+00 8.835632354021072388e-02 5.094195008277893066e-01 -1.542053103446960449e+00 2.906241416931152344e-01
8.703349828720092773e-01 9.672580361366271973e-01 3.380185365676879883e-01 8.928483724594116211e-01 -6.921392679214477539e-01 -1.006243944168090820e+00 -6.816191673278808594e-01 -9.589520096778869629e-01
-2.869910597801208496e-01 -2.167220830917358398e+00 5.856010690331459045e-02 -4.067602157592773438e-01 -4.400501549243927002e-01 -1.826493859291076660e+00 1.317193269729614258e+00 5.077639818191528320e-01
-1.554194927215576172e+00 -3.916717767715454102e-01 -6.083977222442626953e-01 1.576274752616882324e+00 -3.003858327865600586e-01 -1.297650694847106934e+00 -2.619845867156982422e-01 -3.250990211963653564e-01
-7.548719644546508789e-01 4.623760282993316650e-01 -8.615341782569885254e-01 1.252714514732360840e+00 -2.951844036579132080e-01 5.076057314872741699e-01 1.226919770240783691e+00 4.131744801998138428e-02
2.702085018157958984e+00 1.400669336318969727e+00 1.320722699165344238e+00 -1.311903595924377441e+00 -7.196265459060668945e-01 -2.496363818645477295e-01 -5.962370038032531738e-01 3.502491414546966553e-01
3.018656373023986816e-01 2.407702058553695679e-01 -1.066424369812011719e+00 -1.605312526226043701e-01 6.856744289398193359e-01 -8.563198894262313843e-02 -1.248053073883056641e+00 -4.419150650501251221e-01
-1.345806002616882324e+00 -1.293582439422607422e+00 4.027324020862579346e-01 -4.569019973278045654e-01 -6.780166625976562500e-01 7.963562756776809692e-02 2.360561192035675049e-01 -2.057827413082122803e-01
-4.167767465114593506e-01 8.118773102760314941e-01 -4.383121132850646973e-01 -4.437934607267379761e-02 -5.979557633399963379e-01 -4.820915460586547852e-01 4.212003350257873535e-01 -6.449877023696899414e-01
3.146720528602600098e-01 -1.115067362785339355e+00 -5.766269564628601074e-01 1.220824360847473145e+00 -1.286949992179870605e+00 -2.955363094806671143e-01 -1.199484586715698242e+00 4.617934823036193848e-01
7.683191299438476562e-01 -5.017142891883850098e-01 1.521795392036437988e+00 -3.232255280017852783e-01 8.234128952026367188e-01 -2.413578629493713379e-01 -1.465178847312927246e+00 -1.171544566750526428e-01
-2.454542815685272217e-01 2.971048057079315186e-01 2.121442109346389771e-01 -1.433959007263183594e+00 4.646570682525634766e-01 -5.506813526153564453e-01 2.135615348815917969e+00 1.850951790809631348e+00
-2.044215679168701172e+00 -1.188243031501770020e+00 2.484373450279235840e-01 -1.220205426216125488e+00 -1.227493047714233398e+00 -1.463263511657714844e+00 -1.604384928941726685e-01 3.855856359004974365e-01
3.524958491325378418e-01 1.257542371749877930e+00 4.319918155670166016e-01 -1.266911149024963379e+00 -8.609921336174011230e-01 1.732691884040832520e+00 -5.030013322830200195e-01 3.133691072463989258e+00
-6.405321955680847168e-01 -5.251273512840270996e-01 -2.033464431762695312e+00 1.459533870220184326e-01 4.371718168258666992e-01 3.313485682010650635e-01 1.176240295171737671e-01 1.482901930809020996e+00
-5.763589143753051758e-01 1.478449583053588867e+00 3.323716819286346436e-01 -2.498146705329418182e-02 3.006612323224544525e-02 4.072261750698089600e-01 5.952687263488769531e-01 -1.224998593330383301e+00
8.104136586189270020e-01 2.701044380664825439e-01 -1.124988675117492676e+00 -5.579217076301574707e-01 -1.020408272743225098e+00 3.934299945831298828e-01 -1.623560786247253418e+00 -5.100440382957458496e-01
6.709157228469848633e-01 1.860893845558166504e+00 -1.290513753890991211e+00 -1.087146282196044922e+00 1.474918246269226074e+00 -1.423948287963867188e+00 -1.505444794893264771e-01 1.161352843046188354e-01
2.505291998386383057e-01 6.455287337303161621e-01 5.012947320938110352e-01 -1.116541028022766113e+00 -5.341278314590454102e-01 5.410161614418029785e-01 1.573773860931396484e+00 -2.490700006484985352e+00
-7.537931203842163086e-01 -2.756129980087280273e+00 -5.455726981163024902e-01 -7.892860770225524902e-01 -7.818572968244552612e-02 1.927202492952346802e-01 2.441658496856689453e+00 -8.949409127235412598e-01
1.485971689224243164e+00 1.049256205558776855e+00 -7.355436086654663086e-01 1.882388949394226074e+00 -8.683913350105285645e-01 1.384909749031066895e-01 1.818697899580001831e-01 6.435539126396179199e-01
-1.736957430839538574e-01 6.292662024497985840e-01 1.050673604011535645e+00 6.055234074592590332e-01 9.909087419509887695e-02 -8.779613971710205078e-01 -6.960821151733398438e-02 1.420378237962722778e-01
-9.523966908454895020e-01 -6.257556676864624023e-01 2.172302007675170898e+00 -1.571381926536560059e+00 -6.010482311248779297e-01 3.164227306842803955e-01 -6.059193611145019531e-01 -7.639890909194946289e-01
-5.515228509902954102e-01 -5.668580532073974609e-01 -3.582547903060913086e-01 6.502025574445724487e-02 -5.333986282348632812e-01 1.005455970764160156e+00 -5.004913806915283203e-01 2.118623971939086914e+00
-2.111188918352127075e-01 -1.029497012495994568e-01 1.349756479263305664e+00 -1.667483001947402954e-01 -1.003883600234985352e+00 -2.124165594577789307e-01 -1.208171486854553223e+00 -3.228959813714027405e-02
3.821420669555664062e-01 -1.246812462806701660e+00 -9.408093690872192383e-01 5.179536342620849609e-01 5.046276450157165527e-01 1.255638122558593750e+00 2.882617712020874023e-01 1.849696338176727295e-01
-6.073975563049316406e-01 -4.939325749874114990e-01 4.203139543533325195e-01 -9.741789698600769043e-01 -9.834392070770263672e-01 5.822343230247497559e-01 -5.623393058776855469e-01 1.275440812110900879e+00
-2.032771587371826172e+00 -5.346361994743347168e-01 1.421169161796569824e+00 3.020648360252380371e-01 -2.093039512634277344e+00 -7.470507621765136719e-01 -1.886728644371032715e+00 5.105438232421875000e-01
-1.044277071952819824e+00 1.899976015090942383e+00 1.120774507522583008e+00 4.137016832828521729e-02 8.404620885848999023e-01 1.447489261627197266e+00 3.280587196350097656e-01 7.335137724876403809e-01
-1.157093048095703125e+00 -1.280516833066940308e-01 2.153317779302597046e-01 1.599227339029312134e-01 1.509026139974594116e-01 -4.934781789779663086e-01 9.137138724327087402e-01 -6.472235321998596191e-01
4.605479240417480469e-01 1.159988760948181152e+00 2.989111542701721191e-01 4.497157335281372070e-01 -1.092252612113952637e+00 -5.069867372512817383e-01 -3.335943520069122314e-01 7.533253431320190430e-01
-7.749518007040023804e-02 1.004240632057189941e+00 4.676608741283416748e-01 -7.274132966995239258e-01 -1.245557069778442383e+00 -7.432141900062561035e-01 -1.485184878110885620e-01 2.167171001434326172e+00
-8.575891852378845215e-01 1.717173457145690918e-01 1.268767356872558594e+00 -6.667932271957397461e-01 1.766649603843688965e+00 1.323848217725753784e-01 3.244846165180206299e-01 -2.590329051017761230e-01
8.426407575607299805e-01 -5.324938297271728516e-01 -2.957370877265930176e-01 -8.149288296699523926e-01 -5.295965075492858887e-01 9.315952062606811523e-01 -8.398662209510803223e-01 2.470368623733520508e+00
8.507775068283081055e-01 -1.114971518516540527e+00 1.870681524276733398e+00 -1.292834639549255371e+00 -6.654575467109680176e-01 -1.248113274574279785e+00 1.252536535263061523e+00 -2.309569358825683594e+00
5.105798244476318359e-01 -2.023965418338775635e-01 1.374546885490417480e+00 2.541861832141876221e-01 -4.899225831031799316e-01 2.069984972476959229e-01 6.711531281471252441e-01 -6.178912520408630371e-01
-9.160810150206089020e-03 6.504957675933837891e-01 -7.510183453559875488e-01 3.622021675109863281e-01 1.070393100380897522e-01 -3.233042478561401367e+00 1.411842465400695801e+00 6.688707470893859863e-01
1.119405388832092285e+00 6.719810366630554199e-01 -4.198645651340484619e-01 1.634362339973449707e+00 -9.357464909553527832e-01 1.277328610420227051e+00 7.085829377174377441e-01 4.842693507671356201e-01
7.580229043960571289e-01 -8.344225287437438965e-01 2.095311641693115234e+00 -1.400578975677490234e+00 -1.330345392227172852e+00 -7.899572849273681641e-01 3.723999857902526855e-01 5.311782360076904297e-01
-6.139960289001464844e-01 -1.037054777145385742e+00 -3.031369149684906006e-01 8.617665767669677734e-01 1.387891471385955811e-01 -6.207657456398010254e-01 -7.633525412529706955e-03 -8.925710320472717285e-01
-2.867973446846008301e-01 8.393688797950744629e-01 1.168351992964744568e-02 1.724991798400878906e+00 -6.073461771011352539e-01 6.271048784255981445e-01 -1.604111671447753906e+00 -5.091606974601745605e-01
-1.391838312149047852e+00 -4.274556040763854980e-01 -5.676956772804260254e-01 1.633479356765747070e+00 1.011185884475708008e+00 -2.511944174766540527e-01 5.728979110717773438e-01 9.280064702033996582e-01
-9.279474020004272461e-01 2.451849460601806641e+00 3.021926581859588623e-01 -8.702430129051208496e-01 9.750336408615112305e-01 1.072012305259704590e+00 -6.581907272338867188e-01 6.721625924110412598e-01
-8.895941376686096191e-01 6.741839647293090820e-01 4.775380194187164307e-01 -1.000675439834594727e+00 -4.953396022319793701e-01 -1.841482996940612793e+00 -2.868896126747131348e-01 2.220218777656555176e-01
4.043358564376831055e-01 -4.449568390846252441e-01 1.996692538261413574e+00 1.451851963996887207e+00 -4.800917804241180420e-01 -7.248424887657165527e-01 1.991449743509292603e-01 2.568956017494201660e-01
1.456709623336791992e+00 -1.315044999122619629e+00 -6.760436296463012695e-01 2.120299816131591797e+00 8.571282029151916504e-01 1.117241978645324707e+00 -5.273594260215759277e-01 5.810382366180419922e-01
-6.777252256870269775e-02 -1.619883626699447632e-01 6.087004542350769043e-01 -4.739437103271484375e-01 -5.229467749595642090e-01 8.848672509193420410e-01 -8.946104645729064941e-01 -2.676129937171936035e-01
1.253400325775146484e+00 -5.737961530685424805e-01 -4.220385253429412842e-01 -7.105745375156402588e-02 9.648802876472473145e-01 1.331635564565658569e-01 7.481696605682373047e-01 5.156651139259338379e-01
9.946711659431457520e-01 -1.145103216171264648e+00 -4.114522933959960938e-01 -5.008330941200256348e-02 -6.204643845558166504e-01 -1.598049998283386230e+00 -1.735117435455322266e-01 1.226946234703063965e+00
3.475512564182281494e-01 3.362791836261749268e-01 -7.189590930938720703e-01 -1.512291193008422852e+00 2.120843648910522461e+00 -1.804781079292297363e+00 2.157516330480575562e-01 -7.165418267250061035e-01
1.581638753414154053e-01 1.224392533302307129e+00 1.282313227653503418e+00 -9.382411241531372070e-01 -2.480718135833740234e+00 -1.078617215156555176e+00 -6.211752891540527344e-01 -3.298501968383789062e-01
-4.381235241889953613e-01 3.244175612926483154e-01 1.789487957954406738e+00 -1.933191657066345215e+00 -7.364189624786376953e-01 -8.129063248634338379e-01 3.278234899044036865e-01 1.980160176753997803e-01
-1.053045034408569336e+00 -5.397580862045288086e-01 8.194853663444519043e-01 2.268593907356262207e-01 -1.567581295967102051e-01 -9.658006429672241211e-01 4.916610568761825562e-02 1.202928349375724792e-01
-4.510635733604431152e-01 2.148230932652950287e-02 6.473849415779113770e-01 1.389534354209899902e+00 4.732383191585540771e-01 -2.057548284530639648e+00 -6.404965519905090332e-01 -1.771293520927429199e+00
-1.702433973550796509e-01 -7.107722163200378418e-01 1.722711682319641113e+00 1.154510259628295898e+00 -1.048235669732093811e-01 -1.769828915596008301e+00 4.147695899009704590e-01 1.107626557350158691e+00
-2.265282571315765381e-01 -6.282845735549926758e-01 4.357472062110900879e-01 4.600078165531158447e-01 -4.752500355243682861e-01 1.093293905258178711e+00 6.873383522033691406e-01 3.388534486293792725e-01
1.607211589813232422e+00 8.143309950828552246e-01 6.433564424514770508e-01 -9.049075841903686523e-01 -7.655696868896484375e-01 1.407615184783935547e+00 -4.127008914947509766e-01 -2.736060619354248047e-01
1.481333255767822266e+00 -1.606388688087463379e-01 9.100402146577835083e-02 -2.002776414155960083e-01 -9.359731674194335938e-01 2.620529174804687500e+00 -1.897284686565399170e-01 -2.564242124557495117e+00
