1.827236711978912354e-01
-2.023752927780151367e+00
1.178667619824409485e-01
-1.217918276786804199e+00
1.025630712509155273e+00
1.701521635055541992e+00
-3.071506917476654053e-01
-8.245006203651428223e-01
-3.284883499145507812e-02
1.682104110717773438e+00
9.659555554389953613e-01
1.759109377861022949e+00
-3.764591515064239502e-01
-1.084681749343872070e+00
9.793714284896850586e-01
-6.357345581054687500e-01
7.236634492874145508e-01
6.278937458992004395e-01
4.422162771224975586e-01
-9.084178507328033447e-02
-8.090385198593139648e-01
1.316618323326110840e-01
3.719209730625152588e-01
-1.149019896984100342e-01
2.620169818401336670e-01
-1.081751823425292969e+00
8.107270002365112305e-01
-8.230976462364196777e-01
-5.795147418975830078e-01
1.744891881942749023e+00
-7.475891113281250000e-01
5.619393587112426758e-01
8.969403803348541260e-02
1.048217415809631348e+00
-1.936687231063842773e+00
-4.360811710357666016e-01
8.633095026016235352e-02
-1.079509258270263672e+00
2.431406497955322266e+00
-1.880513310432434082e+00
1.617054820060729980e+00
-1.629796385765075684e+00
9.476743340492248535e-01
-6.148605942726135254e-01
-1.192272067070007324e+00
-1.229905128479003906e+00
-1.205257177352905273e+00
-1.252911329269409180e+00
-3.432224392890930176e-01
-3.430163115262985229e-02
-1.332933783531188965e+00
-1.914613246917724609e+00
-4.143198728561401367e-01
-2.783085107803344727e-01
2.801527500152587891e+00
2.416819632053375244e-01
2.498492747545242310e-01
4.393592476844787598e-01
-1.994864702224731445e+00
5.524954199790954590e-01
-1.355255395174026489e-01
-1.095323204994201660e+00
-6.571817398071289062e-01
5.769430398941040039e-01
-8.661364018917083740e-02
1.551755189895629883e+00
2.278734892606735229e-01
-1.893075406551361084e-01
-1.279121518135070801e+00
-3.546087741851806641e-01
-2.824146747589111328e-01
-1.387655258178710938e+00
-1.863352805376052856e-01
1.377443909645080566e+00
8.385965824127197266e-01
6.909025907516479492e-01
-3.901505708694458008e+00
3.352294266223907471e-01
9.900704771280288696e-02
7.101711630821228027e-01
5.075908303260803223e-01
-3.481299877166748047e-01
8.578564524650573730e-01
4.028651118278503418e-01
1.504490256309509277e+00
-1.385821104049682617e+00
6.441023200750350952e-02
-1.899507045745849609e+00
-5.348103642463684082e-01
6.250444650650024414e-01
-1.219476535916328430e-01
3.197277486324310303e-01
-1.167128205299377441e+00
-2.589081227779388428e-02
1.089548349380493164e+00
1.146803274750709534e-01
-3.556960821151733398e-02
3.505437374114990234e-01
2.389700710773468018e-01
1.264905333518981934e+00
-8.772897720336914062e-01
-8.574602007865905762e-01
-6.010806560516357422e-01
-4.480608105659484863e-01
-3.972575068473815918e-01
-7.278442978858947754e-01
-1.134365320205688477e+00
1.277483701705932617e-01
1.720792531967163086e+00
1.271479368209838867e+00
1.600266098976135254e+00
-1.337937831878662109e+00
8.293888717889785767e-02
-3.857426941394805908e-01
-5.108892321586608887e-01
1.757213830947875977e+00
-4.550586640834808350e-01
6.094092726707458496e-01
-2.609264254570007324e-01
1.251981019973754883e+00
9.839786887168884277e-01
-2.289384841918945312e+00
-3.326862752437591553e-01
-9.189814925193786621e-01
-4.438937008380889893e-01
-9.936928153038024902e-01
1.265408515930175781e+00
1.053158760070800781e+00
-1.654146015644073486e-01
-3.738224804401397705e-01
1.846484422683715820e+00
9.654246568679809570e-01
1.940054416656494141e+00
5.018002986907958984e-01
7.772936224937438965e-01
4.544005393981933594e-01
1.160379499197006226e-01
1.095238029956817627e-01
-2.846433162689208984e+00
-6.233167648315429688e-02
-2.421291589736938477e+00
-2.452370971441268921e-01
3.877438306808471680e-01
-1.247586965560913086e+00
-7.717958092689514160e-01
-1.599631428718566895e+00
-1.243020072579383850e-01
5.699136294424533844e-03
-5.209981203079223633e-01
-3.128106594085693359e-01
7.176612615585327148e-01
8.581807017326354980e-01
4.361440837383270264e-01
-1.923283815383911133e+00
1.481755226850509644e-01
-8.429546952247619629e-01
1.225751116871833801e-01
6.092914342880249023e-01
1.351427078247070312e+00
1.873784065246582031e+00
-1.321989059448242188e+00
2.458346039056777954e-01
-1.085563421249389648e+00
-1.405964940786361694e-01
1.384125232696533203e+00
-5.347242355346679688e-01
-1.445518732070922852e+00
2.551830112934112549e-01
1.046201944351196289e+00
-1.239161968231201172e+00
-6.838817596435546875e-01
7.162617444992065430e-01
2.161720752716064453e+00
1.525005847215652466e-01
-8.227734565734863281e-01
-1.449737429618835449e+00
9.909093976020812988e-01
1.126872658729553223e+00
1.377978801727294922e+00
8.951896429061889648e-02
-5.112192034721374512e-01
1.212274789810180664e+00
5.135114770382642746e-03
8.476104140281677246e-01
-1.418360695242881775e-02
7.252203226089477539e-01
1.793808341026306152e-01
-7.590483427047729492e-01
-5.073167085647583008e-01
8.992627859115600586e-01
-1.272773027420043945e+00
-5.841780900955200195e-01
1.171511560678482056e-01
-1.439395308494567871e+00
-1.044907689094543457e+00
-1.315675824880599976e-01
1.542011141777038574e+00
-9.202741980552673340e-01
1.279612302780151367e+00
1.125854372978210449e+00
-1.086642622947692871e+00
-3.913294076919555664e-01
5.822520256042480469e-01
-1.059744477272033691e+00
9.886853396892547607e-02
1.182758331298828125e+00
8.541983366012573242e-01
9.199940562248229980e-01
5.505279302597045898e-01
3.265571966767311096e-02
8.336095213890075684e-01
2.761628031730651855e-01
6.485508084297180176e-01
9.649152755737304688e-01
5.993592739105224609e-01
-4.970632493495941162e-01
-2.038583040237426758e+00
1.220822691917419434e+00
-1.064783483743667603e-01
8.432420492172241211e-01
1.502078175544738770e+00
-2.994191832840442657e-02
4.432169198989868164e-01
4.566679298877716064e-01
7.128908038139343262e-01
1.058026313781738281e+00
8.625578880310058594e-01
1.773993849754333496e+00
1.476090312004089355e+00
-1.397049903869628906e+00
7.457614690065383911e-02
-5.356357097625732422e-01
-5.108591318130493164e-01
-1.325269639492034912e-01
9.297683835029602051e-01
1.231307625770568848e+00
-2.512881994247436523e+00
-9.926015138626098633e-01
7.528723478317260742e-01
-1.150837302207946777e+00
1.839940994977951050e-01
-1.789978146553039551e+00
-1.199064850807189941e+00
1.769816756248474121e+00
5.392274260520935059e-01
-1.242006540298461914e+00
4.063169658184051514e-01
-2.152833938598632812e+00
2.152166366577148438e+00
6.086941957473754883e-01
-2.150877565145492554e-01
2.280822992324829102e+00
-2.985009551048278809e-01
-4.453336820006370544e-02
4.724172651767730713e-01
-1.619013309478759766e+00
-7.389892637729644775e-02
-8.720337152481079102e-01
-4.555333852767944336e-01
-5.828346610069274902e-01
1.401872038841247559e+00
-2.580861151218414307e-01
5.368941426277160645e-01
1.550295829772949219e+00
-3.389681100845336914e+00
-8.042438626289367676e-01
-1.706597566604614258e+00
-1.555761456489562988e+00
1.078098654747009277e+00
-8.351350426673889160e-01
-1.321090459823608398e+00
3.914048075675964355e-01
1.708455204963684082e+00
6.128526329994201660e-01
1.977430880069732666e-01
-1.337616801261901855e+00
1.134442687034606934e+00
-4.004472196102142334e-01
4.280220344662666321e-02
-7.101620435714721680e-01
5.104820132255554199e-01
-3.407938480377197266e-01
2.343055725097656250e+00
-3.373514413833618164e-01
3.297605812549591064e-01
-5.619767308235168457e-01
5.817046761512756348e-01
-3.525873720645904541e-01
-5.845835059881210327e-02
-6.290193200111389160e-01
7.317359447479248047e-01
-6.831156611442565918e-01
1.214719057083129883e+00
4.868044257164001465e-01
1.171011254191398621e-01
5.563973784446716309e-01
7.299352884292602539e-01
-4.519469439983367920e-01
9.523849487304687500e-01
7.626932859420776367e-01
