1.716942906379699707e+00 -3.026580810546875000e-01 -9.472317099571228027e-01 5.817890763282775879e-01 -2.926677465438842773e-01 5.300661325454711914e-01 -1.611933350563049316e+00 1.722252964973449707e-01
-1.153004288673400879e+00 -1.872492879629135132e-01 4.543361067771911621e-01 -5.718497037887573242e-01 1.673621125519275665e-02 -3.344110846519470215e-01 -1.026964545249938965e+00 2.184110164642333984e+00
3.013369441032409668e-01 -8.198243975639343262e-01 9.559119939804077148e-01 -4.769519865512847900e-01 6.716169714927673340e-01 -4.525654911994934082e-01 -1.497974038124084473e+00 -4.320644438266754150e-01
1.694883555173873901e-01 8.711563944816589355e-01 1.249978661537170410e+00 1.740147322416305542e-01 6.458954215049743652e-01 -1.194648444652557373e-01 -1.468085765838623047e+00 -4.433263838291168213e-01
1.189442753791809082e+00 -1.131815910339355469e+00 1.019486904144287109e+00 -1.262738823890686035e+00 6.460596621036529541e-02 5.296035408973693848e-01 2.519110143184661865e-01 -6.452322006225585938e-01
-1.142708420753479004e+00 2.358748316764831543e-01 -6.206284165382385254e-01 5.089963078498840332e-01 -6.691091656684875488e-01 2.364885807037353516e+00 -1.577410817146301270e+00 5.544728040695190430e-01
8.236081004142761230e-01 5.327980518341064453e-01 -5.433580875396728516e-01 -5.142667889595031738e-01 -2.727660894393920898e+00 2.473558664321899414e+00 -4.438486993312835693e-01 -1.549684107303619385e-01
1.810626268386840820e+00 -1.470251083374023438e+00 -4.818028211593627930e-01 2.160027623176574707e-01 3.278522491455078125e-01 -1.674862861633300781e+00 -8.009765744209289551e-01 6.450378149747848511e-02
4.429983496665954590e-01 7.429291605949401855e-01 2.817794680595397949e-01 -3.173693269491195679e-02 5.697299838066101074e-01 -9.830939173698425293e-01 1.255602478981018066e+00 1.061225056648254395e+00
1.310607433319091797e+00 2.189193725585937500e+00 9.728041887283325195e-01 1.124096274375915527e+00 -4.429877102375030518e-01 1.294939756393432617e+00 1.297498703002929688e+00 1.143941283226013184e+00
-4.539688527584075928e-01 -3.863444924354553223e-01 5.068942904472351074e-01 -1.283350348472595215e+00 1.961549818515777588e-01 -1.894501328468322754e+00 -1.259876489639282227e+00 -2.872167527675628662e-01
1.740622520446777344e+00 1.505526714026927948e-02 -1.311077117919921875e+00 -1.452541351318359375e+00 1.848239064216613770e+00 -6.602908968925476074e-01 -3.698066174983978271e-01 5.604061484336853027e-01
-1.142613649368286133e+00 5.703953504562377930e-01 8.102126419544219971e-02 -4.247748255729675293e-01 -3.846325874328613281e-01 1.167537689208984375e+00 -1.861417293548583984e+00 -1.496027231216430664e+00
6.440087556838989258e-01 1.974620968103408813e-01 2.049247264862060547e+00 2.335751801729202271e-01 1.108615279197692871e+00 4.276592731475830078e-01 -8.078464865684509277e-01 -1.471587896347045898e+00
4.560250341892242432e-01 1.572697162628173828e+00 7.000257968902587891e-01 -9.970620274543762207e-02 1.971865147352218628e-01 -7.250726968050003052e-02 -1.679559707641601562e+00 -9.219002127647399902e-01
-2.785714901983737946e-02 4.294856190681457520e-01 -7.834296226501464844e-01 4.733008444309234619e-01 -6.305589079856872559e-01 -1.303885459899902344e+00 1.234288811683654785e+00 -1.701012551784515381e-01
1.890644133090972900e-01 -6.602383255958557129e-01 -5.998170375823974609e-01 1.269703805446624756e-01 9.764258861541748047e-01 2.710726261138916016e-01 2.821135818958282471e-01 4.347846806049346924e-01
-4.068071544170379639e-01 -5.913015007972717285e-01 -6.230903044342994690e-02 -7.029753923416137695e-01 7.922012209892272949e-01 6.520626544952392578e-01 -1.255256652832031250e+00 2.280428260564804077e-01
-6.465345621109008789e-01 1.554820537567138672e+00 -5.158799886703491211e-01 -1.328280687332153320e+00 3.254394829273223877e-01 1.519854962825775146e-01 1.541425824165344238e+00 1.210861802101135254e+00
-8.491988182067871094e-01 -1.771321892738342285e+00 -7.346906512975692749e-02 1.038462400436401367e+00 2.722153961658477783e-01 -8.783667683601379395e-01 -1.520009279251098633e+00 -1.351976394653320312e+00
2.306773900985717773e+00 3.466470912098884583e-02 -2.340900525450706482e-02 -7.049518227577209473e-01 -6.056360006332397461e-01 -8.275800198316574097e-02 7.289990186691284180e-01 -9.895557761192321777e-01
1.254339337348937988e+00 -1.832360863685607910e+00 1.510282993316650391e+00 1.268390297889709473e+00 -8.393326997756958008e-01 9.237310290336608887e-01 -1.449075937271118164e+00 -4.522761702537536621e-01
1.284241318702697754e+00 -1.302161335945129395e+00 -8.514122366905212402e-01 9.492294788360595703e-01 -1.987634003162384033e-01 1.432811498641967773e+00 5.932325497269630432e-02 -1.081181168556213379e+00
-6.793222427368164062e-01 -2.107232064008712769e-01 1.788736104965209961e+00 1.464205235242843628e-01 -1.008893370628356934e+00 1.416097998619079590e+00 -8.470087647438049316e-01 1.489705685526132584e-02
9.589995145797729492e-01 9.791006445884704590e-01 3.683323785662651062e-02 -1.557811796665191650e-01 1.472595632076263428e-01 -1.777852535247802734e+00 -6.770410537719726562e-01 1.370385766029357910e+00
1.155718803405761719e+00 1.125936269760131836e+00 -8.268310874700546265e-02 -1.366021990776062012e+00 -2.901367843151092529e-01 1.682910203933715820e+00 -7.052414417266845703e-01 -5.901145935058593750e-01
-8.586543798446655273e-01 -4.861359596252441406e-01 9.636546485126018524e-03 -1.325028061866760254e+00 -1.002518177032470703e+00 -1.743300676345825195e+00 2.614385075867176056e-02 1.399891495704650879e+00
-2.651866525411605835e-02 7.601869106292724609e-02 2.896924912929534912e-01 2.417938783764839172e-02 1.267286896705627441e+00 7.137603312730789185e-02 1.265520811080932617e+00 -8.237254619598388672e-02
-1.548731446266174316e+00 1.681960105895996094e+00 -6.313429474830627441e-01 1.324317097663879395e+00 -4.947464466094970703e-01 -8.614595532417297363e-01 -8.851424455642700195e-01 -2.122574567794799805e+00
-1.527558922767639160e+00 5.651522874832153320e-01 -1.742916703224182129e+00 -1.905884623527526855e+00 1.053949713706970215e+00 -5.549880862236022949e-02 -5.153139233589172363e-01 -3.560099303722381592e-01
-1.414293646812438965e+00 -4.776500463485717773e-01 4.233641922473907471e-01 -6.101464107632637024e-02 -5.686392188072204590e-01 9.726069569587707520e-01 -1.511745929718017578e+00 -9.861484766006469727e-01
-7.321944832801818848e-01 5.867971181869506836e-01 1.652445554733276367e+00 3.872052431106567383e-01 -3.000973165035247803e-01 7.200173139572143555e-01 8.420520424842834473e-01 -2.034195661544799805e-01
-1.269153833389282227e+00 1.015442371368408203e+00 -1.115213155746459961e+00 -8.873428702354431152e-01 -1.757726818323135376e-01 -2.592731714248657227e-01 1.283563852310180664e+00 8.551380038261413574e-02
8.761991858482360840e-01 -5.106487274169921875e-01 -1.365315318107604980e+00 1.025225162506103516e+00 -1.043475985527038574e+00 5.815916135907173157e-02 4.050311744213104248e-01 -8.277193903923034668e-01
-3.656984567642211914e-01 1.787737607955932617e-01 6.006427407264709473e-01 2.176171392202377319e-01 -1.116319775581359863e+00 9.177157282829284668e-01 -1.007248520851135254e+00 6.881468296051025391e-01
-5.914654731750488281e-01 3.061375916004180908e-01 1.628922343254089355e+00 -9.155247807502746582e-01 1.192315965890884399e-01 -7.842891216278076172e-01 -9.488227963447570801e-01 6.838914155960083008e-01
1.205310598015785217e-01 1.014422774314880371e+00 5.154097676277160645e-01 -1.850311309099197388e-01 1.637902855873107910e+00 1.223668098449707031e+00 -3.483562767505645752e-01 2.401741981506347656e+00
-1.049637794494628906e+00 7.991201281547546387e-01 1.289496541023254395e+00 -3.685420751571655273e-01 1.849227905273437500e+00 -1.092932343482971191e+00 -7.548132538795471191e-01 -1.104364991188049316e+00
8.060650229454040527e-01 -2.464477121829986572e-01 -9.272889047861099243e-02 1.781921982765197754e+00 -2.088073045015335083e-01 5.194163322448730469e-01 9.799150824546813965e-01 4.932538270950317383e-01
8.022665977478027344e-01 -4.212949872016906738e-01 9.447189569473266602e-01 -7.617105543613433838e-02 1.493135929107666016e+00 2.695559859275817871e-01 5.797293782234191895e-01 1.976589083671569824e+00
-1.073012650012969971e-01 3.459909260272979736e-01 -6.424168348312377930e-01 -2.765697538852691650e-01 6.077765300869941711e-02 -9.302474260330200195e-01 1.792831122875213623e-01 1.088236495852470398e-01
7.824203968048095703e-01 5.639090016484260559e-02 -1.351701140403747559e+00 3.697416484355926514e-01 -1.461305856704711914e+00 -1.609363079071044922e+00 -4.937811568379402161e-02 2.880525827407836914e+00
-7.843786478042602539e-01 3.701424002647399902e-01 1.647745847702026367e+00 -1.516641974449157715e+00 -1.191642165184020996e+00 -1.373682975769042969e+00 1.056735038757324219e+00 -1.778041958808898926e+00
1.261750102043151855e+00 7.184658050537109375e-01 4.745291545987129211e-02 4.975132346153259277e-01 7.930317521095275879e-01 1.296943426132202148e+00 4.126278460025787354e-01 1.436235904693603516e+00
3.800298869609832764e-01 -1.969933271408081055e+00 1.218305110931396484e+00 1.760656595230102539e+00 8.882508277893066406e-01 4.489550590515136719e-01 6.809651851654052734e-01 1.007028341293334961e+00
-9.804117083549499512e-01 -9.105339050292968750e-01 -1.355837434530258179e-01 -1.741206526756286621e+00 -6.113106608390808105e-01 -7.493117451667785645e-01 2.135993838310241699e-01 -4.647670388221740723e-01
4.137586951255798340e-01 3.037059605121612549e-01 -1.062282800674438477e+00 -5.742213875055313110e-02 -8.743619322776794434e-01 1.598942875862121582e-01 -3.868271708488464355e-01 -9.809176623821258545e-02
2.977360412478446960e-02 1.095899224281311035e+00 -1.679062396287918091e-01 -1.816144108772277832e+00 -5.128724575042724609e-01 -1.563182830810546875e+00 -1.895991563796997070e+00 -3.903416395187377930e-01
2.187428951263427734e+00 -1.537337779998779297e+00 -1.299598097801208496e+00 -6.875187903642654419e-02 -2.136544287204742432e-01 1.303234338760375977e+00 -2.310025095939636230e-01 1.237300515174865723e+00
6.531234383583068848e-01 9.379071593284606934e-01 -5.088891983032226562e-01 -8.099188804626464844e-01 3.938728943467140198e-02 9.223502129316329956e-02 2.623928189277648926e-01 -9.558671116828918457e-01
4.470821321010589600e-01 -5.118056759238243103e-02 2.909229695796966553e-01 9.737478196620941162e-02 1.811694145202636719e+00 2.434358298778533936e-01 -9.857769608497619629e-01 -7.793889641761779785e-01
8.200317025184631348e-01 4.550841748714447021e-01 -2.340849339962005615e-01 -2.074162662029266357e-01 8.786854892969131470e-02 5.926504135131835938e-01 8.490973711013793945e-01 -2.932506501674652100e-01
7.492288947105407715e-01 -2.873881757259368896e-01 1.686630010604858398e+00 -1.917315840721130371e+00 -8.277271389961242676e-01 -4.137855768203735352e-01 -3.769319057464599609e-01 -6.859539151191711426e-01
-6.512625813484191895e-01 -8.065512180328369141e-01 -3.773211240768432617e-01 7.328249216079711914e-01 1.246763348579406738e+00 -7.509958148002624512e-01 -1.758282423019409180e+00 2.023730039596557617e+00
1.829014569520950317e-01 9.704148769378662109e-01 -2.313260585069656372e-01 -8.105013966560363770e-01 -5.825846195220947266e-01 5.998035073280334473e-01 4.921444058418273926e-01 -1.509240269660949707e-01
-6.208647415041923523e-02 4.922969639301300049e-01 -1.469037175178527832e+00 -6.733705997467041016e-01 -1.130348920822143555e+00 -3.129675686359405518e-01 1.294403895735740662e-02 4.168601632118225098e-01
-9.954819083213806152e-01 1.359837949275970459e-01 -1.373929262161254883e+00 -2.076886892318725586e+00 6.933586001396179199e-01 -6.751327514648437500e-01 -2.652183771133422852e-01 1.598670959472656250e+00
-1.459751725196838379e-01 -7.429742813110351562e-01 1.391288518905639648e+00 4.965762495994567871e-01 8.056103587150573730e-01 -9.061040878295898438e-01 -6.971553564071655273e-01 9.291779994964599609e-01
1.130931615829467773e+00 -4.500200152397155762e-01 -3.717310428619384766e-01 4.381770193576812744e-01 -2.509134292602539062e+00 -5.050360411405563354e-02 1.539633631706237793e+00 -9.349214285612106323e-02
9.937035441398620605e-01 4.383493587374687195e-02 3.567669689655303955e-01 -2.306075096130371094e+00 -1.390638589859008789e+00 -7.190095782279968262e-01 -3.187925517559051514e-01 1.539210081100463867e-01
5.918284058570861816e-01 -1.601320862770080566e+00 1.434912562370300293e+00 6.866884827613830566e-01 1.291881561279296875e+00 -1.639086365699768066e+00 -7.560356259346008301e-01 2.099277973175048828e+00
-1.374205470085144043e+00 1.214794874191284180e+00 -1.002727374434471130e-01 -2.499607324600219727e+00 1.304653525352478027e+00 -7.635841965675354004e-01 -8.894348740577697754e-01 1.223659962415695190e-01
2.762317061424255371e-01 -1.670642569661140442e-02 2.309443354606628418e-01 4.797208011150360107e-01 -6.735628843307495117e-02 -6.292343884706497192e-02 -1.770041324198246002e-02 -1.051431894302368164e+00
-6.703228354454040527e-01 -1.279152870178222656e+00 3.332138955593109131e-01 -2.375084310770034790e-01 1.991499662399291992e-01 2.248235642910003662e-01 3.574806451797485352e-01 1.901757419109344482e-01
1.963232308626174927e-01 -1.950250387191772461e+00 -8.819712400436401367e-01 1.736531615257263184e+00 1.288258910179138184e+00 -5.977223515510559082e-01 7.134134173393249512e-01 -1.908799856901168823e-01
-9.747420549392700195e-01 -7.158593535423278809e-01 4.936046898365020752e-01 4.281556308269500732e-01 -8.829066157341003418e-01 2.974823117256164551e-01 5.756577849388122559e-01 -1.515369415283203125e-01
-5.630264878273010254e-01 1.204754039645195007e-01 6.989649031311273575e-03 -4.646582603454589844e-01 -5.706008672714233398e-01 1.630865335464477539e+00 1.393198609352111816e+00 4.827703833580017090e-01
-5.176559686660766602e-01 -1.000533938407897949e+00 -8.583613671362400055e-03 1.184209942817687988e+00 -1.169605851173400879e-01 8.130867481231689453e-01 1.174756288528442383e+00 -3.912396430969238281e-01
5.525600910186767578e-01 -4.186249375343322754e-01 4.930355548858642578e-01 -1.673292517662048340e-01 -1.445468306541442871e+00 -1.065169095993041992e+00 6.018787622451782227e-01 -5.303605794906616211e-01
3.266398012638092041e-01 3.181480169296264648e-01 3.391976594924926758e+00 -1.775349497795104980e+00 -7.750290036201477051e-01 1.194089837372303009e-02 -1.219168066978454590e+00 -1.941413283348083496e-01
-7.414787411689758301e-01 1.954283356666564941e+00 -1.652706503868103027e+00 1.293879866600036621e+00 -1.220221161842346191e+00 3.963321074843406677e-02 1.223671287298202515e-01 1.507308840751647949e+00
-3.120592609047889709e-02 -5.741344690322875977e-01 3.732189238071441650e-01 -8.514691591262817383e-01 -8.711445927619934082e-01 1.019202828407287598e+00 -5.240018367767333984e-01 8.221957087516784668e-01
-9.531569480895996094e-01 2.168648719787597656e+00 -1.536452889442443848e+00 5.654639378190040588e-02 8.797935843467712402e-01 1.289230823516845703e+00 -2.353568375110626221e-01 6.273919939994812012e-01
4.369521141052246094e-01 -8.576009869575500488e-01 1.187837481498718262e+00 5.425958037376403809e-01 -9.954158663749694824e-01 -1.651284933090209961e+00 -3.126947879791259766e-01 -8.725727796554565430e-01
-9.400830864906311035e-01 -1.863548517227172852e+00 -7.486992478370666504e-01 -5.728225111961364746e-01 5.712898373603820801e-01 7.175072431564331055e-01 5.064694881439208984e-01 -1.121637701988220215e+00
7.191573977470397949e-01 1.450962543487548828e+00 -5.545821785926818848e-01 1.269546508789062500e+00 5.594436526298522949e-01 -1.134192943572998047e+00 3.241617381572723389e-01 -1.772937297821044922e+00
-9.091980457305908203e-01 -1.392120480537414551e+00 -5.030938386917114258e-01 9.082956910133361816e-01 -5.227189064025878906e-01 -1.059925794601440430e+00 -1.964697837829589844e+00 7.550275325775146484e-01
5.043025612831115723e-01 3.385346233844757080e-01 -3.876097202301025391e-01 -3.976927399635314941e-01 1.133811950683593750e+00 1.473658919334411621e+00 1.515109658241271973e+00 -4.450343847274780273e-01
6.046953797340393066e-01 1.033550739288330078e+00 2.765544950962066650e-01 5.841975212097167969e-01 -1.942557394504547119e-01 -1.970896683633327484e-02 3.267401456832885742e-01 1.314046144485473633e+00
-8.047935366630554199e-01 -1.246401667594909668e+00 -6.658447980880737305e-01 3.323186933994293213e-01 -1.611139923334121704e-01 8.124803304672241211e-01 4.312126040458679199e-01 -3.124025464057922363e-01
-6.071714758872985840e-01 -2.490451097488403320e+00 1.198779344558715820e+00 -4.886983633041381836e-01 5.222907066345214844e-01 4.940737783908843994e-01 -1.611859202384948730e+00 -2.564845681190490723e-01
2.236706972122192383e+00 -6.939780712127685547e-01 1.769788384437561035e+00 -8.978701829910278320e-01 3.694784343242645264e-01 -6.014129519462585449e-01 2.027806267142295837e-02 4.406209290027618408e-01
-8.799135088920593262e-01 -3.724357187747955322e-01 4.467923045158386230e-01 -1.984423547983169556e-01 -5.653191804885864258e-01 1.847870945930480957e+00 -7.013768553733825684e-01 -1.410737633705139160e+00
1.418625354766845703e+00 5.249074697494506836e-01 2.361021518707275391e+00 7.279694080352783203e-01 5.371285676956176758e-01 -8.960902690887451172e-01 1.207140445709228516e+00 -8.992593735456466675e-02
-8.017854690551757812e-01 -1.603363990783691406e+00 -6.257015466690063477e-01 7.534438967704772949e-01 9.839931130409240723e-02 3.514726758003234863e-01 -4.307084158062934875e-02 -1.333284378051757812e+00
7.200292497873306274e-02 1.722986698150634766e-01 -1.597545623779296875e+00 -1.619638085365295410e+00 -1.005642771720886230e+00 -1.815589219331741333e-01 8.457809686660766602e-01 -1.750282406806945801e+00
1.476906657218933105e+00 7.462995648384094238e-01 -1.417344927787780762e+00 -2.979736626148223877e-01 1.194012537598609924e-01 -1.800360798835754395e+00 8.963042497634887695e-01 2.801968753337860107e-01
1.299585700035095215e+00 4.756698906421661377e-01 -9.571396708488464355e-01 5.493199825286865234e-01 -2.406055688858032227e+00 1.048847913742065430e+00 -1.682318449020385742e+00 -9.580526947975158691e-01
1.493427634239196777e+00 -1.135628938674926758e+00 4.338865578174591064e-01 1.402036190032958984e+00 -1.645867824554443359e+00 1.278613060712814331e-01 7.714209556579589844e-01 5.732163041830062866e-02
-5.655802488327026367e-01 -6.578460931777954102e-01 1.289933025836944580e-01 -1.765649169683456421e-01 1.595509648323059082e+00 -1.041496038436889648e+00 -2.654753029346466064e-01 -1.047422170639038086e+00
-1.194287300109863281e+00 -3.472291529178619385e-01 6.875711083412170410e-01 -2.642711997032165527e-01 1.071831583976745605e+00 -8.665367364883422852e-01 3.563245832920074463e-01 4.829218685626983643e-01
1.640792250633239746e+00 3.047708272933959961e-01 8.524987101554870605e-01 1.146552681922912598e+00 -1.936868727207183838e-01 4.652971625328063965e-01 -9.195346236228942871e-01 4.907040894031524658e-01
-4.640844762325286865e-01 1.795454621315002441e-01 1.064007170498371124e-02 2.092426061630249023e+00 -2.241242408752441406e+00 7.561541348695755005e-02 9.268906712532043457e-01 1.311580419540405273e+00
4.083218984305858612e-03 3.858862817287445068e-01 4.931599795818328857e-01 1.680720150470733643e-01 -8.988912105560302734e-01 -1.402072310447692871e-01 1.715545654296875000e+00 -8.175569772720336914e-01
-7.937687635421752930e-01 -1.267954707145690918e-01 -1.733341217041015625e-01 4.477544128894805908e-01 -2.750383913516998291e-01 6.025689840316772461e-01 -4.463177621364593506e-01 -1.036749958992004395e+00
3.673576414585113525e-01 9.465609490871429443e-02 -1.933004260063171387e+00 -4.223221242427825928e-01 2.640047073364257812e-01 9.330101609230041504e-01 1.200527846813201904e-01 -3.791724741458892822e-01
6.015287637710571289e-01 -3.752982616424560547e-01 -6.123192310333251953e-01 -6.394479423761367798e-02 2.511112689971923828e-01 6.159190535545349121e-01 2.496017701923847198e-02 -3.650815486907958984e-01
-6.887419223785400391e-01 -8.467589020729064941e-01 8.244504928588867188e-01 2.693867385387420654e-01 -1.925700306892395020e+00 2.624198496341705322e-01 5.828968882560729980e-01 2.389669418334960938e+00
1.695399284362792969e+00 -3.143743574619293213e-01 -1.749044537544250488e+00 1.693682074546813965e-01 5.094799995422363281e-01 -1.671982556581497192e-01 -1.866191864013671875e+00 9.959944486618041992e-01
-1.345534324645996094e+00 7.737196683883666992e-01 -1.809899210929870605e+00 3.605257868766784668e-01 3.592937886714935303e-01 1.195075750350952148e+00 -4.149939119815826416e-01 -1.123317480087280273e+00
1.239123344421386719e+00 5.989814996719360352e-01 2.487062811851501465e-01 1.040110737085342407e-01 -1.087481021881103516e+00 9.398067593574523926e-01 5.361481308937072754e-01 -9.009040892124176025e-02
2.898495197296142578e-01 9.941782951354980469e-01 -8.012053966522216797e-01 -1.585347652435302734e+00 -6.809681653976440430e-01 1.302810192108154297e+00 5.557157397270202637e-01 -8.164526820182800293e-01
-2.288337945938110352e-01 -1.346642151474952698e-02 8.704655170440673828e-01 -1.245143450796604156e-02 -1.024185657501220703e+00 -1.571827650070190430e+00 1.913291692733764648e+00 4.009318053722381592e-01
5.529464483261108398e-01 -3.683264553546905518e-01 -1.079568147659301758e+00 5.873180627822875977e-01 -1.288726180791854858e-01 -1.548095583915710449e+00 -1.098585486412048340e+00 -9.889227151870727539e-01
-7.466472387313842773e-01 1.438705086708068848e+00 7.258514165878295898e-01 -9.147677421569824219e-01 4.651861786842346191e-01 -1.420252084732055664e+00 -4.685192406177520752e-01 -1.297113150358200073e-01
-9.279828667640686035e-01 -7.770271301269531250e-01 1.094680786132812500e+00 -3.233211934566497803e-01 -3.463604152202606201e-01 -3.310931026935577393e-01 5.836717486381530762e-01 -3.929925560951232910e-01
6.955970525741577148e-01 1.607489943504333496e+00 7.309074401855468750e-01 -1.407710313796997070e+00 2.203926563262939453e+00 -5.447818636894226074e-01 4.485780745744705200e-02 1.055865138769149780e-01
3.272411823272705078e-01 8.494380116462707520e-02 8.886122703552246094e-01 4.222394526004791260e-01 -1.468217611312866211e+00 4.225696921348571777e-01 1.232251673936843872e-01 -1.568610817193984985e-01
3.424960672855377197e-01 -7.896316647529602051e-01 5.765939950942993164e-01 -9.110211133956909180e-01 -2.054884910583496094e+00 7.316863536834716797e-01 -1.280940651893615723e+00 -9.297496080398559570e-01
-3.649101778864860535e-02 5.113051533699035645e-01 -8.622530698776245117e-01 -1.489638090133666992e+00 -2.723187506198883057e-01 3.560086190700531006e-01 8.571953773498535156e-01 5.587315931916236877e-02
3.003167510032653809e-01 5.563038587570190430e-01 -1.168673634529113770e+00 7.543570995330810547e-01 5.857867598533630371e-01 -4.426383972167968750e-01 4.985781908035278320e-01 -7.055228948593139648e-01
-1.445657014846801758e+00 6.358401179313659668e-01 2.872090339660644531e-01 3.748913705348968506e-01 -1.733906745910644531e+00 1.017778754234313965e+00 1.494138389825820923e-01 -1.309684872627258301e+00
8.010330200195312500e-01 1.145615428686141968e-01 1.346572160720825195e+00 -2.524072229862213135e-01 -1.948748156428337097e-02 -1.983620971441268921e-02 -3.317840099334716797e-01 -1.000457286834716797e+00
1.107607841491699219e+00 -1.132280826568603516e+00 -5.171827673912048340e-01 1.222563028335571289e+00 -2.547393083572387695e+00 -2.494098842144012451e-01 1.990114688873291016e+00 -7.365204393863677979e-02
-1.024818658828735352e+00 -5.243701338768005371e-01 -1.155549809336662292e-01 4.764395058155059814e-01 1.948861479759216309e+00 -8.215104937553405762e-01 -5.576262474060058594e-01 -1.485591083765029907e-01
-1.647410392761230469e+00 -5.540437102317810059e-01 1.796842694282531738e+00 -3.154161274433135986e-01 -2.845803797245025635e-01 1.638516902923583984e+00 6.785795092582702637e-01 6.066461205482482910e-01
1.137311100959777832e+00 -4.971434772014617920e-01 -5.534060597419738770e-01 -1.640751123428344727e+00 -5.550579428672790527e-01 5.982595086097717285e-01 -6.016589403152465820e-01 1.850897908210754395e+00
-2.039153575897216797e+00 -1.185496687889099121e+00 -1.265818327665328979e-01 -7.609826046973466873e-03 1.810228228569030762e+00 5.718918517231941223e-02 9.383479952812194824e-01 -1.444030523300170898e+00
-9.802927374839782715e-01 -1.027132868766784668e+00 -6.267808079719543457e-01 -1.142250895500183105e+00 -1.892928481101989746e-01 1.186612606048583984e+00 -5.294262170791625977e-01 -1.532167494297027588e-01
-1.996998786926269531e-01 2.207511901855468750e+00 1.544376969337463379e+00 8.287013769149780273e-01 -2.413709163665771484e-01 6.897831559181213379e-01 -4.865268170833587646e-01 -4.765745997428894043e-01
3.885375261306762695e-01 -1.781165361404418945e+00 4.072145223617553711e-01 9.057493209838867188e-01 -4.463906288146972656e-01 1.780160069465637207e-01 2.096888542175292969e+00 1.505348235368728638e-01
-5.246575474739074707e-01 5.099524855613708496e-01 5.877923369407653809e-01 6.937651634216308594e-01 -5.815134644508361816e-01 1.261100322008132935e-01 -1.251673579216003418e+00 2.870855629444122314e-01
9.540684223175048828e-01 -2.254419177770614624e-01 5.547506213188171387e-01 -1.499492675065994263e-01 7.326617836952209473e-02 4.899344965815544128e-02 1.841851711273193359e+00 7.494383454322814941e-01
1.581510007381439209e-01 -6.274899840354919434e-01 1.954916834831237793e+00 2.450622320175170898e+00 9.084141999483108521e-02 -8.817678093910217285e-01 -1.636800289154052734e+00 2.399624884128570557e-01
2.927105426788330078e-01 -8.219757080078125000e-01 3.397056758403778076e-01 -4.910555183887481689e-01 1.887108683586120605e+00 1.546734273433685303e-01 -3.187215030193328857e-01 -1.873764872550964355e+00
3.573699295520782471e-01 -6.671015620231628418e-01 -1.971765041351318359e+00 -1.038323163986206055e+00 1.850403785705566406e+00 -2.187583684921264648e+00 1.198283553123474121e+00 1.849891066551208496e+00
8.326648920774459839e-02 -3.157615959644317627e-01 2.818064689636230469e-01 1.775856018066406250e+00 1.436312198638916016e+00 1.650167942047119141e+00 -4.289327859878540039e-01 -1.086147069931030273e+00
-1.510221600532531738e+00 1.349425315856933594e+00 1.269625782966613770e+00 -4.150241315364837646e-01 1.394187211990356445e+00 -5.597083568572998047e-01 -1.923044919967651367e-01 5.032801032066345215e-01
4.620857238769531250e-01 -5.740267634391784668e-01 -1.549737334251403809e+00 -1.259452462196350098e+00 -1.674359887838363647e-01 -1.014083862304687500e+00 1.142102599143981934e+00 -4.060228168964385986e-01
1.832722306251525879e+00 6.635116934776306152e-01 -1.318443179130554199e+00 -2.251822233200073242e+00 1.177049279212951660e+00 1.738454699516296387e+00 -1.262290477752685547e+00 1.597744584083557129e+00
1.663558632135391235e-01 1.888134837150573730e+00 -5.873497128486633301e-01 -2.211386412382125854e-01 1.243458032608032227e+00 9.899567961692810059e-01 1.090887665748596191e+00 -1.748956561088562012e+00
-2.014774531126022339e-01 2.597671747207641602e-01 4.769856333732604980e-01 -1.152443289756774902e+00 -3.649807274341583252e-01 -4.637869298458099365e-01 2.069977760314941406e+00 -3.012820482254028320e-01
-2.305327802896499634e-01 -9.896006584167480469e-01 -3.027915954589843750e-01 1.247740507125854492e+00 8.307108879089355469e-01 -1.147017836570739746e+00 -6.568151116371154785e-01 -4.455051720142364502e-01
-5.047428607940673828e-01 2.615588009357452393e-01 4.840337038040161133e-01 -1.205688476562500000e+00 -8.488305211067199707e-01 -7.154476046562194824e-01 -1.665638685226440430e+00 -6.437743902206420898e-01
1.090193271636962891e+00 1.217604160308837891e+00 1.121406555175781250e+00 4.756445437669754028e-02 3.216757774353027344e-01 1.366575121879577637e+00 -1.208867907524108887e+00 -2.102123737335205078e+00
8.975211381912231445e-01 3.697001338005065918e-01 1.393976211547851562e+00 -2.024136930704116821e-01 -1.321130871772766113e+00 4.476200938224792480e-01 9.725945591926574707e-01 -4.932920336723327637e-01
-2.950001657009124756e-01 -3.657459318637847900e-01 6.428415775299072266e-01 5.736372470855712891e-01 1.526162922382354736e-01 5.197013020515441895e-01 -4.852662384510040283e-01 7.387607693672180176e-01
-1.382327914237976074e+00 1.692349433898925781e+00 4.371612071990966797e-01 5.991035699844360352e-01 5.755669474601745605e-01 -8.234071731567382812e-01 -1.939695328474044800e-01 1.289024710655212402e+00
1.347707986831665039e+00 7.140579819679260254e-01 -3.221629858016967773e-01 -7.968891263008117676e-01 8.173201680183410645e-01 -7.180714607238769531e-01 1.888080313801765442e-02 -1.129504084587097168e+00
8.399984836578369141e-01 1.094363927841186523e+00 2.125217437744140625e+00 1.814245104789733887e+00 -1.065252274274826050e-01 -5.379909276962280273e-01 1.190454512834548950e-01 -1.818789094686508179e-01
9.396786093711853027e-01 -1.198951125144958496e+00 1.318316578865051270e+00 1.362941503524780273e+00 5.131499171257019043e-01 6.477448344230651855e-01 -7.789165973663330078e-01 1.863440275192260742e+00
-1.273535847663879395e+00 -3.096377290785312653e-02 1.290971338748931885e-01 6.696138978004455566e-01 2.932414114475250244e-01 4.082216918468475342e-01 1.190384626388549805e+00 -8.165709972381591797e-01
1.852091848850250244e-01 -3.585876524448394775e-01 9.502664208412170410e-01 1.055272579193115234e+00 8.449909090995788574e-01 -1.285337209701538086e-01 -2.395182102918624878e-01 5.068970322608947754e-01
1.131854057312011719e+00 9.530879855155944824e-01 8.365503549575805664e-01 3.134327530860900879e-01 -4.015869796276092529e-01 -2.093398272991180420e-01 -1.684569120407104492e+00 -2.140377521514892578e+00
3.017071262001991272e-02 1.071479544043540955e-01 5.284848809242248535e-01 -1.258925199508666992e+00 5.382410287857055664e-01 4.779322445392608643e-01 -1.610920429229736328e+00 5.644698143005371094e-01
-3.166077435016632080e-01 -1.813650846481323242e+00 -3.075744211673736572e-01 1.705349922180175781e+00 -9.394569396972656250e-01 -1.026512831449508667e-01 -1.032203793525695801e+00 2.988941907882690430e+00
4.073541760444641113e-01 -1.747749805450439453e+00 -6.661416292190551758e-01 -6.487852334976196289e-01 -1.882845282554626465e+00 -5.434871912002563477e-01 -4.978866577148437500e-01 1.813532412052154541e-02
3.825255036354064941e-01 4.268283843994140625e-01 -8.369754552841186523e-01 3.049926599487662315e-03 1.060894876718521118e-01 -1.636789321899414062e+00 -1.306357830762863159e-01 1.869801759719848633e+00
2.240022659301757812e+00 -1.768589019775390625e+00 1.078463912010192871e+00 -3.309370875358581543e-01 6.101512312889099121e-01 3.234057128429412842e-01 -1.722727566957473755e-01 -2.403385564684867859e-02
-9.144050478935241699e-01 2.193281412124633789e+00 -6.310753822326660156e-01 3.367618620395660400e-01 -2.484125375747680664e+00 -9.108735918998718262e-01 9.641921520233154297e-02 -1.940023541450500488e+00
1.342357158660888672e+00 5.310131907463073730e-01 -5.909144878387451172e-01 -2.024180293083190918e-01 -1.540620207786560059e+00 -1.760413885116577148e+00 3.743229508399963379e-01 -4.641005694866180420e-01
6.000107526779174805e-01 -6.294318437576293945e-01 -9.785650372505187988e-01 4.250414669513702393e-01 3.220683038234710693e-01 -6.098458766937255859e-01 -3.553688228130340576e-01 1.769393205642700195e+00
1.503530383110046387e+00 -5.223547220230102539e-01 1.807977199554443359e+00 3.491532087326049805e+00 -4.549264609813690186e-01 -8.353852033615112305e-01 4.763239026069641113e-01 2.155598998069763184e-01
-4.053381383419036865e-01 1.550114393234252930e+00 1.213521838188171387e+00 1.641850709915161133e+00 2.497848033905029297e+00 1.087111115455627441e+00 6.597999930381774902e-01 -1.865177154541015625e-01
-9.016592502593994141e-01 7.171421647071838379e-01 -1.537800133228302002e-01 1.720500230789184570e+00 -1.102577209472656250e+00 -1.091996356844902039e-01 -1.003644466400146484e+00 -2.355566918849945068e-01
-1.299100518226623535e+00 -1.380942106246948242e+00 2.542359232902526855e-01 -1.062046170234680176e+00 7.561025023460388184e-01 7.875620722770690918e-01 4.147803783416748047e-01 2.908306717872619629e-01
1.426038026809692383e+00 -5.865378975868225098e-01 -1.733304977416992188e+00 -4.436761140823364258e-02 -3.993776142597198486e-01 1.639162778854370117e+00 3.200839459896087646e-01 -1.753898620605468750e+00
7.171106934547424316e-01 1.130263805389404297e+00 6.693322062492370605e-01 6.828792095184326172e-01 -1.792517676949501038e-02 3.915874361991882324e-01 1.468795776367187500e+00 3.198323547840118408e-01
5.653840899467468262e-01 -1.757174491882324219e+00 7.359507083892822266e-01 1.194185972213745117e+00 3.511027097702026367e-01 1.299694776535034180e+00 9.347945451736450195e-01 -1.617798060178756714e-01
-1.921535253524780273e+00 -1.097830653190612793e+00 5.571534633636474609e-01 2.787034273147583008e+00 -1.153421401977539062e+00 4.922491014003753662e-01 -1.222465112805366516e-01 1.697085976600646973e+00
-6.185352802276611328e-01 -7.638161182403564453e-01 5.082790851593017578e-01 3.192250728607177734e-01 -2.179386168718338013e-01 8.443071842193603516e-01 -1.899022698402404785e+00 8.086662292480468750e-01
-2.931615710258483887e-01 8.992832899093627930e-01 -2.547401562333106995e-02 8.871229290962219238e-01 -7.895144820213317871e-01 -1.898613929748535156e+00 -7.113721966743469238e-01 -2.178401947021484375e+00
1.120536327362060547e+00 1.217120170593261719e+00 -1.027163147926330566e+00 -1.959961652755737305e-01 3.918665945529937744e-01 2.922369912266731262e-02 6.541242599487304688e-01 -3.271936178207397461e-01
3.126595914363861084e-01 -5.632627010345458984e-01 4.448602199554443359e-01 -1.152919054031372070e+00 3.501113355159759521e-01 -1.583512783050537109e+00 -3.695651516318321228e-02 -1.825504064559936523e+00
2.483911275863647461e+00 -7.430309653282165527e-01 7.402725815773010254e-01 -6.301202178001403809e-01 -8.852291703224182129e-01 6.302697062492370605e-01 -9.447692036628723145e-01 7.365264296531677246e-01
3.817815482616424561e-01 -1.107879996299743652e+00 -5.108625441789627075e-02 3.983986079692840576e-01 -1.912035979330539703e-02 -8.517874479293823242e-01 5.529449582099914551e-01 2.413932830095291138e-01
1.991510868072509766e+00 2.312240153551101685e-01 7.529436945915222168e-01 -1.843493938446044922e+00 4.419308304786682129e-01 -3.351908624172210693e-01 -9.610477089881896973e-01 -3.026262521743774414e-01
2.396045207977294922e+00 -7.229922413825988770e-01 1.155536532402038574e+00 -1.438373088836669922e+00 4.725963771343231201e-01 1.297310471534729004e+00 -8.684388399124145508e-01 2.411981076002120972e-01
1.080644249916076660e+00 2.139729559421539307e-01 -1.042900085449218750e+00 -3.423694372177124023e-01 7.063452154397964478e-02 -1.025692820549011230e+00 -2.795602679252624512e-01 8.382037878036499023e-01
2.617062032222747803e-01 1.160515427589416504e+00 1.524313092231750488e+00 1.055377647280693054e-01 -3.970204591751098633e-01 1.886819243431091309e+00 -4.760242402553558350e-01 -1.457377910614013672e+00
-4.848363697528839111e-01 -2.271833658218383789e+00 -3.974217921495437622e-02 -7.518631964921951294e-02 1.382377445697784424e-01 -1.751507639884948730e+00 -2.958872318267822266e-01 -1.806526303291320801e+00
3.414006531238555908e-01 4.481623470783233643e-01 -1.696499586105346680e+00 -5.494863390922546387e-01 -7.680230736732482910e-01 6.894222497940063477e-01 5.559082329273223877e-02 8.498528003692626953e-01
-8.453033864498138428e-02 4.328492879867553711e-01 -6.287304162979125977e-01 6.822857856750488281e-01 2.948152124881744385e-01 1.067912101745605469e+00 -1.003739312291145325e-01 9.566705226898193359e-01
-9.029431939125061035e-01 -1.070876955986022949e+00 -2.008511066436767578e+00 -5.828799009323120117e-01 -1.775803416967391968e-01 -3.908024728298187256e-01 1.206491470336914062e+00 -9.735391736030578613e-01
5.991713330149650574e-02 8.688014745712280273e-01 -8.209585547447204590e-01 -1.391860604286193848e+00 -1.337507516145706177e-01 -7.197962999343872070e-01 2.736129760742187500e-01 -1.062968134880065918e+00
2.079791761934757233e-02 4.150941371917724609e-01 2.063461542129516602e+00 -3.173062577843666077e-02 -1.003116965293884277e+00 -5.844656229019165039e-01 -1.324663519859313965e+00 -4.113899469375610352e-01
-5.497898459434509277e-01 4.759178459644317627e-01 -1.681668400764465332e+00 -1.161987900733947754e+00 1.906066656112670898e+00 1.953920245170593262e+00 1.836662769317626953e+00 8.303961753845214844e-01
1.738571882247924805e+00 -8.262976408004760742e-01 1.125162988901138306e-01 -1.599231362342834473e+00 -1.500524759292602539e+00 -1.372730493545532227e+00 1.409446261823177338e-02 7.134688496589660645e-01
4.964573681354522705e-01 -3.324831724166870117e-01 6.243490576744079590e-01 -3.357037901878356934e-01 1.471554517745971680e+00 -1.427800178527832031e+00 1.221017003059387207e+00 -5.861105322837829590e-01
1.272148966789245605e+00 1.213593482971191406e-01 1.511469125747680664e+00 -5.422316193580627441e-01 -3.846353292465209961e-01 6.564677357673645020e-01 1.153733491897583008e+00 8.663875460624694824e-01
-1.588503718376159668e+00 4.349520206451416016e-01 -8.372505009174346924e-02 4.989473521709442139e-01 1.898422837257385254e+00 3.232039511203765869e-01 7.504797577857971191e-01 -3.454209268093109131e-01
2.659094810485839844e+00 7.674911022186279297e-01 -1.790455222129821777e+00 1.298031926155090332e+00 6.997064352035522461e-01 -4.504034519195556641e-01 6.669339537620544434e-01 -5.056323409080505371e-01
-8.566102385520935059e-02 3.532414734363555908e-01 -1.709842443466186523e+00 1.532284498214721680e+00 6.652219295501708984e-01 4.604991078376770020e-01 8.414008617401123047e-01 4.010483324527740479e-01
-9.098979830741882324e-01 2.563935816287994385e-01 -6.446999311447143555e-01 -1.066938400268554688e+00 -9.085122495889663696e-03 -3.348081707954406738e-01 -7.883112132549285889e-02 2.313115000724792480e-01
-1.843358993530273438e+00 -6.599283814430236816e-01 -7.258669734001159668e-01 1.083404541015625000e+00 1.389993309974670410e+00 -8.952819705009460449e-01 9.015372395515441895e-01 -3.180849552154541016e-01
-9.252272844314575195e-01 4.151687026023864746e-01 6.394274234771728516e-01 -7.969387806951999664e-03 -2.105451345443725586e+00 5.910779237747192383e-01 -1.001380980014801025e-01 5.028689503669738770e-01
9.414834976196289062e-01 -2.830689549446105957e-01 -1.247367933392524719e-01 9.875968694686889648e-01 -1.323549866676330566e+00 1.800741434097290039e+00 8.053101897239685059e-01 -5.512514114379882812e-01
-8.322049379348754883e-01 2.064603418111801147e-01 -1.012101650238037109e+00 -1.565133690834045410e+00 -8.535985946655273438e-01 -5.633189156651496887e-02 -2.335785478353500366e-01 -8.343553543090820312e-01
-6.404982209205627441e-01 -9.342116862535476685e-02 5.237223953008651733e-02 7.165158390998840332e-01 6.963691860437393188e-02 -3.205366432666778564e-02 -1.260979413986206055e+00 -1.014038562774658203e+00
1.105596542358398438e+00 4.721570312976837158e-01 -8.953851461410522461e-01 -1.798220992088317871e+00 6.863534450531005859e-01 -2.131830304861068726e-01 -1.626677393913269043e+00 7.992711067199707031e-01
1.909880757331848145e+00 2.917168289422988892e-02 7.553920745849609375e-01 -6.928898692131042480e-01 1.981050729751586914e+00 1.131586655974388123e-01 -1.730006337165832520e+00 9.017299860715866089e-02
-1.093665242195129395e+00 1.424424171447753906e+00 1.026709556579589844e+00 1.305372595787048340e+00 3.940781950950622559e-01 -2.047980785369873047e+00 -1.137306451797485352e+00 3.039827942848205566e-01
-2.016705036163330078e+00 4.802551493048667908e-02 -6.016145944595336914e-01 -4.990804493427276611e-01 -9.454122185707092285e-02 -1.933682151138782501e-02 -8.219630718231201172e-01 3.698672726750373840e-02
1.765605956315994263e-01 -1.611004769802093506e-01 2.884074747562408447e-01 1.670416235923767090e+00 5.089881420135498047e-01 -8.028271198272705078e-01 -1.181006073951721191e+00 1.165127515792846680e+00
9.317623972892761230e-01 1.361352443695068359e+00 -5.230884552001953125e-01 -1.899883985519409180e+00 -8.308032751083374023e-01 -1.610004007816314697e-01 -1.104030106216669083e-02 -1.531607747077941895e+00
6.009044647216796875e-01 -1.962640881538391113e-01 2.170921266078948975e-01 2.328771203756332397e-01 -1.346510767936706543e+00 -3.890880569815635681e-02 7.414130568504333496e-01 -8.182027339935302734e-01
1.759446412324905396e-01 5.323698520660400391e-01 -4.762350022792816162e-01 -1.812540650367736816e+00 9.263589978218078613e-01 -1.301902890205383301e+00 -2.684469819068908691e-01 1.364538550376892090e+00
-8.024063110351562500e-01 -2.325625419616699219e+00 -1.678701877593994141e+00 1.187653616070747375e-01 -3.641269728541374207e-02 -1.576853394508361816e-01 -1.904452964663505554e-02 -7.938336730003356934e-01
2.361897468566894531e+00 -5.910512804985046387e-01 9.989349842071533203e-01 -1.402147531509399414e+00 -4.268248975276947021e-01 4.876632988452911377e-01 -1.991918087005615234e+00 -9.756224155426025391e-01
-2.317705005407333374e-02 7.169402390718460083e-02 2.753612399101257324e-01 -4.789676666259765625e-01 7.972138524055480957e-01 1.306106448173522949e+00 2.271711826324462891e+00 -7.236350327730178833e-03
-1.222807526588439941e+00 7.139130234718322754e-01 -1.623155623674392700e-01 6.862060427665710449e-01 8.137903809547424316e-01 -1.083291888236999512e+00 1.013044714927673340e-01 9.247704744338989258e-01
1.358784198760986328e+00 1.075905799865722656e+00 4.344568550586700439e-01 -2.791448593139648438e+00 -5.369426608085632324e-01 2.918163239955902100e-01 -2.891177237033843994e-01 -1.393558025360107422e+00
-1.519096612930297852e+00 -3.867983579635620117e+00 -5.288760066032409668e-01 -1.327468752861022949e-01 -1.594430327415466309e+00 2.386782318353652954e-02 3.687350749969482422e-01 2.520189523696899414e+00
3.326283693313598633e-01 3.314639925956726074e-01 1.170954778790473938e-01 5.333141684532165527e-01 -4.029251933097839355e-01 3.707934319972991943e-01 2.150881439447402954e-01 1.699569106101989746e+00
-3.570995032787322998e-01 5.229046940803527832e-02 3.881217837333679199e-01 1.739822506904602051e+00 1.191429853439331055e+00 -4.651665687561035156e-01 -1.579063653945922852e+00 -6.757235527038574219e-02
9.172174930572509766e-01 1.150691866874694824e+00 1.824498176574707031e-01 -1.042015030980110168e-01 -4.768882989883422852e-01 1.341510713100433350e-01 -8.047264814376831055e-01 1.178205490112304688e+00
1.509630441665649414e+00 1.149219632148742676e+00 -1.787823438644409180e+00 -1.787417888641357422e+00 -1.195400357246398926e-01 1.382801830768585205e-01 -4.208439886569976807e-01 5.526515841484069824e-01
1.415593743324279785e+00 2.995776236057281494e-01 -1.823821514844894409e-01 1.630050063133239746e+00 -4.264177680015563965e-01 1.875811219215393066e+00 2.450073808431625366e-01 2.083496600389480591e-01
2.485604882240295410e-01 -1.015156865119934082e+00 1.309182524681091309e+00 1.745091080665588379e+00 -6.988921761512756348e-01 -9.142630100250244141e-01 -1.283986806869506836e+00 -5.640530586242675781e-01
-1.200460076332092285e+00 -2.867299318313598633e-01 3.017251193523406982e-01 -5.592041611671447754e-01 -7.222430109977722168e-01 2.931474149227142334e-01 -6.393900513648986816e-01 6.140828598290681839e-03
5.407685041427612305e-01 8.510633707046508789e-01 1.557150840759277344e+00 9.000315666198730469e-01 1.108385995030403137e-01 -1.880182147026062012e+00 -2.478548735380172729e-01 1.294335007667541504e+00
1.371007442474365234e+00 3.308081626892089844e-02 1.053647637367248535e+00 4.205585718154907227e-01 1.264911055564880371e+00 3.289648517966270447e-02 9.666296094655990601e-02 -9.911801815032958984e-01
-1.597108006477355957e+00 -1.127285718917846680e+00 -1.166674971580505371e+00 2.263427823781967163e-01 -1.746024966239929199e+00 -1.053757429122924805e+00 1.440772563219070435e-01 -5.617479085922241211e-01
1.252191066741943359e+00 -1.252788066864013672e+00 -7.242927551269531250e-01 3.742469847202301025e-01 8.616873025894165039e-01 2.380690813064575195e+00 -4.839435815811157227e-01 -2.999422550201416016e-01
8.182691335678100586e-01 -1.553276419639587402e+00 -4.786501526832580566e-01 -6.798228025436401367e-01 -9.495124220848083496e-01 8.011208772659301758e-01 -3.221904635429382324e-01 -4.502891004085540771e-01
1.120250225067138672e+00 3.637327253818511963e-01 1.326426982879638672e+00 -1.421266674995422363e+00 5.339031815528869629e-01 4.787576794624328613e-01 5.784129500389099121e-01 3.870240449905395508e-01
-1.303819894790649414e+00 1.785794734954833984e+00 3.058919310569763184e-01 -7.304410934448242188e-01 3.996619284152984619e-01 -6.884856820106506348e-01 1.434573888778686523e+00 2.650493085384368896e-01
-1.061949849128723145e+00 3.230065107345581055e-01 -1.558827012777328491e-01 4.718190133571624756e-01 -4.056035280227661133e-01 4.540779888629913330e-01 1.537429809570312500e+00 -2.544494271278381348e-01
-1.146063804626464844e+00 3.052958846092224121e-01 3.330555558204650879e-02 -8.562242984771728516e-01 -2.578324675559997559e-01 -2.254078388214111328e+00 3.978173136711120605e-01 -1.051901459693908691e+00
7.272080779075622559e-01 1.464906334877014160e+00 8.089858293533325195e-01 -2.599457800388336182e-01 -1.277683615684509277e+00 -2.342729121446609497e-01 -5.050825476646423340e-01 1.608466625213623047e+00
-1.025634288787841797e+00 6.726017594337463379e-01 1.248283982276916504e+00 3.951094299554824829e-02 -1.157659053802490234e+00 1.015039999037981033e-02 4.322932362556457520e-01 -5.787264183163642883e-02
1.798303797841072083e-02 -8.014878034591674805e-01 1.704355359077453613e+00 -3.925116360187530518e-01 -2.203971594572067261e-01 -1.104667782783508301e+00 4.842772781848907471e-01 3.529512286186218262e-01
-1.532967090606689453e-01 -1.351529479026794434e+00 6.845691204071044922e-01 -2.891925871372222900e-01 -4.460240304470062256e-01 -2.092413902282714844e+00 -1.181114792823791504e+00 -3.662609308958053589e-02
-6.970430016517639160e-01 -1.115327596664428711e+00 -5.815843939781188965e-01 9.876689314842224121e-01 6.300725936889648438e-01 -1.443834882229566574e-02 -9.711191058158874512e-01 -6.831911951303482056e-02
-3.936423063278198242e-01 6.282007098197937012e-01 1.375738859176635742e+00 -1.281903237104415894e-01 3.465787768363952637e-01 7.886999249458312988e-01 -4.009343683719635010e-01 1.302590608596801758e+00
2.176723927259445190e-01 -8.845665454864501953e-01 1.409938573837280273e+00 5.285972952842712402e-01 6.463980674743652344e-02 -3.464716672897338867e-01 2.028294563293457031e+00 1.568224430084228516e-01
4.017492234706878662e-01 -1.675438135862350464e-01 2.505158662796020508e+00 -6.571586728096008301e-01 -2.148067504167556763e-01 -3.405953943729400635e-01 1.292606711387634277e+00 1.909542270004749298e-02
1.074253082275390625e+00 2.079424113035202026e-01 -1.567121148109436035e+00 -1.818541139364242554e-01 -2.129662185907363892e-01 1.297606110572814941e+00 -1.825532130897045135e-02 1.136302351951599121e+00
-3.227003216743469238e-01 3.885583877563476562e-01 -1.746162891387939453e+00 -2.324367463588714600e-01 -2.130051612854003906e+00 -9.128293395042419434e-01 5.744784474372863770e-01 -4.654077887535095215e-01
4.666427671909332275e-01 5.506266951560974121e-01 -1.549406647682189941e+00 9.068319201469421387e-01 4.198516905307769775e-01 1.078983426094055176e+00 5.359569191932678223e-01 -5.406668782234191895e-01
1.084479093551635742e+00 -4.744916036725044250e-02 -9.765514731407165527e-01 1.048363089561462402e+00 5.770970582962036133e-01 1.082227528095245361e-01 -9.497221112251281738e-01 8.673541247844696045e-02
6.431733965873718262e-01 -6.437697410583496094e-01 1.032205939292907715e+00 -7.757505029439926147e-02 9.954435378313064575e-02 3.217530548572540283e-01 -1.245281219482421875e+00 1.458932179957628250e-02
-1.193695425987243652e+00 -1.174913406372070312e+00 -5.261152237653732300e-02 -1.131624102592468262e+00 -1.314143985509872437e-01 -6.390650868415832520e-01 -6.243912577629089355e-01 -9.607856869697570801e-01
-2.005859851837158203e+00 -8.306761384010314941e-01 2.100567072629928589e-01 1.974264264106750488e+00 2.337701916694641113e-01 8.403980731964111328e-01 9.490446448326110840e-01 9.993648529052734375e-01
7.379439473152160645e-02 2.631310224533081055e-01 5.777398943901062012e-01 9.340172410011291504e-01 7.396155595779418945e-01 -4.896024167537689209e-01 -1.682274818420410156e+00 7.930776476860046387e-01
-1.299455463886260986e-01 4.622906446456909180e-01 -7.828950285911560059e-01 -3.478083908557891846e-01 7.202809453010559082e-01 8.681787252426147461e-01 1.853812485933303833e-01 -9.088137745857238770e-01
9.662023782730102539e-01 9.044749736785888672e-01 2.281354367733001709e-01 1.144412040710449219e+00 -8.374860286712646484e-01 1.265444010496139526e-01 1.111818075180053711e+00 -7.669723629951477051e-01
5.758734941482543945e-01 1.100152850151062012e+00 1.679573774337768555e+00 -6.986811161041259766e-01 -1.251227259635925293e+00 -1.790895342826843262e+00 1.958671450614929199e+00 6.965523958206176758e-01
1.874191015958786011e-01 -1.215602517127990723e+00 -9.281717240810394287e-03 1.760670185089111328e+00 9.437776207923889160e-01 -1.686058878898620605e+00 7.407894730567932129e-01 6.536913514137268066e-01
-6.065369844436645508e-01 2.419807016849517822e-02 -1.638470768928527832e+00 -3.488346636295318604e-01 -5.022054910659790039e-01 1.270273685455322266e+00 -2.025853395462036133e-01 -2.701017856597900391e+00
-1.178200244903564453e+00 -1.173911809921264648e+00 4.310352206230163574e-01 1.523935556411743164e+00 5.821080803871154785e-01 3.816156983375549316e-01 2.843717813491821289e+00 -6.333136558532714844e-01
5.151735544204711914e-01 1.128808617591857910e+00 -1.190063953399658203e+00 2.311509549617767334e-01 1.882142871618270874e-01 3.206287026405334473e-01 -1.239448785781860352e+00 1.388760060071945190e-01
6.802878975868225098e-01 -1.864397287368774414e+00 1.442205309867858887e-01 -1.319058179855346680e+00 5.944959521293640137e-01 -4.699869453907012939e-01 9.747983217239379883e-01 4.368219673633575439e-01
2.478167116641998291e-01 -5.112395286560058594e-01 2.676323950290679932e-01 1.779510974884033203e+00 -9.618303924798965454e-02 3.460961580276489258e-01 1.345685243606567383e+00 7.603160291910171509e-02
-7.870007753372192383e-01 -1.117997288703918457e+00 -1.526138305664062500e+00 1.759342312812805176e+00 -5.642282366752624512e-01 1.478652507066726685e-01 -3.226506114006042480e-01 8.541496396064758301e-01
-1.823656439781188965e+00 1.886312365531921387e+00 -2.251452207565307617e+00 -6.700319647789001465e-01 1.140542268753051758e+00 1.780923604965209961e-01 -6.820545345544815063e-02 3.084421455860137939e-01
-1.046001911163330078e+00 -2.710621356964111328e-01 -3.674803674221038818e-02 6.088932752609252930e-01 -2.297371923923492432e-01 1.381562501192092896e-01 1.761628836393356323e-01 -1.576210498809814453e+00
-1.570896506309509277e+00 -1.308055073022842407e-01 2.687193632125854492e+00 4.108827412128448486e-01 -9.392981529235839844e-01 5.825588107109069824e-01 -2.142418324947357178e-01 -2.003442943096160889e-01
6.515097618103027344e-02 1.470550000667572021e-01 -8.490486145019531250e-01 1.209503173828125000e+00 3.590611815452575684e-01 -1.576184272766113281e+00 -2.804553508758544922e+00 -1.210967779159545898e+00
4.846890568733215332e-01 6.666964292526245117e-01 3.927196562290191650e-02 2.051550447940826416e-01 -1.891264319419860840e-02 -2.310840129852294922e+00 4.119538962841033936e-01 1.627608418464660645e+00
2.722650468349456787e-01 2.492748349905014038e-01 -5.150473713874816895e-01 1.719069033861160278e-01 4.103877842426300049e-01 -1.264384508132934570e+00 -2.818390369415283203e+00 1.902326345443725586e-01
-1.957977175712585449e+00 5.243657827377319336e-01 -9.899741411209106445e-01 3.996955752372741699e-01 2.563910484313964844e-01 -4.227537810802459717e-01 -9.169956445693969727e-01 4.959065914154052734e-01
-1.091684222221374512e+00 -1.099542617797851562e+00 1.082362413406372070e+00 -5.686416029930114746e-01 -1.103357672691345215e+00 2.990718232467770576e-03 1.236592769622802734e+00 1.995518952608108521e-01
-1.015121221542358398e+00 1.081474661827087402e+00 1.837564110755920410e+00 -6.915981173515319824e-01 7.036815285682678223e-01 9.161526560783386230e-01 -1.322375178337097168e+00 2.520492076873779297e-01
-8.950358629226684570e-01 -4.049071371555328369e-01 -6.039522588253021240e-02 2.391194105148315430e-01 2.355006486177444458e-01 2.237678915262222290e-01 3.094473183155059814e-01 8.803237676620483398e-01
5.475940704345703125e-01 -1.319464743137359619e-01 3.361964523792266846e-01 -7.743878755718469620e-03 -1.929228425025939941e+00 -5.786617994308471680e-01 -9.968705773353576660e-01 -3.466340303421020508e-01
-1.176777005195617676e+00 -8.134749531745910645e-02 4.425454139709472656e-01 -1.736309528350830078e+00 8.877233266830444336e-01 -7.371181845664978027e-01 -1.057160615921020508e+00 -2.861281335353851318e-01
1.095510348677635193e-01 -1.379918932914733887e+00 2.377950906753540039e+00 1.562325835227966309e+00 1.357392668724060059e+00 -2.889310717582702637e-01 1.969568133354187012e-01 -1.575518965721130371e+00
1.300558567047119141e+00 -1.035783886909484863e+00 -2.457958608865737915e-01 1.985116720199584961e+00 1.452918887138366699e+00 6.605046391487121582e-01 1.158015847206115723e+00 1.033738553524017334e-01
8.190187811851501465e-01 -9.450001716613769531e-01 -7.576971501111984253e-02 6.028016209602355957e-01 1.534748822450637817e-01 1.195484399795532227e+00 -9.656985998153686523e-01 8.857854008674621582e-01
1.257190573960542679e-02 8.101583272218704224e-02 -1.891050815582275391e+00 -1.143974900245666504e+00 -6.081874966621398926e-01 -1.717487454414367676e+00 1.287173777818679810e-01 -1.183952018618583679e-01
3.961290121078491211e-01 -7.666705846786499023e-01 1.453558087348937988e+00 4.414421319961547852e-01 -6.705734729766845703e-01 1.197273612022399902e+00 -9.758556485176086426e-01 -3.874819576740264893e-01
8.760449886322021484e-01 -6.771116256713867188e-01 1.011974692344665527e+00 3.214754462242126465e-01 3.660843968391418457e-01 -1.353062272071838379e+00 2.406231313943862915e-01 -1.335706263780593872e-01
-3.091202974319458008e-01 1.769696474075317383e-01 -6.911599040031433105e-01 1.253787517547607422e+00 -3.948104977607727051e-01 -8.333856463432312012e-01 5.191370099782943726e-02 4.616504162549972534e-02
1.285060167312622070e+00 -5.696883797645568848e-01 6.775814294815063477e-02 -1.201988697052001953e+00 -3.198751211166381836e-01 5.612807869911193848e-01 -2.255390584468841553e-01 -5.775116756558418274e-02
-8.361625671386718750e-01 -2.300196290016174316e-01 1.059762835502624512e+00 -2.719641327857971191e-01 1.646307706832885742e+00 5.189048051834106445e-01 1.828305721282958984e-01 -1.692145705223083496e+00
3.795784711837768555e-01 -7.197040915489196777e-01 6.823290586471557617e-01 -1.415998458862304688e+00 -4.891143143177032471e-01 1.024220943450927734e+00 6.752636432647705078e-01 -3.190715312957763672e-01
4.752112329006195068e-01 -5.420258641242980957e-01 -1.403236508369445801e+00 1.161868050694465637e-01 1.010548233985900879e+00 8.110481500625610352e-01 -8.945564925670623779e-02 1.243166446685791016e+00
3.237796127796173096e-01 7.980698943138122559e-01 7.861573100090026855e-01 -5.460544824600219727e-01 2.529070079326629639e-01 2.582035064697265625e-01 -9.396885633468627930e-01 -2.391011416912078857e-01
3.085476160049438477e-01 5.357829332351684570e-01 1.906619310379028320e+00 -1.369786500930786133e+00 -2.239058017730712891e+00 -1.135999560356140137e+00 4.450637996196746826e-01 -9.387139081954956055e-01
-1.024706840515136719e+00 2.776309251785278320e-01 9.237611293792724609e-01 3.109630048274993896e-01 -9.406104087829589844e-01 5.659926533699035645e-01 -6.021906137466430664e-01 6.697538495063781738e-01
8.382310867309570312e-01 -6.199841499328613281e-01 2.422607839107513428e-01 -7.569352388381958008e-01 -2.692117452621459961e+00 -1.048690438270568848e+00 1.087922930717468262e+00 4.696502089500427246e-01
1.664257407188415527e+00 1.226336061954498291e-01 -1.624007105827331543e+00 7.053651809692382812e-01 2.449615001678466797e-01 -2.163464784622192383e+00 3.890365958213806152e-01 1.009617567062377930e+00
-1.586888432502746582e-01 -1.250076055526733398e+00 -1.722877025604248047e-01 3.843359947204589844e-01 -5.318045616149902344e-01 -3.415073752403259277e-01 4.646240472793579102e-01 4.896745979785919189e-01
4.575481116771697998e-01 -1.224853619933128357e-01 -1.178583055734634399e-01 6.154008507728576660e-01 1.226023912429809570e+00 -9.934680163860321045e-02 -7.176762223243713379e-01 5.074697732925415039e-01
-4.584585726261138916e-01 2.821703553199768066e-01 -1.022913694381713867e+00 3.053096830844879150e-01 4.698885679244995117e-01 -1.025548696517944336e+00 3.291257619857788086e-01 2.291479349136352539e+00
1.919533491134643555e+00 -9.313163161277770996e-01 -1.327942460775375366e-01 -5.777239203453063965e-01 -3.548022210597991943e-01 -1.775521039962768555e-01 -1.452701568603515625e+00 -4.548565447330474854e-01
5.432481765747070312e-01 -6.674503535032272339e-02 8.268423676490783691e-01 -2.786971628665924072e-01 1.533567428588867188e+00 -5.881719589233398438e-01 -1.195914223790168762e-01 -2.751054465770721436e-01
-9.414933919906616211e-01 6.879450082778930664e-01 3.901094794273376465e-01 -1.459990859031677246e+00 -2.219529390335083008e+00 2.769336402416229248e-01 -1.557586312294006348e+00 3.223821818828582764e-01
4.424609839916229248e-01 5.794544816017150879e-01 2.012562304735183716e-01 5.146981477737426758e-01 6.962474584579467773e-01 -7.860982418060302734e-01 -1.697832047939300537e-01 1.703464388847351074e+00
1.070937752723693848e+00 1.622545003890991211e+00 -9.062830805778503418e-01 -9.834110736846923828e-01 6.635141968727111816e-01 1.075590014457702637e+00 -5.577662587165832520e-01 8.091701865196228027e-01
1.609629690647125244e-01 3.871018886566162109e-01 -8.504592776298522949e-01 3.905733525753021240e-01 -3.417941555380821228e-02 9.597712755203247070e-01 9.885171055793762207e-01 -5.546301007270812988e-01
-3.340128362178802490e-01 -1.972044855356216431e-01 -6.730126738548278809e-01 -4.874677360057830811e-01 -9.119638204574584961e-01 -1.223733574151992798e-01 8.435406088829040527e-01 -5.622622966766357422e-01
-4.239276647567749023e-01 7.762269973754882812e-01 -7.973816245794296265e-02 2.660706937313079834e-01 3.532004952430725098e-01 7.732424736022949219e-01 -1.366778016090393066e+00 5.072547197341918945e-01
5.800113081932067871e-01 8.967594504356384277e-01 3.387445509433746338e-01 1.517391800880432129e-01 -1.080810546875000000e+00 -6.394203305244445801e-01 -6.018558740615844727e-01 1.499208331108093262e+00
-4.365895390510559082e-01 -1.307872772216796875e+00 -4.912252128124237061e-01 -2.599038481712341309e-01 7.245805263519287109e-01 2.293504625558853149e-01 1.301194190979003906e+00 -3.204213082790374756e-01
1.901451826095581055e+00 -1.679960638284683228e-01 -4.779359698295593262e-01 -1.475153565406799316e+00 -3.050510585308074951e-01 1.936875134706497192e-01 -1.842384636402130127e-01 -7.294394373893737793e-01
3.327599763870239258e-01 2.057122230529785156e+00 -8.560538887977600098e-01 1.418678522109985352e+00 4.049809873104095459e-01 4.582844376564025879e-01 1.265891790390014648e+00 7.362032532691955566e-01
-1.834628701210021973e+00 -1.190631151199340820e+00 -2.025925874710083008e+00 -4.446159303188323975e-01 3.925935626029968262e-01 2.335426568984985352e+00 1.468224644660949707e+00 3.694476783275604248e-01
-1.705981492996215820e-01 -1.403489232063293457e+00 -4.955732524394989014e-01 1.469939827919006348e+00 1.122367382049560547e+00 -1.043802857398986816e+00 7.838585972785949707e-01 1.079150676727294922e+00
1.009557723999023438e+00 -3.942425251007080078e-01 6.357037927955389023e-04 -5.221493840217590332e-01 -6.658875942230224609e-01 -5.691505670547485352e-01 1.054991960525512695e+00 -3.264564573764801025e-01
-1.195184469223022461e+00 -8.473793268203735352e-01 -1.186989024281501770e-01 2.629685699939727783e-01 2.664397656917572021e-01 4.916498959064483643e-01 -4.185341894626617432e-01 -9.861982613801956177e-02
-2.746468305587768555e+00 -2.925824522972106934e-01 6.863688826560974121e-01 1.146624326705932617e+00 2.581336498260498047e-01 -1.095679700374603271e-01 2.124077320098876953e+00 -1.455340862274169922e+00
-1.286207884550094604e-01 -1.152555108070373535e+00 -5.572416782379150391e-01 -7.446081638336181641e-01 -4.699532985687255859e-01 -3.962142765522003174e-01 1.355953454971313477e+00 -3.053856194019317627e-01
7.381337881088256836e-01 -2.763785421848297119e-02 1.434201121330261230e+00 -3.443118929862976074e-02 -1.448451280593872070e+00 6.971949934959411621e-01 -4.180180281400680542e-02 7.018099427223205566e-01
6.946012973785400391e-01 -4.884825348854064941e-01 -1.638951599597930908e-01 -2.269727468490600586e+00 -1.443365067243576050e-01 -1.549300432205200195e+00 -4.383774846792221069e-02 7.045232057571411133e-01
-8.842669129371643066e-01 -7.751432061195373535e-01 -1.158581852912902832e+00 -5.537208914756774902e-01 -1.190121173858642578e+00 3.531747758388519287e-01 -6.555814146995544434e-01 -5.538101196289062500e-01
-6.884946227073669434e-01 2.019223928451538086e+00 -1.354604363441467285e+00 8.092102408409118652e-01 -1.053959369659423828e+00 -1.678978562355041504e+00 8.603198528289794922e-01 5.168416500091552734e-01
3.476592600345611572e-01 -5.840000510215759277e-01 -1.323565006256103516e+00 1.331177830696105957e+00 1.306652069091796875e+00 -2.782461881637573242e+00 2.179966121912002563e-02 -9.223135709762573242e-01
4.532808363437652588e-01 6.233176216483116150e-02 2.166606932878494263e-01 -2.456639558076858521e-01 5.898817908018827438e-03 -1.331931233406066895e+00 9.061913937330245972e-02 7.586764693260192871e-01
