-1.770100831985473633e+00 4.492732137441635132e-02 6.338829994201660156e-01 -1.552960127592086792e-01 6.091623902320861816e-01 1.320411562919616699e+00 1.865779757499694824e-01 5.509279370307922363e-01
1.534393668174743652e+00 6.680125594139099121e-01 -2.258178234100341797e+00 1.594787597656250000e+00 -3.996580466628074646e-02 -1.004117369651794434e+00 -1.981460928916931152e+00 7.085591554641723633e-01
5.848942399024963379e-01 1.190372779965400696e-01 7.780147194862365723e-01 -1.130516886711120605e+00 6.489624828100204468e-02 -2.445439994335174561e-01 -4.852543771266937256e-01 -2.352675050497055054e-01
9.306672215461730957e-01 -2.366631329059600830e-01 -6.402671933174133301e-01 5.538229346275329590e-01 -7.924541831016540527e-01 -1.033786177635192871e+00 8.224315643310546875e-01 4.087570011615753174e-01
-6.056179851293563843e-02 -5.800247192382812500e-01 5.081093311309814453e-01 1.780548810958862305e+00 2.041357383131980896e-02 -9.013175033032894135e-03 -6.209215521812438965e-01 1.216012686491012573e-01
-6.822535395622253418e-01 8.603212833404541016e-01 -1.090931773185729980e+00 2.608506567776203156e-02 -1.410331726074218750e+00 7.837545126676559448e-02 -1.392996311187744141e+00 1.448692440986633301e+00
1.835575938224792480e+00 2.108339309692382812e+00 -1.944768548011779785e+00 7.982059717178344727e-01 1.175540804862976074e+00 5.511542558670043945e-01 -1.420757055282592773e+00 1.003083229064941406e+00
-8.664734959602355957e-01 -5.278559401631355286e-02 -1.297746777534484863e+00 1.909183859825134277e-01 9.084601998329162598e-01 6.730651259422302246e-01 1.159244298934936523e+00 -9.796757102012634277e-01
-1.187031269073486328e+00 1.201009750366210938e+00 -2.449651956558227539e-01 4.356945753097534180e-01 8.036557435989379883e-01 -6.130471229553222656e-01 1.236770033836364746e+00 1.327539801597595215e+00
-1.182871088385581970e-01 -5.924123525619506836e-01 1.230797693133354187e-01 -8.576208353042602539e-01 -2.483795642852783203e+00 6.924554705619812012e-02 6.617844104766845703e-01 4.728022813796997070e-01
9.584383964538574219e-01 1.455803364515304565e-01 1.803873300552368164e+00 -3.743817508220672607e-01 5.700325369834899902e-01 -7.966414093971252441e-01 4.779863953590393066e-01 2.871939420700073242e+00
7.544496655464172363e-01 -9.931208491325378418e-01 -1.955363899469375610e-01 9.398972988128662109e-01 -1.445700407028198242e+00 -1.250868201255798340e+00 1.465593218803405762e+00 -8.455292135477066040e-02
-9.910812973976135254e-01 -7.569375634193420410e-01 -1.300245761871337891e+00 4.761307239532470703e-01 -9.172698259353637695e-01 -1.793755143880844116e-01 -1.084997653961181641e+00 -1.576216667890548706e-01
-6.520228832960128784e-02 1.953600406646728516e+00 -8.999460935592651367e-01 -8.528270125389099121e-01 4.066465795040130615e-02 -3.840054571628570557e-01 -1.011803627014160156e+00 -5.756732225418090820e-01
-3.784564137458801270e-01 5.484549999237060547e-01 -5.776249766349792480e-01 -1.211914300918579102e+00 3.530012965202331543e-01 9.112530946731567383e-01 2.978197336196899414e-01 -8.226941823959350586e-01
-4.439624547958374023e-01 9.457243680953979492e-01 1.333019018173217773e+00 -7.880634069442749023e-02 1.118870019912719727e+00 -2.046249508857727051e-01 -7.659763097763061523e-01 1.320767760276794434e+00
1.364853024482727051e+00 -1.013086587190628052e-01 -2.120868921279907227e+00 -2.480160146951675415e-01 2.713228762149810791e-01 1.357314229011535645e+00 1.253854513168334961e+00 1.527848243713378906e+00
-4.596089720726013184e-01 -1.965835452079772949e+00 1.311473965644836426e+00 -8.958179503679275513e-02 1.175266146659851074e+00 -4.179972112178802490e-01 1.120644569396972656e+00 3.328298032283782959e-01
7.814338803291320801e-01 -7.119574546813964844e-01 5.425907373428344727e-01 1.020922511816024780e-01 -2.208306938409805298e-01 -1.125329017639160156e+00 8.022736907005310059e-01 -7.909036874771118164e-01
8.995198607444763184e-01 -7.622626423835754395e-01 -2.931196987628936768e-01 4.409194290637969971e-01 4.252301454544067383e-01 -2.752865850925445557e-01 8.680878281593322754e-01 -1.068749055266380310e-01
4.685999453067779541e-02 -2.592629194259643555e-01 1.536839157342910767e-01 1.180124521255493164e+00 -2.171450853347778320e+00 -1.294211018830537796e-03 -2.885122597217559814e-01 -1.498336195945739746e-01
4.817639887332916260e-01 2.166060447692871094e+00 -1.124707221984863281e+00 3.295694291591644287e-01 7.186211943626403809e-01 -2.972543835639953613e-01 1.460605382919311523e+00 -5.585483834147453308e-02
1.701210737228393555e-01 2.485037744045257568e-01 1.475691318511962891e+00 -9.915282726287841797e-01 7.554509639739990234e-01 4.017055630683898926e-01 7.902194261550903320e-01 -1.116764426231384277e+00
-1.611306816339492798e-01 1.110484600067138672e-01 5.225520133972167969e-01 5.830636024475097656e-01 -2.024647407233715057e-02 -9.287834167480468750e-01 -5.034729242324829102e-01 -8.220119476318359375e-01
6.092900037765502930e-01 9.279102087020874023e-02 1.223953723907470703e+00 1.052009537816047668e-01 1.360877156257629395e+00 6.187736988067626953e-01 6.945213675498962402e-01 -6.372674107551574707e-01
-9.308493137359619141e-01 -1.760851740837097168e+00 7.238470017910003662e-02 -1.115936040878295898e+00 -2.811544835567474365e-01 4.402867555618286133e-01 1.152985692024230957e+00 -3.153330385684967041e-01
1.246877670288085938e+00 3.400433659553527832e-01 -7.909926772117614746e-01 1.800323426723480225e-01 9.419989585876464844e-01 2.060701996088027954e-01 1.642226129770278931e-01 -7.769557088613510132e-02
5.704161524772644043e-01 2.734551727771759033e-01 8.401720523834228516e-01 -2.310940474271774292e-01 4.361905157566070557e-01 -3.030368387699127197e-01 1.563011288642883301e+00 1.143302679061889648e+00
1.033480763435363770e+00 1.390901923179626465e+00 3.996658921241760254e-01 -6.992159485816955566e-01 3.269458413124084473e-01 3.783590197563171387e-01 1.074467778205871582e+00 3.088790178298950195e-01
5.406146049499511719e-01 6.709034442901611328e-01 -4.103898704051971436e-01 -2.762168347835540771e-01 2.339236587285995483e-01 -1.124027371406555176e-02 -6.542974710464477539e-01 -9.854128956794738770e-02
4.118117690086364746e-01 -1.956826686859130859e+00 7.097525000572204590e-01 -6.793110072612762451e-02 6.737792491912841797e-01 -2.759733498096466064e-01 -2.964992262423038483e-02 -4.778065979480743408e-01
1.791895508766174316e+00 -1.076859474182128906e+00 -1.206554889678955078e+00 9.131084084510803223e-01 7.247216701507568359e-01 1.280024528503417969e+00 -4.280842244625091553e-01 3.220878243446350098e-01
-3.130785226821899414e-01 -1.300034523010253906e+00 1.390816211700439453e+00 -1.543510198593139648e+00 -1.278452038764953613e+00 -2.710365295410156250e+00 -1.810020446777343750e+00 -1.878802895545959473e+00
-1.192364811897277832e+00 2.020044624805450439e-01 1.673385143280029297e+00 6.870834231376647949e-01 1.555625796318054199e+00 2.706182479858398438e+00 6.753852367401123047e-01 1.762417703866958618e-01
9.781751781702041626e-02 1.935142427682876587e-01 -1.297259569168090820e+00 -1.265770435333251953e+00 6.627679616212844849e-02 1.746125668287277222e-01 -4.282988309860229492e-01 5.999454259872436523e-01
4.528967738151550293e-01 -1.353751420974731445e-01 7.198430895805358887e-01 8.532860279083251953e-01 -1.977955460548400879e+00 -1.171526074409484863e+00 9.244670718908309937e-02 1.530965328216552734e+00
-6.037191152572631836e-01 -5.301735401153564453e-01 -1.181204319000244141e+00 -9.628377854824066162e-02 9.146012663841247559e-01 -6.673207283020019531e-01 1.054829835891723633e+00 6.366040110588073730e-01
-4.523669928312301636e-02 6.555708497762680054e-02 -2.693845033645629883e-01 -3.845838010311126709e-01 -6.484374403953552246e-01 2.290391735732555389e-02 -7.887566685676574707e-01 -1.771123111248016357e-01
-1.507759451866149902e+00 8.576220870018005371e-01 -3.525933921337127686e-01 2.172141313552856445e+00 -1.114895045757293701e-01 2.790358960628509521e-01 1.148617148399353027e+00 -1.512019157409667969e+00
-1.039522171020507812e+00 1.465734094381332397e-01 1.693886995315551758e+00 -3.273528516292572021e-01 7.568174600601196289e-01 -1.009561777114868164e+00 -4.041201472282409668e-01 -1.319768309593200684e+00
1.212504267692565918e+00 -6.290432810783386230e-01 9.153655767440795898e-01 -3.048931360244750977e-01 1.219444632530212402e+00 8.208575844764709473e-01 -7.317531108856201172e-02 -1.110101342201232910e+00
5.944942831993103027e-01 -7.630938291549682617e-01 4.344155192375183105e-01 -2.755062282085418701e-01 -1.090359091758728027e+00 1.140969753265380859e+00 1.094860196113586426e+00 1.720195293426513672e+00
6.096962690353393555e-01 -3.419868648052215576e-01 2.009567059576511383e-02 9.621114730834960938e-01 9.880938529968261719e-01 -3.421099781990051270e-01 1.604621767997741699e+00 1.293922901153564453e+00
1.182528614997863770e+00 -2.438919544219970703e-01 -8.142419457435607910e-01 -4.210134744644165039e-01 -3.982619047164916992e-01 1.236715912818908691e+00 -7.336549162864685059e-01 1.111217513680458069e-01
8.670781254768371582e-01 7.470175623893737793e-01 -1.131377816200256348e+00 6.341863423585891724e-02 -3.239300251007080078e-01 -1.543142199516296387e+00 2.202134393155574799e-02 -1.038289189338684082e+00
4.781775176525115967e-01 5.242606401443481445e-01 1.350826025009155273e+00 2.686830520629882812e+00 -1.624289274215698242e+00 1.867560625076293945e+00 1.745908260345458984e-01 -3.756239637732505798e-02
1.172517389059066772e-01 3.205796182155609131e-01 6.849723458290100098e-01 5.440652966499328613e-01 1.077912211418151855e+00 1.796412944793701172e+00 -8.780200481414794922e-01 -9.116545915603637695e-01
4.724211692810058594e-01 -3.078564405441284180e-01 -1.589352965354919434e+00 1.353739857673645020e+00 -1.293811321258544922e+00 9.175112098455429077e-02 -3.573823869228363037e-01 5.799550563097000122e-02
-1.220304295420646667e-01 1.711143255233764648e+00 -5.568799376487731934e-01 -1.212022185325622559e+00 6.673297286033630371e-01 -5.627306103706359863e-01 -2.997217178344726562e-01 4.775407612323760986e-01
2.795364856719970703e+00 -8.193852901458740234e-01 1.035759449005126953e+00 -2.769968509674072266e-01 -4.245749711990356445e-01 -1.311778068542480469e+00 5.562433227896690369e-02 6.989214420318603516e-01
-5.861271023750305176e-01 2.437844276428222656e-01 8.702908456325531006e-02 -2.660072565078735352e+00 8.924858570098876953e-01 3.620033860206604004e-01 -9.620011784136295319e-03 1.394197344779968262e+00
1.481484889984130859e+00 -1.122665286064147949e+00 -6.965683400630950928e-02 1.556014895439147949e+00 -9.939382672309875488e-01 1.096409320831298828e+00 2.094335705041885376e-01 -9.910944700241088867e-01
-7.033932209014892578e-02 1.326002359390258789e+00 9.676311165094375610e-02 -8.802602291107177734e-01 1.686987161636352539e+00 4.105340540409088135e-01 -2.378444910049438477e+00 -4.887299537658691406e-01
-4.691188931465148926e-01 3.426769971847534180e-01 1.269930958747863770e+00 -1.028422713279724121e+00 -6.670330166816711426e-01 -6.786921024322509766e-01 3.815964162349700928e-01 -1.019941568374633789e+00
1.950556874275207520e+00 7.472107559442520142e-02 -1.531393229961395264e-01 2.769621014595031738e-01 1.886386394500732422e+00 -1.102296948432922363e+00 4.038066565990447998e-01 -6.704412102699279785e-01
-2.795403003692626953e-01 7.787086367607116699e-01 -9.398258924484252930e-01 -2.556766271591186523e-01 -1.409052729606628418e+00 8.732558786869049072e-02 1.877467274665832520e+00 -7.249276638031005859e-01
3.603804409503936768e-01 1.165722370147705078e+00 5.681819915771484375e-01 -5.105399992316961288e-03 -5.334360599517822266e-01 -2.285358905792236328e-01 1.462919354438781738e+00 -8.380267620086669922e-01
-1.500479459762573242e+00 1.899553835391998291e-01 -9.182125926017761230e-01 2.109476804733276367e+00 1.661907672882080078e+00 9.147095084190368652e-01 3.668003678321838379e-01 -2.119966149330139160e-01
-5.142706036567687988e-01 -4.390726089477539062e-01 -4.307769834995269775e-01 -7.416881322860717773e-01 -3.339381814002990723e-01 3.351689875125885010e-01 -1.108306646347045898e+00 8.889091014862060547e-01
1.821083426475524902e+00 8.132788538932800293e-01 2.218251377344131470e-01 2.906228303909301758e-01 5.827643871307373047e-01 1.657374203205108643e-01 5.247832536697387695e-01 -5.888571143150329590e-01
-1.140397861599922180e-01 2.393608689308166504e-01 2.011188030242919922e+00 9.466698169708251953e-01 -5.005921125411987305e-01 -2.784459114074707031e+00 6.229360103607177734e-01 -1.000630617141723633e+00
-3.003026247024536133e-01 -8.532953262329101562e-01 -8.967267870903015137e-01 -4.931296408176422119e-01 1.474999934434890747e-01 8.816109597682952881e-02 4.742684364318847656e-01 -9.462130665779113770e-01
3.983878195285797119e-01 -4.232331812381744385e-01 7.322456836700439453e-01 -3.673902526497840881e-02 -2.381507605314254761e-01 3.509731292724609375e-01 3.539854884147644043e-01 1.000116348266601562e+00
1.479854822158813477e+00 -7.139562629163265228e-03 1.185585021972656250e+00 -9.230100512504577637e-01 1.946797668933868408e-01 -1.021051287651062012e+00 6.744143962860107422e-01 -2.818747520446777344e+00
-6.028212308883666992e-01 5.653507709503173828e-01 -1.342482805252075195e+00 1.129240632057189941e+00 8.854656815528869629e-01 -9.064689278602600098e-01 -3.478709459304809570e-01 1.302536368370056152e+00
1.129138588905334473e+00 1.477019339799880981e-01 -6.924324631690979004e-01 -9.555200934410095215e-01 1.254345625638961792e-01 -3.787296265363693237e-02 -2.026338316500186920e-02 -3.632850050926208496e-01
-1.801191717386245728e-01 -7.908399701118469238e-01 1.149443745613098145e+00 -6.074794530868530273e-01 9.530072212219238281e-01 3.818267583847045898e-01 7.222787141799926758e-01 -1.276405811309814453e+00
2.860516309738159180e-01 1.397032618522644043e+00 2.916787266731262207e-01 4.254031553864479065e-02 -9.568027257919311523e-01 -6.603786945343017578e-01 -5.334581807255744934e-02 3.628198206424713135e-01
-6.915125846862792969e-01 -2.684566259384155273e+00 -3.975935578346252441e-01 -3.727006018161773682e-01 4.449031054973602295e-01 1.506026238203048706e-01 -1.301251351833343506e-01 4.456562176346778870e-02
-3.303920850157737732e-02 2.153994441032409668e-01 8.498485088348388672e-01 -1.522217154502868652e+00 8.089579939842224121e-01 2.811748087406158447e-01 3.912490010261535645e-01 2.115134239196777344e+00
8.018115162849426270e-01 2.214850187301635742e-01 1.194229006767272949e+00 1.133127331733703613e+00 -2.682727098464965820e+00 -8.595972061157226562e-01 -1.056317985057830811e-01 3.147499561309814453e-01
6.574479341506958008e-01 -1.051728799939155579e-01 -9.689559936523437500e-01 -2.118769846856594086e-02 3.998542129993438721e-01 -2.626184932887554169e-02 -1.256667971611022949e+00 1.232524812221527100e-01
1.123925209045410156e+00 4.017476364970207214e-02 9.699252843856811523e-01 -2.052568197250366211e+00 7.508903741836547852e-01 -3.303002417087554932e-01 8.922173380851745605e-01 -1.553222298622131348e+00
2.020904719829559326e-01 1.329514235258102417e-01 -1.521066665649414062e+00 1.154578328132629395e+00 8.976016640663146973e-01 7.541812658309936523e-01 2.952451407909393311e-01 -8.469889760017395020e-01
-2.081154108047485352e+00 2.069029808044433594e+00 -5.023401379585266113e-01 -7.817145586013793945e-01 1.515954971313476562e+00 1.650438666343688965e+00 7.495312094688415527e-01 -1.939190030097961426e-01
-9.136508703231811523e-01 2.265409380197525024e-02 -6.711210012435913086e-01 3.137886226177215576e-01 -4.272318482398986816e-01 -1.417604237794876099e-01 3.036934733390808105e-01 -8.388913273811340332e-01
-8.652344942092895508e-01 -8.152577280998229980e-01 -3.818960189819335938e-01 -9.676637053489685059e-01 -1.348799318075180054e-01 1.068466976284980774e-01 -2.979389131069183350e-01 -3.895975649356842041e-01
7.109566330909729004e-01 1.278885126113891602e+00 1.571624279022216797e+00 1.011869311332702637e+00 1.890457272529602051e+00 3.317536115646362305e-01 1.674370646476745605e+00 5.988498032093048096e-02
8.206720352172851562e-01 6.275016814470291138e-02 4.907054007053375244e-01 1.082497954368591309e+00 -3.778150379657745361e-01 1.643960595130920410e+00 7.955881357192993164e-01 -4.109197854995727539e-01
2.544136285781860352e+00 1.768885105848312378e-01 1.154018521308898926e+00 6.571167707443237305e-01 1.058776378631591797e+00 -6.906130313873291016e-01 4.791374802589416504e-01 6.339411735534667969e-01
8.602405190467834473e-01 9.491330385208129883e-01 1.119424179196357727e-01 8.598321676254272461e-01 4.316605031490325928e-01 3.233764171600341797e-01 -1.407152652740478516e+00 -1.901090741157531738e+00
-6.609444320201873779e-02 7.276622205972671509e-02 1.483345985412597656e+00 -9.517198055982589722e-02 -6.594972610473632812e-01 -1.178898096084594727e+00 -1.355839967727661133e-01 -9.751130342483520508e-01
-1.180011630058288574e+00 1.532596707344055176e+00 -2.063628286123275757e-01 -1.142496705055236816e+00 7.572370767593383789e-01 -3.635682463645935059e-01 1.158210039138793945e+00 1.353444933891296387e+00
-5.939906835556030273e-01 -6.848121881484985352e-01 5.146985650062561035e-01 -1.313154697418212891e-01 -5.600036382675170898e-01 -1.412668585777282715e+00 1.350305378437042236e-01 1.267781496047973633e+00
-3.310707630589604378e-03 1.905019402503967285e+00 -3.446588814258575439e-01 4.397781193256378174e-01 -4.901280105113983154e-01 1.886181235313415527e+00 1.743816494941711426e+00 1.094955801963806152e+00
-1.264800786972045898e+00 -5.127570629119873047e-01 8.614959716796875000e-01 7.732245922088623047e-01 -1.759091854095458984e+00 -1.109478354454040527e+00 2.355050325393676758e+00 1.787006020545959473e+00
1.691253036260604858e-01 -1.573789000511169434e+00 -6.204590201377868652e-01 8.482612967491149902e-01 6.894558072090148926e-01 -3.396385014057159424e-01 8.331771492958068848e-01 -7.402409613132476807e-02
2.776443660259246826e-01 1.433624505996704102e+00 -4.069740884006023407e-03 9.118317365646362305e-01 1.895131319761276245e-01 2.199660092592239380e-01 -3.534692227840423584e-01 -1.862362384796142578e+00
8.008803129196166992e-01 -8.598866462707519531e-01 1.127144336700439453e+00 5.805146098136901855e-01 -1.506215214729309082e+00 -9.860893487930297852e-01 1.433576464653015137e+00 6.934157013893127441e-01
3.863023519515991211e-01 2.417989492416381836e+00 -6.149594187736511230e-01 1.596591025590896606e-01 2.526265382766723633e-01 8.252846002578735352e-01 1.419804990291595459e-01 5.054625272750854492e-01
3.004468977451324463e-01 -1.207854866981506348e+00 2.298335582017898560e-01 3.319700062274932861e-01 3.926503360271453857e-01 6.893161535263061523e-01 -1.278946250677108765e-01 -8.676087260246276855e-01
5.735213756561279297e-01 -6.807098984718322754e-01 2.569864094257354736e-01 -6.352242231369018555e-01 -6.334356069564819336e-01 -1.106722578406333923e-01 -2.057088762521743774e-01 -6.824423074722290039e-01
1.049958229064941406e+00 -7.350221276283264160e-01 -7.617655992507934570e-01 1.630271792411804199e+00 -1.199808716773986816e+00 -1.195111274719238281e+00 -8.520412445068359375e-01 1.079858303070068359e+00
1.190147399902343750e+00 -1.934824347496032715e+00 4.569434225559234619e-01 1.202957183122634888e-01 -1.637926846742630005e-01 6.689424067735671997e-02 -3.626966103911399841e-02 3.847125172615051270e-01
-1.301291227340698242e+00 -2.808201909065246582e-01 5.326519608497619629e-01 -1.643317341804504395e-01 -1.215502738952636719e+00 -2.201042175292968750e+00 5.092868804931640625e-01 -2.448811009526252747e-02
7.430264949798583984e-01 1.285546779632568359e+00 -4.439302682876586914e-01 -1.289885044097900391e+00 -4.415203928947448730e-01 -5.409600138664245605e-01 -1.753144741058349609e+00 6.937645077705383301e-01
4.971410632133483887e-01 1.090065121650695801e+00 -1.051028251647949219e+00 -2.075728654861450195e+00 4.759651422500610352e-01 1.877746880054473877e-01 1.819831132888793945e-01 -1.747616380453109741e-01
1.686872839927673340e+00 2.793171703815460205e-01 -3.135216236114501953e-01 -2.660236835479736328e+00 -1.461904287338256836e+00 -1.092740297317504883e-01 -6.089997291564941406e-01 1.444094777107238770e+00
2.067291885614395142e-01 1.417347669601440430e+00 2.194066286087036133e+00 -3.838608264923095703e-01 1.845321059226989746e+00 2.654531300067901611e-01 5.323954224586486816e-01 3.243415355682373047e-01
4.376334249973297119e-01 6.099886298179626465e-01 -5.900995731353759766e-01 1.099043861031532288e-01 1.811664402484893799e-01 -2.506318688392639160e-01 -7.639752626419067383e-01 -6.967052817344665527e-01
-9.019109606742858887e-01 1.113505840301513672e+00 -6.667395234107971191e-01 1.660932779312133789e+00 -3.459331393241882324e-01 -1.994506269693374634e-01 1.645154714584350586e+00 -9.532422572374343872e-02
-4.762914478778839111e-01 1.725939750671386719e+00 7.356781959533691406e-01 1.025706529617309570e+00 4.981525242328643799e-01 -7.724627107381820679e-02 1.779279708862304688e-01 -1.624161005020141602e+00
5.743746086955070496e-02 1.032000780105590820e+00 -6.248193979263305664e-01 -4.961276650428771973e-01 -1.680261492729187012e-01 -1.509765028953552246e+00 6.881349682807922363e-01 -3.239530622959136963e-01
-8.445867300033569336e-01 -4.150342345237731934e-01 9.531452655792236328e-01 -2.461086958646774292e-02 -4.978117048740386963e-01 5.667498707771301270e-01 2.801916003227233887e-02 -2.647864341735839844e+00
1.386112928390502930e+00 1.301877737045288086e+00 8.763527870178222656e-01 -3.113076090812683105e-01 -1.285958051681518555e+00 -1.337714433670043945e+00 1.794048547744750977e+00 -4.521238803863525391e-01
-1.639935493469238281e+00 -1.145820975303649902e+00 3.094775378704071045e-01 4.820462316274642944e-03 1.784369230270385742e+00 1.550580859184265137e+00 5.259494483470916748e-02 -2.938743531703948975e-01
-2.527662515640258789e+00 -4.376691579818725586e-01 -2.997577667236328125e+00 -6.680647730827331543e-01 3.035952806472778320e+00 5.499010682106018066e-01 -9.251598119735717773e-01 1.299811840057373047e+00
-9.168443679809570312e-01 3.787030875682830811e-01 6.560937762260437012e-01 -4.378875792026519775e-01 -1.749865770339965820e+00 -7.571574300527572632e-03 1.234896626556292176e-04 8.711976408958435059e-01
-7.446525245904922485e-02 -2.001548051834106445e+00 -2.085330724716186523e+00 9.584465026855468750e-01 3.160738050937652588e-01 -9.131597280502319336e-01 1.761041641235351562e+00 -1.005281209945678711e+00
-1.468617558479309082e+00 -1.211577281355857849e-01 -6.173297762870788574e-01 2.924507856369018555e-01 2.323380112648010254e-01 -7.926103472709655762e-01 -1.887014746665954590e+00 -5.682892799377441406e-01
2.898131608963012695e-01 6.791793107986450195e-01 1.243513941764831543e+00 -1.346737891435623169e-01 1.617103815078735352e+00 1.027079373598098755e-01 -3.931172788143157959e-01 -1.466869235038757324e+00
6.985863298177719116e-02 -1.472606539726257324e+00 -2.709790229797363281e+00 1.349404692649841309e+00 -1.528558015823364258e+00 3.485269546508789062e-01 -3.221493959426879883e-01 -2.106979042291641235e-01
1.361420392990112305e+00 -2.756409533321857452e-02 5.937775969505310059e-02 -2.324205785989761353e-01 -6.324495673179626465e-01 1.017676353454589844e+00 6.469693779945373535e-01 -9.615417718887329102e-01
2.422281265258789062e+00 -7.982782721519470215e-01 1.974804252386093140e-01 -3.099629878997802734e-01 1.394340419210493565e-03 1.325016319751739502e-01 -7.843481749296188354e-02 -5.644638538360595703e-01
-9.765252470970153809e-01 -1.009030342102050781e+00 7.804742455482482910e-02 9.502015262842178345e-02 -1.526862084865570068e-01 -3.701110482215881348e-01 1.019289731979370117e+00 -2.158149957656860352e+00
-6.829076409339904785e-01 1.503454923629760742e+00 -2.580671608448028564e-01 -9.941203594207763672e-01 -6.842472553253173828e-01 7.304089665412902832e-01 5.488238930702209473e-01 -1.062791347503662109e+00
1.483269333839416504e+00 1.381869792938232422e+00 -6.872271895408630371e-01 1.069959521293640137e+00 -2.346307754516601562e+00 -1.095803618431091309e+00 5.033080577850341797e-01 9.210247993469238281e-01
-2.870520949363708496e-01 1.129507184028625488e+00 -1.616154551506042480e+00 -2.929312229156494141e+00 1.058789253234863281e+00 2.165135890245437622e-01 -1.823377311229705811e-01 1.009726524353027344e+00
6.171705722808837891e-01 -2.321112304925918579e-01 3.462012112140655518e-01 -2.184236049652099609e+00 -6.917453408241271973e-01 -1.625899195671081543e+00 3.817906677722930908e-01 1.124271988868713379e+00
1.300134062767028809e+00 2.044123709201812744e-01 -1.765560150146484375e+00 -1.138632416725158691e+00 9.811111092567443848e-01 -1.182473264634609222e-02 -5.829414129257202148e-01 -1.015041589736938477e+00
-7.401103973388671875e-01 8.581175208091735840e-01 5.143851637840270996e-01 -7.050218582153320312e-01 1.381485342979431152e+00 1.275709152221679688e+00 4.970857799053192139e-01 -1.381319761276245117e+00
-1.339684128761291504e+00 -4.372632205486297607e-01 -1.629409909248352051e+00 -7.732633948326110840e-01 6.212524175643920898e-01 1.152017593383789062e+00 -1.458706140518188477e+00 -6.587236523628234863e-01
4.056085348129272461e-01 2.617249786853790283e-01 -9.454281926155090332e-01 3.846337497234344482e-01 4.972184300422668457e-01 4.220295548439025879e-01 -4.215668737888336182e-01 -1.420648574829101562e+00
-7.178127765655517578e-01 -6.539063453674316406e-01 -3.049945831298828125e+00 -2.160531520843505859e+00 -1.068959712982177734e+00 2.493170499801635742e-01 -9.806299209594726562e-01 3.323509693145751953e-01
5.592337250709533691e-01 -1.197828888893127441e+00 -6.688745617866516113e-01 -7.374180555343627930e-01 -9.403198957443237305e-01 6.059302762150764465e-02 -2.649628877639770508e+00 1.362348675727844238e+00
-7.434893846511840820e-01 7.860658168792724609e-01 -5.742226243019104004e-01 -3.745840787887573242e-01 1.282687067985534668e+00 1.076015830039978027e+00 1.370050430297851562e+00 -1.804602146148681641e-02
1.740604639053344727e+00 5.396766662597656250e-01 -1.118112057447433472e-01 -3.441187739372253418e-01 -1.404939889907836914e-01 1.260172247886657715e+00 -1.550660490989685059e+00 4.762819707393646240e-01
-4.866324663162231445e-01 -3.445719927549362183e-02 1.004431128501892090e+00 -9.180513024330139160e-01 6.883213520050048828e-01 9.940944910049438477e-01 -4.424699842929840088e-01 9.839241504669189453e-01
-1.124963283538818359e+00 7.688764929771423340e-01 5.769022926688194275e-02 7.037352919578552246e-01 -1.316119670867919922e+00 1.862957239151000977e+00 -1.344521403312683105e+00 -2.824553847312927246e-01
-3.721487522125244141e-01 -1.980753898620605469e+00 2.998000621795654297e+00 8.800386786460876465e-01 -4.562743380665779114e-02 -2.245546132326126099e-01 -1.838392019271850586e-01 5.801328457891941071e-03
-2.101503759622573853e-01 -3.056807279586791992e+00 3.980299234390258789e-01 -1.798910349607467651e-01 1.624422430992126465e+00 -5.081714689731597900e-02 -2.102841854095458984e+00 1.595188260078430176e+00
-9.349239468574523926e-01 1.134135484695434570e+00 -5.788791179656982422e-01 3.429202735424041748e-01 -2.028132200241088867e+00 3.014334738254547119e-01 -6.662781834602355957e-01 3.580416366457939148e-02
1.124736785888671875e+00 -1.499720096588134766e+00 8.330669999122619629e-01 -1.131885170936584473e+00 1.869730353355407715e+00 -1.293994784355163574e+00 4.178403913974761963e-01 -8.681439161300659180e-01
6.388012766838073730e-01 -9.905713796615600586e-01 3.929120004177093506e-01 -1.031876355409622192e-01 1.690448969602584839e-01 6.871682405471801758e-01 6.277207732200622559e-01 1.248619183897972107e-01
1.030537486076354980e-01 4.366659522056579590e-01 -3.470023870468139648e-01 4.356984496116638184e-01 6.144506335258483887e-01 -4.582532048225402832e-01 -6.217795610427856445e-01 9.331531524658203125e-01
8.389626741409301758e-01 2.975750565528869629e-01 6.850980520248413086e-01 -5.568775534629821777e-01 -5.083329081535339355e-01 -5.297611355781555176e-01 -8.461045622825622559e-01 -6.080223917961120605e-01
-1.235685124993324280e-01 3.147802650928497314e-01 7.630906105041503906e-01 -1.501950144767761230e+00 1.314401626586914062e+00 -2.525045156478881836e+00 -4.353644847869873047e-01 3.077879846096038818e-01
8.638612031936645508e-01 8.635907173156738281e-01 4.792074561119079590e-01 -6.285634636878967285e-01 -1.844089180231094360e-01 5.511537194252014160e-01 4.958362877368927002e-01 -6.461812853813171387e-01
3.812699615955352783e-01 3.935487195849418640e-02 -5.859577059745788574e-01 -5.182093381881713867e-01 1.059105023741722107e-01 -6.679103970527648926e-01 -1.243981719017028809e+00 -1.771264553070068359e+00
-5.755172371864318848e-01 -1.089110016822814941e+00 -9.021545648574829102e-01 5.386265516281127930e-01 7.135620340704917908e-03 4.777097702026367188e-01 -7.085402607917785645e-01 -9.510497450828552246e-01
-1.264243483543395996e+00 1.635573744773864746e+00 -2.101355075836181641e+00 -1.188854098320007324e+00 -1.320259571075439453e+00 -1.035681664943695068e-01 9.673430919647216797e-01 -4.854744672775268555e-01
-1.974845826625823975e-01 -2.217443585395812988e-01 1.960865454748272896e-03 -1.210468053817749023e+00 -2.227575778961181641e+00 -1.166972160339355469e+00 1.547745943069458008e+00 -2.446748018264770508e-01
-7.288338541984558105e-01 1.956065893173217773e+00 8.260759115219116211e-01 -1.961396634578704834e-01 -1.334562063217163086e+00 -1.984792232513427734e+00 -5.583714842796325684e-01 -1.502943754196166992e+00
7.552912831306457520e-02 -7.818194031715393066e-01 5.162649750709533691e-01 2.730020582675933838e-01 1.285926699638366699e-01 1.215343475341796875e-01 1.929446697235107422e+00 -2.523153461515903473e-02
-5.015879496932029724e-02 9.917498230934143066e-01 1.581795811653137207e+00 -9.240321516990661621e-01 -3.821051120758056641e-01 -1.532368212938308716e-01 6.288791894912719727e-01 5.907987952232360840e-01
2.367400825023651123e-01 1.571122169494628906e+00 2.035286426544189453e+00 4.759555160999298096e-01 1.963004589080810547e+00 1.225826144218444824e-01 -1.259021311998367310e-01 -8.792144060134887695e-01
1.661708801984786987e-01 1.133292555809020996e+00 -1.106379866600036621e+00 7.244886755943298340e-01 4.064838886260986328e-01 1.145613551139831543e+00 -6.013241037726402283e-02 2.055409431457519531e+00
3.641695082187652588e-01 1.227961182594299316e+00 1.805881977081298828e+00 1.011703372001647949e+00 -1.001649260520935059e+00 -1.053186893463134766e+00 6.737497448921203613e-02 8.396188616752624512e-01
1.442962437868118286e-01 1.074755191802978516e+00 5.779815316200256348e-01 -5.791389942169189453e-01 3.825827538967132568e-01 -1.145051956176757812e+00 -9.892202168703079224e-02 -2.364954501390457153e-01
3.005200386047363281e+00 -5.407311320304870605e-01 1.742122769355773926e+00 4.672714769840240479e-01 -2.190292119979858398e+00 4.056219160556793213e-01 -9.132389426231384277e-01 -1.475990533828735352e+00
4.874888658523559570e-01 1.256354928016662598e+00 -3.597656786441802979e-01 -4.611748158931732178e-01 1.648315936326980591e-01 -4.722612444311380386e-03 1.340478807687759399e-01 1.225970745086669922e+00
1.035106107592582703e-01 1.227543234825134277e+00 -1.021685719490051270e+00 -4.715852439403533936e-01 1.187500834465026855e+00 -2.449466288089752197e-01 8.608483076095581055e-01 4.108325019478797913e-02
-6.827073693275451660e-01 8.693019747734069824e-01 1.440512537956237793e+00 -1.476537808775901794e-02 -1.706016361713409424e-01 -3.045223057270050049e-01 4.266257584095001221e-01 -1.343562483787536621e+00
-9.705187082290649414e-01 -1.446671366691589355e+00 1.661230444908142090e+00 -4.283924996852874756e-01 1.747191846370697021e-01 -1.839611053466796875e+00 -9.708015918731689453e-01 -1.609304428100585938e+00
8.247459530830383301e-01 8.193998932838439941e-01 -2.524542808532714844e-01 -4.609737098217010498e-01 3.220845162868499756e-01 3.349748253822326660e-01 -8.421506285667419434e-01 1.831274986267089844e+00
-3.126388192176818848e-01 1.492582112550735474e-01 5.773768424987792969e-01 1.898941993713378906e-01 3.224524855613708496e-01 1.482394635677337646e-01 1.107293367385864258e+00 4.410976767539978027e-01
6.794978380203247070e-01 -6.254802346229553223e-01 -1.232368588447570801e+00 -4.493032097816467285e-01 1.112748146057128906e+00 1.664138197898864746e+00 1.610477119684219360e-01 2.312193661928176880e-01
3.346464335918426514e-01 -1.224852561950683594e+00 -2.234780192375183105e-01 1.840949356555938721e-01 -4.494381844997406006e-01 5.173631310462951660e-01 -5.589577555656433105e-02 1.887388825416564941e-01
1.144499421119689941e+00 -1.135635495185852051e+00 1.670600771903991699e-01 -1.987539678812026978e-01 -9.506388902664184570e-01 -2.014877945184707642e-01 2.962407171726226807e-01 -1.181691884994506836e+00
-4.880071580410003662e-01 4.362909495830535889e-01 1.635352253913879395e+00 -7.117914557456970215e-01 8.077307939529418945e-01 -5.451670885086059570e-01 4.499591290950775146e-01 -1.769554853439331055e+00
-7.216039299964904785e-01 4.316728115081787109e-01 -9.445224404335021973e-01 2.976070940494537354e-01 -3.151361942291259766e-01 1.749342083930969238e-01 -8.623827099800109863e-01 5.667172074317932129e-01
3.811286389827728271e-02 2.157511860132217407e-01 -3.153112530708312988e-01 7.234208285808563232e-02 2.900784909725189209e-01 -6.998699903488159180e-01 4.796765446662902832e-01 -1.489584922790527344e+00
-7.562958002090454102e-01 -3.099569380283355713e-01 8.188874125480651855e-01 4.407787919044494629e-01 -2.077562734484672546e-03 -1.543193817138671875e+00 -1.493069648742675781e+00 -2.268491983413696289e-01
-4.497184753417968750e-01 2.646593451499938965e-01 -1.208615422248840332e+00 2.578436732292175293e-01 -1.409789472818374634e-01 -1.299707174301147461e+00 1.128163814544677734e+00 8.595586568117141724e-02
1.246498465538024902e+00 -6.176354885101318359e-01 -3.300229012966156006e-01 7.960288524627685547e-01 -7.941848039627075195e-01 -6.905633956193923950e-03 -1.841605782508850098e+00 4.051884636282920837e-02
-2.300154924392700195e+00 -1.392737179994583130e-01 9.705151319503784180e-01 4.518837854266166687e-02 -1.413600206375122070e+00 7.567071318626403809e-01 -5.003776550292968750e-01 1.183239459991455078e+00
-2.347900867462158203e-01 1.316273212432861328e+00 6.862739324569702148e-01 -2.117283642292022705e-02 -2.803729660809040070e-02 6.740370392799377441e-01 4.729056060314178467e-01 7.151924967765808105e-01
6.448044776916503906e-01 -3.147945702075958252e-01 4.609998762607574463e-01 -1.019476912915706635e-02 -1.225048303604125977e+00 1.065078377723693848e+00 3.123896121978759766e+00 -2.330001890659332275e-01
-6.694133579730987549e-02 4.557039141654968262e-01 -1.976325213909149170e-01 -2.152778625488281250e+00 -3.572902381420135498e-01 -7.289909720420837402e-01 -2.927966117858886719e+00 -3.195870295166969299e-02
-3.917482495307922363e-01 4.919045045971870422e-02 7.227043509483337402e-01 -5.303975343704223633e-01 1.883162617683410645e+00 3.827690780162811279e-01 1.436689138412475586e+00 1.238343358039855957e+00
3.805433213710784912e-02 -1.251582503318786621e+00 -8.482264727354049683e-02 6.824656128883361816e-01 2.207384556531906128e-01 4.053087532520294189e-01 -3.889081254601478577e-02 -1.210506439208984375e+00
1.602320790290832520e+00 5.935717821121215820e-01 -1.700810194015502930e+00 3.385765254497528076e-01 3.999015390872955322e-01 -3.146033883094787598e-01 -3.073057532310485840e-01 -1.189047813415527344e+00
-1.764020085334777832e+00 1.252804160118103027e+00 -1.735166460275650024e-01 -6.003659963607788086e-01 5.411874055862426758e-01 6.544854640960693359e-01 8.577410578727722168e-01 -2.012876272201538086e+00
-8.685923814773559570e-01 -6.753433942794799805e-01 -2.065821409225463867e+00 9.328804612159729004e-01 -5.471538305282592773e-01 1.655874729156494141e+00 -2.776268124580383301e-01 -9.978013038635253906e-01
-5.531542897224426270e-01 3.712837100028991699e-01 5.058306455612182617e-02 9.962355494499206543e-01 -7.182564139366149902e-01 1.633925795555114746e+00 -3.085367381572723389e-01 -6.707370877265930176e-01
3.429706096649169922e-01 3.454786539077758789e-01 -4.335147738456726074e-01 -1.594086527824401855e+00 2.735850572586059570e+00 -5.776264071464538574e-01 -1.282010674476623535e+00 -2.972741723060607910e-01
1.381262689828872681e-01 1.248630404472351074e+00 2.256011486053466797e+00 1.032455444335937500e+00 -4.843619167804718018e-01 -6.841034889221191406e-01 -2.817948460578918457e-01 -4.783286154270172119e-01
-1.524836570024490356e-01 -1.833888411521911621e+00 9.624617099761962891e-01 4.373471438884735107e-01 8.775459527969360352e-01 -2.159080982208251953e+00 -5.516430735588073730e-01 -7.995743155479431152e-01
5.458295345306396484e-01 8.845751285552978516e-01 2.594862282276153564e-01 -1.183369278907775879e+00 -8.388372510671615601e-02 6.918993592262268066e-01 -4.313128590583801270e-01 -1.453477144241333008e+00
-9.564177989959716797e-01 -1.460967540740966797e+00 -5.571858286857604980e-01 -5.638888478279113770e-01 -3.937812447547912598e-01 -1.426271080970764160e+00 -3.022110462188720703e-01 -5.221976637840270996e-01
1.141863018274307251e-01 -8.687548041343688965e-01 -9.246143698692321777e-02 -1.405610680580139160e+00 8.160415887832641602e-01 -6.143108606338500977e-01 6.959452629089355469e-01 2.552639245986938477e-01
1.079107746481895447e-01 8.158471584320068359e-01 -1.052942276000976562e+00 -1.804201006889343262e+00 -7.936354279518127441e-01 -1.428670883178710938e+00 2.458316832780838013e-01 2.527704000473022461e+00
-7.079682946205139160e-01 8.495458960533142090e-01 2.094262838363647461e+00 -1.586315780878067017e-01 -2.463409155607223511e-01 -8.745373040437698364e-02 -5.880981087684631348e-01 -7.293371558189392090e-01
-2.144347131252288818e-01 -1.116327419877052307e-01 -7.041287422180175781e-01 -1.428772449493408203e+00 -1.592992693185806274e-01 -1.270514965057373047e+00 5.355432033538818359e-01 -7.384321689605712891e-01
-2.284204006195068359e+00 7.642909288406372070e-01 -7.216737866401672363e-01 4.868266284465789795e-01 1.233019709587097168e+00 -6.340991258621215820e-01 -2.858261950314044952e-02 9.105430245399475098e-01
9.924618601799011230e-01 5.288273096084594727e-01 1.016098558902740479e-01 -1.799742430448532104e-01 -1.404971480369567871e+00 -5.556307360529899597e-02 -6.309754252433776855e-01 1.232683897018432617e+00
1.318062305450439453e+00 -2.140224456787109375e+00 -4.410318732261657715e-01 -1.261787533760070801e+00 8.967163562774658203e-01 1.812996029853820801e+00 5.501508116722106934e-01 8.666551858186721802e-02
2.216114848852157593e-01 -2.820823490619659424e-01 -2.206552028656005859e-01 -2.653860151767730713e-01 -1.559633970260620117e+00 1.088963627815246582e+00 -1.777987241744995117e+00 -1.300291895866394043e+00
6.245806217193603516e-01 -2.864178717136383057e-01 1.994331002235412598e+00 -8.976802825927734375e-01 -1.061659812927246094e+00 -3.987612426280975342e-01 -1.517438292503356934e-01 -8.734655380249023438e-01
-1.161840334534645081e-01 2.344298958778381348e-01 2.727895043790340424e-02 -1.347475796937942505e-01 7.933706045150756836e-01 -2.516198456287384033e-01 1.806807279586791992e+00 1.043133854866027832e+00
6.668980121612548828e-01 2.286117076873779297e-01 -2.173871040344238281e+00 -6.938207149505615234e-01 -3.744312794879078865e-03 1.157748341560363770e+00 6.998061537742614746e-01 4.592666029930114746e-01
-1.197369217872619629e+00 9.167934656143188477e-01 6.452237963676452637e-01 6.567165255546569824e-01 1.467384696006774902e+00 3.977371752262115479e-01 -7.180598974227905273e-01 -1.682684719562530518e-01
-8.197252750396728516e-01 5.405025184154510498e-02 -1.545651078224182129e+00 4.236603081226348877e-01 -3.578248023986816406e-01 -1.970933228731155396e-01 -1.139887452125549316e+00 1.273807138204574585e-01
-3.899128139019012451e-01 1.139440178871154785e+00 -1.734689712524414062e+00 -4.113872051239013672e-01 1.653036773204803467e-01 -9.745729714632034302e-02 -2.222651392221450806e-01 -3.749714791774749756e-01
-4.664804935455322266e-01 -1.164429485797882080e-01 1.703101158142089844e+00 4.465395212173461914e-01 -3.252948224544525146e-01 1.561877250671386719e+00 1.566506743431091309e+00 1.006677746772766113e+00
-2.447340935468673706e-01 -1.667005866765975952e-01 -1.473467469215393066e+00 -2.174738235771656036e-02 -4.782347083091735840e-01 -7.085599303245544434e-01 -8.053023815155029297e-01 7.285450100898742676e-01
-1.631098985671997070e-01 1.811272740364074707e+00 -1.903025150299072266e+00 -1.422318935394287109e+00 6.676821708679199219e-01 5.290645956993103027e-01 -5.314857363700866699e-01 9.412122368812561035e-01
1.475827544927597046e-01 -2.169516682624816895e-01 -6.424287557601928711e-01 -2.119560480117797852e+00 7.205481529235839844e-01 2.379828453063964844e+00 7.178694009780883789e-02 1.112083047628402710e-01
-1.460390686988830566e+00 4.242608547210693359e-01 2.335045576095581055e+00 -9.822841286659240723e-01 -1.406000852584838867e+00 -3.484329283237457275e-01 -5.305274724960327148e-01 8.425382375717163086e-01
-1.689622044563293457e+00 -7.363045215606689453e-02 2.779683470726013184e-01 -1.105681419372558594e+00 4.603402614593505859e-01 -7.094486355781555176e-01 3.190886080265045166e-01 1.803336590528488159e-01
-1.873669624328613281e+00 -2.302371025085449219e+00 3.509531915187835693e-01 -5.993357300758361816e-01 9.914043545722961426e-01 5.830378457903862000e-02 8.478489518165588379e-01 -2.956324517726898193e-01
3.018747568130493164e-01 1.279863595962524414e+00 -5.331455469131469727e-01 -2.590410709381103516e-01 -9.751517176628112793e-01 1.219662666320800781e+00 -4.392078518867492676e-01 3.047444522380828857e-01
5.248647928237915039e-01 -2.702861428260803223e-01 9.188971519470214844e-01 -5.517873167991638184e-01 4.332568347454071045e-01 5.426971316337585449e-01 7.987241148948669434e-01 6.005658768117427826e-03
1.825881749391555786e-01 -8.903886675834655762e-01 -1.125931978225708008e+00 7.398144602775573730e-01 -1.534710228443145752e-01 -9.670579433441162109e-01 -8.033193349838256836e-01 3.524269759654998779e-01
1.755804300308227539e+00 -9.647108912467956543e-01 4.326846078038215637e-02 -6.653341650962829590e-01 -2.360241889953613281e+00 -7.761880159378051758e-01 -7.128509879112243652e-01 -5.290134549140930176e-01
-5.221989154815673828e-01 -5.649033784866333008e-01 -8.018418550491333008e-01 1.954926997423171997e-01 -1.162498235702514648e+00 -5.915287137031555176e-01 9.724314212799072266e-01 8.299271464347839355e-01
1.581316471099853516e+00 4.576449468731880188e-02 9.437242150306701660e-01 2.505456686019897461e+00 -2.205637991428375244e-01 -1.297210812568664551e+00 6.354389190673828125e-01 -4.572501778602600098e-01
-3.232838511466979980e-01 -8.273238539695739746e-01 1.792994022369384766e+00 -7.409762144088745117e-01 -4.756909906864166260e-01 2.261151790618896484e+00 -2.070875912904739380e-01 2.207968384027481079e-01
9.662461876869201660e-01 8.210465908050537109e-01 -1.276076555252075195e+00 5.086114406585693359e-01 -7.319134473800659180e-01 -1.967958092689514160e+00 -1.967892497777938843e-01 8.022732734680175781e-01
7.249943912029266357e-02 -1.732663363218307495e-01 2.960139214992523193e-01 -1.640807271003723145e+00 -1.572445988655090332e+00 2.475629746913909912e-01 -2.049412965774536133e+00 1.024720788002014160e+00
1.038989305496215820e+00 1.825095772743225098e+00 6.863867640495300293e-01 1.065513134002685547e+00 2.772402167320251465e-01 -1.644077003002166748e-01 4.648342430591583252e-01 -1.685717940330505371e+00
-3.797777593135833740e-01 2.374555349349975586e+00 -1.050880193710327148e+00 9.473720788955688477e-01 8.686711192131042480e-01 2.164832204580307007e-01 -6.173806190490722656e-01 -4.593333601951599121e-01
-5.030431151390075684e-01 1.152430400252342224e-01 -2.995724678039550781e+00 -6.279689669609069824e-01 9.144991636276245117e-01 6.407851576805114746e-01 5.019163712859153748e-02 -3.894110321998596191e-01
9.376282691955566406e-01 6.124109625816345215e-01 1.627201437950134277e+00 -4.251435697078704834e-01 3.482398688793182373e-01 -2.674669027328491211e-01 6.243570148944854736e-02 8.680561780929565430e-01
-7.346259057521820068e-02 -1.167444586753845215e+00 2.907151281833648682e-01 8.888050913810729980e-02 1.080839484930038452e-01 6.587376818060874939e-03 9.605621695518493652e-01 -1.046126008033752441e+00
-7.761496305465698242e-01 -1.529193818569183350e-01 1.007986187934875488e+00 6.458412408828735352e-01 1.580046415328979492e+00 6.372575163841247559e-01 -1.467208266258239746e+00 -1.114265918731689453e+00
-8.910216093063354492e-01 1.729999065399169922e+00 1.285327315330505371e+00 -1.665738344192504883e+00 -6.337264776229858398e-01 8.032150268554687500e-01 -4.778419435024261475e-01 2.847774028778076172e-01
1.169320344924926758e+00 -5.464119911193847656e-01 -6.592648625373840332e-01 -8.010267466306686401e-02 -1.847244858741760254e+00 -1.779064089059829712e-01 -1.558210015296936035e+00 7.403423786163330078e-01
-8.625348210334777832e-01 -1.114099398255348206e-01 -2.372627258300781250e+00 -1.027096629142761230e+00 -7.364614009857177734e-01 -1.942980408668518066e+00 -5.318232178688049316e-01 6.044616177678108215e-02
1.432146906852722168e+00 -2.855215594172477722e-02 4.809573888778686523e-01 -8.991305530071258545e-02 4.388952851295471191e-01 3.295825004577636719e+00 1.439079403877258301e+00 -2.164442300796508789e+00
1.581117212772369385e-01 2.573829650878906250e+00 -4.098018705844879150e-01 -1.995907276868820190e-01 -7.719697356224060059e-01 -4.011239483952522278e-02 1.280911684036254883e+00 -1.677373766899108887e+00
3.672175407409667969e-01 -2.137450873851776123e-01 -9.361775517463684082e-01 1.456121951341629028e-01 1.553221978247165680e-02 1.375122189521789551e+00 1.172711372375488281e+00 1.105225205421447754e+00
-1.950514316558837891e-01 -1.955584883689880371e+00 1.176015138626098633e+00 2.556748628616333008e+00 1.494746923446655273e+00 2.108746170997619629e-01 1.230178594589233398e+00 -6.833498477935791016e-01
-3.047738075256347656e-01 5.891916528344154358e-02 1.593909025192260742e+00 -1.346184968948364258e+00 -8.730879426002502441e-02 6.729626059532165527e-01 -3.491173982620239258e-01 -4.131562709808349609e-01
-1.387516617774963379e+00 9.347112774848937988e-01 6.066756248474121094e-01 7.267543673515319824e-01 7.104258537292480469e-01 4.988434910774230957e-01 -5.787276029586791992e-01 -2.051696479320526123e-01
5.704675316810607910e-01 -1.060535073280334473e+00 3.806400001049041748e-01 5.696493387222290039e-01 -1.382647275924682617e+00 7.554020881652832031e-01 -8.598888516426086426e-01 -1.943319916725158691e+00
1.923105001449584961e+00 -1.991219669580459595e-01 4.826248586177825928e-01 8.282830119132995605e-01 -1.618581712245941162e-01 -1.003615140914916992e+00 -7.904230356216430664e-01 -6.616089940071105957e-01
-5.618459582328796387e-01 8.320276737213134766e-01 4.698419868946075439e-01 -1.675413101911544800e-01 -5.641455054283142090e-01 -4.705970883369445801e-01 -4.629974812269210815e-02 -1.248268485069274902e+00
2.244003266096115112e-01 -1.292911291122436523e+00 3.557533621788024902e-01 -2.814236581325531006e-01 2.272363185882568359e+00 2.126271247863769531e+00 -4.682877361774444580e-01 -1.079037189483642578e+00
-2.362430542707443237e-01 -8.127602934837341309e-01 1.128327567130327225e-02 3.574224114418029785e-01 2.937920391559600830e-01 2.632936000823974609e+00 -4.103908538818359375e-01 -3.855443596839904785e-01
-3.312810361385345459e-01 -6.885741353034973145e-01 -2.340407818555831909e-01 1.253005385398864746e+00 3.829044103622436523e-01 1.387127876281738281e+00 2.254326343536376953e-01 -7.170415520668029785e-01
-2.979177236557006836e-01 5.560678243637084961e-01 -9.541209936141967773e-01 -6.318438053131103516e-01 1.331743746995925903e-01 -1.781183719635009766e+00 -1.007930517196655273e+00 7.383456826210021973e-01
-5.450456142425537109e-01 -1.093423604965209961e+00 -4.341168403625488281e-01 -1.659647226333618164e+00 -9.678686857223510742e-01 -5.776660442352294922e-01 1.286404728889465332e+00 2.467311024665832520e-01
-1.665604591369628906e+00 5.853607654571533203e-01 -1.374555468559265137e+00 8.097130656242370605e-01 -2.942306399345397949e-01 -6.486798524856567383e-01 -2.310221642255783081e-01 -8.132806420326232910e-01
1.186643004417419434e+00 1.170489907264709473e+00 9.864007830619812012e-01 1.104530990123748779e-01 -4.256923794746398926e-01 1.317127704620361328e+00 1.399773716926574707e+00 -1.923680424690246582e+00
-1.329784542322158813e-01 1.366487592458724976e-01 -3.474652767181396484e-03 6.099320650100708008e-01 -2.050915509462356567e-01 2.248034030199050903e-01 -1.144212484359741211e+00 1.150935530662536621e+00
1.751648634672164917e-01 1.811483263969421387e+00 5.408806800842285156e-01 -1.231721282005310059e+00 8.087611198425292969e-01 1.569471210241317749e-01 1.217128515243530273e+00 1.056084394454956055e+00
-2.609704434871673584e-01 8.951329588890075684e-01 -1.071320772171020508e+00 2.241899251937866211e+00 6.892889738082885742e-01 -1.449562788009643555e+00 -7.216759920120239258e-01 8.708775043487548828e-01
-4.572932124137878418e-01 6.768848299980163574e-01 -1.145279780030250549e-01 -2.373886823654174805e+00 -5.026311874389648438e-01 -1.471951365470886230e+00 -5.103027820587158203e-01 -1.651187837123870850e-01
-1.142878085374832153e-01 -1.243916392326354980e+00 7.232846021652221680e-01 4.458839297294616699e-01 1.869813799858093262e+00 1.366678595542907715e+00 1.594761729240417480e+00 1.937997937202453613e-01
9.165381193161010742e-01 4.536334276199340820e-01 -8.363740444183349609e-01 7.867053151130676270e-01 -8.885806202888488770e-01 -1.520788073539733887e+00 1.033357739448547363e+00 -1.572933644056320190e-01
4.541036486625671387e-01 -1.305777788162231445e+00 -5.187253654003143311e-02 1.119542792439460754e-01 -3.362822234630584717e-01 2.124514281749725342e-01 5.627118945121765137e-01 -5.313381552696228027e-01
-1.891054272651672363e+00 2.596093714237213135e-01 -1.204430580139160156e+00 8.794578909873962402e-01 -2.114199101924896240e-01 -2.423853635787963867e+00 2.318869978189468384e-01 8.578942716121673584e-02
9.832496047019958496e-01 -2.064892530441284180e+00 4.327033460140228271e-01 1.141213536262512207e+00 -6.008242368698120117e-01 1.119862720370292664e-01 -1.518053054809570312e+00 -5.720925331115722656e-01
-3.723891377449035645e-01 -3.809335231781005859e-01 -1.040009140968322754e+00 3.353767329826951027e-03 1.971355915069580078e+00 2.646744251251220703e+00 -1.991126835346221924e-01 -1.324592113494873047e+00
1.677187681198120117e+00 -1.144777655601501465e+00 -6.841920614242553711e-01 -2.382013648748397827e-01 6.081915497779846191e-01 3.421942293643951416e-01 5.601410865783691406e-01 -6.038784980773925781e-01
-4.994151592254638672e-01 2.705139219760894775e-01 3.593921661376953125e-02 -5.437095463275909424e-02 5.044199228286743164e-01 -5.497634410858154297e-01 8.520290255546569824e-01 1.836715936660766602e+00
-3.520243167877197266e-01 1.557591259479522705e-01 1.487311959266662598e+00 1.205364465713500977e+00 2.438689470291137695e-01 -2.411040514707565308e-01 -6.246716976165771484e-01 6.612232327461242676e-01
7.925468683242797852e-02 -5.739515423774719238e-01 -1.090819001197814941e+00 1.238081693649291992e+00 2.349238634109497070e+00 -5.076274871826171875e-01 1.667650341987609863e+00 3.015445470809936523e-01
6.606188416481018066e-02 1.408760190010070801e+00 -4.468261599540710449e-01 5.436465740203857422e-01 8.328270316123962402e-01 1.897987574338912964e-01 -3.629986643791198730e-01 -6.683968901634216309e-01
-3.563843667507171631e-01 1.018952012062072754e+00 3.737520426511764526e-02 4.024535119533538818e-01 -8.274652957916259766e-01 -3.712920248508453369e-01 -1.884349584579467773e+00 1.257275462150573730e+00
1.564017385244369507e-01 -4.779341220855712891e-01 -2.478279113769531250e+00 7.240158915519714355e-01 5.141364932060241699e-01 -7.789184451103210449e-01 -1.874399423599243164e+00 -7.243728637695312500e-02
-1.870049118995666504e+00 -8.756331205368041992e-01 3.187078237533569336e-01 -5.984575748443603516e-01 -1.027341246604919434e+00 3.185270130634307861e-01 -1.794281959533691406e+00 8.298246264457702637e-01
-8.688216805458068848e-01 1.929440379142761230e+00 2.414630651473999023e-01 6.611342430114746094e-01 -4.707931578159332275e-01 6.909301877021789551e-01 9.112234711647033691e-01 1.173349097371101379e-01
-1.120403632521629333e-01 1.165945649147033691e+00 1.413117647171020508e-01 9.974150657653808594e-01 -7.565780282020568848e-01 -1.632628083229064941e+00 7.960802316665649414e-01 -5.395589396357536316e-02
-7.160110771656036377e-02 5.725002288818359375e-01 1.845113992691040039e+00 -5.658158659934997559e-02 3.500373959541320801e-01 7.773988246917724609e-01 1.477032065391540527e+00 1.743916749954223633e+00
9.488399028778076172e-01 -1.743449687957763672e+00 -1.938900351524353027e-01 6.019320487976074219e-01 -4.983274042606353760e-01 3.849752247333526611e-02 -8.393936157226562500e-01 -1.132043957710266113e+00
-9.605882763862609863e-01 1.143383383750915527e+00 -9.877687096595764160e-01 3.284743800759315491e-02 -1.041523933410644531e+00 7.936567664146423340e-01 1.647018790245056152e-01 6.975752711296081543e-01
-1.511563181877136230e+00 -2.131032198667526245e-02 1.745664000511169434e+00 -9.536834806203842163e-02 6.725016832351684570e-01 2.328158140182495117e+00 1.894887208938598633e+00 1.184594392776489258e+00
-7.932705283164978027e-01 -4.831670820713043213e-01 1.924893856048583984e+00 -1.881646811962127686e-01 2.286568403244018555e+00 -5.311476532369852066e-03 -1.343949317932128906e+00 2.643865942955017090e-01
-2.394007518887519836e-02 -5.779290199279785156e-01 -7.534294575452804565e-02 -3.194958716630935669e-02 -2.154410928487777710e-01 4.858053624629974365e-01 -7.538410425186157227e-01 9.831018745899200439e-02
1.332925856113433838e-01 -5.986477732658386230e-01 6.962994337081909180e-01 1.114911884069442749e-01 7.972939014434814453e-01 8.586487770080566406e-01 -1.572752714157104492e+00 -9.115442633628845215e-01
1.080883026123046875e+00 4.985457062721252441e-01 8.146124482154846191e-01 -1.618279665708541870e-01 -1.805865913629531860e-01 -1.187236189842224121e+00 1.021267175674438477e+00 -7.978295683860778809e-01
-4.919077754020690918e-01 3.096051216125488281e-01 -2.340293489396572113e-03 -9.695633649826049805e-01 9.796563982963562012e-01 -5.447202324867248535e-01 2.104790210723876953e+00 2.501740157604217529e-01
8.232435584068298340e-01 7.469037175178527832e-01 1.969319880008697510e-01 3.912587165832519531e-01 -1.833774298429489136e-01 -7.293394207954406738e-01 6.174080967903137207e-01 1.648360252380371094e+00
-7.490381598472595215e-01 7.388656586408615112e-02 -8.174296617507934570e-01 1.151982665061950684e+00 -8.084311150014400482e-03 1.600511193275451660e+00 8.466837406158447266e-01 -1.129311416298151016e-02
-4.262070655822753906e-01 8.795365095138549805e-01 3.272443115711212158e-01 1.010802388191223145e+00 9.380624890327453613e-01 -9.853010773658752441e-01 3.154369592666625977e-01 6.336832046508789062e-01
-1.459651112556457520e+00 -9.476164579391479492e-01 2.479602336883544922e+00 -6.899253129959106445e-01 1.167478561401367188e+00 2.505068778991699219e+00 6.191861629486083984e-01 -1.630069762468338013e-01
6.343340277671813965e-01 -6.383797526359558105e-02 5.715258717536926270e-01 1.442992091178894043e-01 -2.214525640010833740e-01 5.088143348693847656e-01 -1.037890911102294922e-01 -9.706126451492309570e-01
-8.858950138092041016e-01 -7.818349003791809082e-01 -1.461753249168395996e+00 -1.258935686200857162e-02 5.109212398529052734e-01 1.573077678680419922e+00 -1.259462952613830566e+00 1.321490764617919922e+00
-8.409672379493713379e-01 2.838105440139770508e+00 -5.088198184967041016e-01 -5.495122671127319336e-01 9.416683018207550049e-02 2.122438430786132812e+00 6.733701229095458984e-01 -9.848886132240295410e-01
-2.436405867338180542e-01 3.645296096801757812e-01 -2.911013126373291016e+00 6.729355454444885254e-01 5.041429400444030762e-01 5.563674569129943848e-01 -3.401215076446533203e-01 -1.028432250022888184e+00
-5.475417971611022949e-01 4.492855370044708252e-01 -1.950772881507873535e+00 -2.156439542770385742e+00 -5.509288907051086426e-01 -1.243441224098205566e+00 1.347469389438629150e-01 1.889057010412216187e-01
-7.060500979423522949e-02 1.541081666946411133e+00 -1.352233409881591797e+00 -1.180992722511291504e+00 6.536605358123779297e-01 3.251560449600219727e+00 9.894792437553405762e-01 -7.684303522109985352e-01
9.928727149963378906e-01 -2.699687480926513672e-01 -5.472452640533447266e-01 8.152599930763244629e-01 -9.551566839218139648e-01 3.228213489055633545e-01 -5.786317586898803711e-01 1.306485384702682495e-01
-5.981478095054626465e-01 -6.399516463279724121e-01 4.694026112556457520e-01 4.781277477741241455e-01 8.316707015037536621e-01 5.364261865615844727e-01 -9.860603213310241699e-01 2.294373512268066406e-01
-4.959710240364074707e-01 8.724533319473266602e-01 -5.306192040443420410e-01 -1.596085168421268463e-02 1.062268316745758057e-01 3.957498371601104736e-01 4.198346436023712158e-01 2.696763992309570312e+00
-6.625057458877563477e-01 -9.760670065879821777e-01 -7.577942013740539551e-01 -1.851097822189331055e+00 -8.661198019981384277e-01 -2.075795829296112061e-02 -1.094768881797790527e+00 5.204056501388549805e-01
-2.407741099596023560e-01 1.722887307405471802e-01 1.823609918355941772e-01 2.089573740959167480e-01 -2.585554681718349457e-02 1.474081277847290039e+00 -3.191856384277343750e+00 -1.287623167037963867e+00
8.684292435646057129e-01 -1.002846360206604004e+00 6.420586705207824707e-01 -1.322354197502136230e+00 -3.753575682640075684e-01 1.583387732505798340e+00 -6.528474092483520508e-01 -9.956876933574676514e-02
-1.482334136962890625e+00 -1.453011512756347656e+00 1.095878958702087402e+00 4.729378223419189453e-01 8.620180487632751465e-01 5.289101600646972656e-01 -1.066743969917297363e+00 -6.369522213935852051e-01
1.903876066207885742e+00 -7.830367684364318848e-01 8.818729221820831299e-02 -3.779985308647155762e-01 1.004685759544372559e+00 -1.012527290731668472e-02 -6.005704402923583984e-01 -4.768630862236022949e-01
-2.076739966869354248e-01 -1.970051787793636322e-02 2.613564729690551758e-01 -1.169013023376464844e+00 -2.226167358458042145e-02 1.964427717030048370e-02 1.259535312652587891e+00 1.419691205024719238e+00
-5.520321726799011230e-01 -1.330096423625946045e-01 -7.987923622131347656e-01 -4.192441701889038086e-01 -9.396966695785522461e-01 -3.154502511024475098e-01 -1.118779301643371582e+00 1.627142548561096191e+00
1.745609343051910400e-01 1.626631379127502441e+00 4.579336345195770264e-01 1.352677643299102783e-01 -3.799554705619812012e-01 1.201026797294616699e+00 -6.335063576698303223e-01 -4.124146103858947754e-01
-9.272981286048889160e-01 -2.303669601678848267e-01 2.361493110656738281e+00 4.967797994613647461e-01 -6.443992257118225098e-01 -1.877754688262939453e+00 -4.910456538200378418e-01 1.189415335655212402e+00
-7.297738790512084961e-01 8.861514329910278320e-01 1.494562149047851562e+00 1.627512723207473755e-01 -7.770808935165405273e-01 7.455033659934997559e-01 3.171165883541107178e-01 -1.067293167114257812e+00
9.716762304306030273e-01 3.951047360897064209e-01 3.324495255947113037e-01 -1.576376914978027344e+00 5.212081670761108398e-01 -2.938846349716186523e-01 6.081115603446960449e-01 3.095354139804840088e-01
5.194075778126716614e-02 1.317871451377868652e+00 -8.450239300727844238e-01 -2.285355627536773682e-01 -2.006454467773437500e+00 5.687498301267623901e-02 5.926771163940429688e-01 -4.433366004377603531e-03
-2.294376373291015625e+00 -7.201774716377258301e-01 -1.843303799629211426e+00 -4.985613524913787842e-01 -9.601375460624694824e-01 -4.307406544685363770e-01 4.895219504833221436e-01 -1.935504376888275146e-01
-5.626833066344261169e-02 -1.372385919094085693e-01 -1.568780988454818726e-01 2.077730655670166016e+00 4.382500350475311279e-01 -2.205766201019287109e+00 -1.422870159149169922e-01 -1.398413419723510742e+00
1.517917752265930176e+00 1.065163969993591309e+00 3.891822099685668945e-01 2.798030078411102295e-01 -9.514510035514831543e-01 1.057743549346923828e+00 2.065491825342178345e-01 -1.191589117050170898e+00
7.039103507995605469e-01 -1.721898794174194336e+00 -4.406416416168212891e-01 -1.137459993362426758e+00 2.855125963687896729e-01 -9.234307408332824707e-01 -6.367523074150085449e-01 4.016324579715728760e-01
-4.103559255599975586e-02 3.462446853518486023e-02 -2.202607989311218262e-01 -4.209134876728057861e-01 -2.537228725850582123e-02 -1.351110458374023438e+00 -4.515643417835235596e-01 1.372414350509643555e+00
-1.316932797431945801e+00 -1.785207033157348633e+00 -4.025789797306060791e-01 -1.034057378768920898e+00 -4.603050053119659424e-01 5.977996587753295898e-01 -5.104538202285766602e-01 8.773781061172485352e-01
1.934673905372619629e+00 1.107553765177726746e-01 9.714138507843017578e-01 -1.672394424676895142e-01 1.347129225730895996e+00 1.123028635978698730e+00 -5.106837153434753418e-01 -1.552048802375793457e+00
3.711694777011871338e-01 3.947551548480987549e-01 1.050833582878112793e+00 -4.317062199115753174e-01 -1.340323328971862793e+00 -6.181090474128723145e-01 3.555935621261596680e-01 -1.882485032081604004e+00
8.008072972297668457e-01 -3.194454014301300049e-01 2.074635267257690430e+00 8.979295492172241211e-01 8.876631855964660645e-01 -2.220564484596252441e-01 2.385814785957336426e-01 -5.123489499092102051e-01
5.812852829694747925e-02 1.237358093261718750e+00 9.973531961441040039e-01 -8.496872186660766602e-01 2.279969155788421631e-01 1.833925485610961914e+00 -1.211931705474853516e+00 6.989618539810180664e-01
1.363871455192565918e+00 -6.220256686210632324e-01 8.124336004257202148e-01 -6.414183974266052246e-01 -1.631099104881286621e+00 3.634274601936340332e-01 -1.443588495254516602e+00 -8.728406429290771484e-01
5.414154380559921265e-02 -4.335790872573852539e-01 -1.812711241655051708e-03 -2.485597848892211914e+00 -1.317632675170898438e+00 1.867290735244750977e-01 4.433110356330871582e-01 1.167917013168334961e+00
-4.117422997951507568e-01 -2.684691250324249268e-01 -3.296788036823272705e-01 -1.556841015815734863e+00 1.009593129158020020e+00 2.035754173994064331e-01 -7.912310212850570679e-02 -1.189191579818725586e+00
-2.269090414047241211e+00 -1.672337889671325684e+00 1.046623587608337402e+00 -3.817716538906097412e-01 -1.010461807250976562e+00 3.224748075008392334e-01 -1.231571078300476074e+00 -3.561065495014190674e-01
-1.168522477149963379e+00 8.451187014579772949e-01 3.606007397174835205e-01 2.906837165355682373e-01 1.457291007041931152e+00 -3.363669812679290771e-01 -8.139386177062988281e-01 7.538960129022598267e-02
2.759249806404113770e-01 -2.181702136993408203e+00 2.982530891895294189e-01 -1.978433966636657715e+00 -3.085198402404785156e-01 -1.826294511556625366e-01 -7.156478762626647949e-01 3.996336162090301514e-01
-2.138583958148956299e-01 1.117944478988647461e+00 1.464520543813705444e-01 5.719046592712402344e-01 -6.220908761024475098e-01 2.493588328361511230e-01 4.408567547798156738e-01 -1.043084621429443359e+00
1.936127543449401855e-01 -4.984503388404846191e-01 -2.068803310394287109e+00 -8.834773302078247070e-01 -7.939034104347229004e-01 -2.151789516210556030e-01 2.292206138372421265e-01 -6.421848535537719727e-01
1.210429430007934570e+00 -3.605374693870544434e-01 -1.277160525321960449e+00 8.024583756923675537e-02 9.630302786827087402e-01 5.168847441673278809e-01 -2.643869258463382721e-02 1.108859777450561523e+00
3.132602572441101074e-01 4.743101298809051514e-01 -5.567375421524047852e-01 -1.582842350006103516e+00 1.076212525367736816e+00 9.967466592788696289e-01 5.341967940330505371e-01 1.317133188247680664e+00
1.035951137542724609e+00 -4.242269694805145264e-01 -1.113575696945190430e+00 -1.704638719558715820e+00 7.111173272132873535e-01 1.057995080947875977e+00 -6.027672886848449707e-01 3.777068853378295898e-01
-1.801293134689331055e+00 5.456051975488662720e-02 -1.016200900077819824e+00 9.222108125686645508e-02 -5.813371539115905762e-01 1.253160476684570312e+00 2.683317065238952637e-01 -7.903792262077331543e-01
5.154187679290771484e-01 -2.466414421796798706e-01 -4.410849511623382568e-01 -4.674742743372917175e-02 8.282386064529418945e-01 5.649868771433830261e-02 1.784457564353942871e-01 1.628214836120605469e+00
-6.242052912712097168e-01 6.164836883544921875e-01 2.012754201889038086e+00 5.150384902954101562e-01 2.113389253616333008e+00 -4.879159629344940186e-01 1.002895951271057129e+00 -6.715053915977478027e-01
4.672044217586517334e-01 1.387094736099243164e+00 6.833372712135314941e-01 4.683278873562812805e-02 -5.259329080581665039e-01 2.591698765754699707e-01 4.133462607860565186e-01 1.807569146156311035e+00
-1.665628910064697266e+00 -5.946926027536392212e-02 -8.482943773269653320e-01 -6.301491260528564453e-01 -2.409401535987854004e-02 1.153189659118652344e+00 -2.836231291294097900e-01 7.590804100036621094e-01
-3.792839944362640381e-01 1.229884266853332520e+00 -4.321947693824768066e-01 -1.019437313079833984e+00 1.404206752777099609e+00 1.141364574432373047e+00 -5.576532483100891113e-01 4.897443354129791260e-01
8.841680884361267090e-01 3.714248165488243103e-02 1.974117159843444824e+00 5.479903221130371094e-01 -1.843458652496337891e+00 -9.372719526290893555e-01 3.947340548038482666e-01 -2.535097837448120117e+00
-3.382490202784538269e-02 1.347511291503906250e+00 8.640123605728149414e-01 8.191168308258056641e-01 1.003438591957092285e+00 8.237414360046386719e-01 -9.701306819915771484e-01 -1.073192715644836426e+00
1.467988133430480957e+00 1.065578460693359375e+00 -2.754381299018859863e-01 2.021102905273437500e+00 2.537474036216735840e-01 -1.663358807563781738e+00 -6.021913513541221619e-02 1.352402448654174805e+00
2.217617630958557129e-01 2.218227863311767578e+00 5.355771183967590332e-01 8.808195590972900391e-01 4.336459040641784668e-01 8.451104164123535156e-01 -8.328208923339843750e-01 -1.495973706245422363e+00
1.826600879430770874e-01 4.182241559028625488e-01 -8.900979533791542053e-03 1.949609160423278809e+00 -4.884640574455261230e-01 1.960767626762390137e+00 4.964563250541687012e-01 -1.425607800483703613e+00
9.306827783584594727e-01 2.879046201705932617e-01 9.474765658378601074e-01 -1.627989649772644043e+00 4.048582911491394043e-01 1.751731395721435547e+00 -1.508761525154113770e+00 2.755617201328277588e-01
-1.053235083818435669e-01 3.863678872585296631e-01 3.421864509582519531e-01 1.892480731010437012e+00 -2.106249630451202393e-01 5.710701942443847656e-01 -8.481782078742980957e-01 -1.111353039741516113e+00
2.772136926651000977e-01 1.255613803863525391e+00 -1.342545747756958008e-01 -1.146933913230895996e+00 -2.111000061035156250e+00 5.373654142022132874e-02 -8.512104153633117676e-01 -5.676925778388977051e-01
1.874281913042068481e-01 5.625241398811340332e-01 4.222841858863830566e-01 8.737372159957885742e-01 8.159525990486145020e-01 8.534427881240844727e-01 -4.248138368129730225e-01 -2.209764271974563599e-01
-1.183608248829841614e-01 -5.448337793350219727e-01 5.444035530090332031e-01 -5.359902977943420410e-01 -8.443380147218704224e-02 8.312844038009643555e-01 1.627389550209045410e+00 -6.955627202987670898e-01
1.556890487670898438e+00 -1.107253551483154297e+00 -1.774640977382659912e-01 -9.070136398077011108e-02 -8.529970049858093262e-01 -8.687540292739868164e-01 -4.684862494468688965e-02 7.405173778533935547e-01
6.642343103885650635e-02 -5.495342239737510681e-02 -1.200582027435302734e+00 -6.398915648460388184e-01 -6.584842801094055176e-01 1.800350189208984375e+00 -2.033638507127761841e-01 -1.739068388938903809e+00
1.491485238075256348e-01 1.297620415687561035e+00 1.729483753442764282e-01 8.552762120962142944e-02 -4.603966176509857178e-01 3.909780681133270264e-01 -8.262136578559875488e-01 9.645284414291381836e-01
-1.092675924301147461e+00 -7.667716741561889648e-01 8.946048617362976074e-01 1.081477701663970947e-01 -6.649591326713562012e-01 -5.063210725784301758e-01 -1.581478953361511230e+00 7.095229029655456543e-01
-4.688089191913604736e-01 -9.924457669258117676e-01 6.874255370348691940e-03 -2.991163432598114014e-01 -1.580684661865234375e+00 -2.736538648605346680e-01 1.985455006361007690e-01 4.850100278854370117e-01
1.034474015235900879e+00 -8.484142422676086426e-01 6.895165443420410156e-01 -7.527790069580078125e-01 -5.712654590606689453e-01 -1.585077166557312012e+00 4.009597599506378174e-01 -7.192493677139282227e-01
7.431345432996749878e-02 -1.115320548415184021e-01 -8.317006868310272694e-04 1.192801952362060547e+00 5.860486626625061035e-01 -2.183517217636108398e-01 3.403729498386383057e-01 5.394282564520835876e-02
2.877699434757232666e-01 2.909896373748779297e-01 1.348506212234497070e+00 9.303320050239562988e-01 4.157795608043670654e-01 2.225508928298950195e+00 -4.116655886173248291e-01 -1.670948505401611328e+00
1.738837480545043945e+00 -1.090427160263061523e+00 -5.932117104530334473e-01 1.243460059165954590e+00 4.327135384082794189e-01 8.609758689999580383e-03 -1.745146393775939941e+00 7.913148403167724609e-01
-3.053820133209228516e-01 -2.079365849494934082e-01 -4.473409354686737061e-01 -1.806115269660949707e+00 1.082574367523193359e+00 -6.764459609985351562e-01 -3.407315611839294434e-01 -1.510711073875427246e+00
-2.681625485420227051e-01 -6.469914317131042480e-01 1.544830918312072754e+00 -8.882893323898315430e-01 -1.643999665975570679e-01 9.686730802059173584e-02 1.143372207880020142e-01 -1.176233172416687012e+00
-6.426174044609069824e-01 2.330880403518676758e+00 -6.574946641921997070e-01 -1.261921226978302002e-01 -3.033357262611389160e-01 6.213585138320922852e-01 9.196830391883850098e-01 2.800050973892211914e-01
-6.935965418815612793e-01 -2.314103096723556519e-01 1.495320081710815430e+00 1.265553712844848633e+00 2.567230165004730225e-01 -3.031209409236907959e-01 -7.456527948379516602e-01 -5.688644051551818848e-01
2.828839123249053955e-01 -6.502750515937805176e-01 3.129090309143066406e+00 -7.154192328453063965e-01 1.861170291900634766e+00 -1.325072497129440308e-01 -3.214248716831207275e-01 -9.969792962074279785e-01
-1.172150731086730957e+00 -2.061981201171875000e+00 4.078154563903808594e-01 -2.435764789581298828e+00 1.288589715957641602e+00 1.029463171958923340e+00 1.138615489006042480e+00 -5.718261599540710449e-01
-6.202456355094909668e-01 6.359765529632568359e-01 4.684886038303375244e-01 3.208209872245788574e-01 -9.084353446960449219e-01 -4.794003069400787354e-01 -1.752934902906417847e-01 1.263270139694213867e+00
9.381636381149291992e-01 3.517080843448638916e-01 -9.548451900482177734e-01 3.253761827945709229e-01 1.102060317993164062e+00 -7.498593330383300781e-01 2.873621881008148193e-01 -5.002517104148864746e-01
2.333888858556747437e-01 1.330391645431518555e+00 -1.475973486900329590e+00 5.486462712287902832e-01 -8.819829225540161133e-01 -4.165747165679931641e-01 -7.249959111213684082e-01 -4.265949726104736328e-01
2.790234327316284180e+00 -1.081640958786010742e+00 -3.620317280292510986e-01 5.868901610374450684e-01 1.120831489562988281e+00 1.542598485946655273e+00 1.036957278847694397e-01 -4.444380998611450195e-01
-5.767030715942382812e-01 -6.054845452308654785e-01 2.133051395416259766e+00 4.251646399497985840e-01 -6.520618200302124023e-01 -1.353716254234313965e+00 -9.166641235351562500e-01 1.438616812229156494e-01
1.487764477729797363e+00 -1.284744977951049805e+00 1.461959123611450195e+00 -8.789771199226379395e-01 -3.418518006801605225e-01 1.747120380401611328e+00 1.014468550682067871e+00 -1.415516883134841919e-01
1.129082322120666504e+00 3.162553608417510986e-01 6.889441013336181641e-01 -1.039511084556579590e+00 -3.019069433212280273e-01 -4.688605368137359619e-01 -1.020178571343421936e-01 -3.121164143085479736e-01
-3.461391478776931763e-02 -2.542927742004394531e+00 -8.294064402580261230e-01 1.120338961482048035e-01 1.729181408882141113e-01 1.745377928018569946e-01 1.870801299810409546e-01 -1.165076851844787598e+00
-1.364634513854980469e+00 6.264476180076599121e-01 -7.702551782131195068e-02 -2.476492881774902344e+00 5.924331545829772949e-01 -1.376237511634826660e+00 -6.791124343872070312e-01 -9.376909136772155762e-01
-5.664777755737304688e-01 -6.024939194321632385e-02 2.775860130786895752e-01 -7.622720599174499512e-01 6.496196240186691284e-02 7.776102423667907715e-01 -6.783331036567687988e-01 -8.488000929355621338e-02
-9.461776018142700195e-01 -3.911144565790891647e-03 1.540644049644470215e+00 -9.837625622749328613e-01 1.933061033487319946e-01 1.242871761322021484e+00 2.005029678344726562e+00 -5.559419393539428711e-01
-5.050240159034729004e-01 -1.932154297828674316e+00 -1.338432282209396362e-01 1.220425486564636230e+00 -8.080440163612365723e-01 -7.818173766136169434e-01 -2.234858870506286621e-01 -6.586672663688659668e-01
1.128614068031311035e+00 -2.109744071960449219e+00 9.746935963630676270e-01 -3.651228845119476318e-01 9.744652509689331055e-01 9.945520162582397461e-01 5.357605814933776855e-01 -7.875991463661193848e-01
-5.208141803741455078e-01 1.314294487237930298e-01 2.795772850513458252e-01 5.368255376815795898e-01 9.356102347373962402e-01 9.169073700904846191e-01 -1.917651653289794922e+00 1.787649512290954590e+00
2.042650699615478516e+00 -1.715789884328842163e-01 2.981832981109619141e+00 -1.091297641396522522e-01 -8.453387022018432617e-01 -1.804986596107482910e+00 7.451902627944946289e-01 3.414945602416992188e-01
1.358520984649658203e-01 5.252436399459838867e-01 -8.389357328414916992e-01 9.418341517448425293e-01 4.945762753486633301e-01 2.995672821998596191e-01 -5.003351569175720215e-01 1.333300828933715820e+00
-6.480388641357421875e-01 -1.074795126914978027e+00 -1.500114560127258301e+00 6.852065324783325195e-01 4.869377017021179199e-01 -1.338351607322692871e+00 1.621313691139221191e+00 -4.898891150951385498e-01
-2.639672905206680298e-02 -1.156297683715820312e+00 1.603661656379699707e+00 -8.969347476959228516e-01 7.008715867996215820e-01 1.637339442968368530e-01 1.066627621650695801e+00 1.347537279129028320e+00
2.467871308326721191e-01 1.808895915746688843e-02 6.287472322583198547e-03 -1.169471025466918945e+00 4.582969248294830322e-01 1.656673073768615723e+00 7.400326728820800781e-01 1.323703408241271973e+00
1.412288069725036621e+00 -2.376282811164855957e-01 -4.292707741260528564e-01 4.650011062622070312e-01 -7.535926103591918945e-01 6.168686151504516602e-01 7.095376253128051758e-01 7.204527258872985840e-01
1.491468191146850586e+00 9.478644281625747681e-02 -6.377342343330383301e-01 3.696430325508117676e-01 2.278281301259994507e-01 -8.410393595695495605e-01 4.728347957134246826e-01 7.451472431421279907e-02
-1.248501777648925781e+00 6.332644820213317871e-01 -7.365615963935852051e-01 -5.165292322635650635e-02 1.374314069747924805e+00 4.679138958454132080e-01 6.607563495635986328e-01 -3.805215060710906982e-01
-6.726457476615905762e-01 -1.047058179974555969e-01 2.789439857006072998e-01 -9.407611563801765442e-03 -1.011739492416381836e+00 6.686663627624511719e-01 3.262556493282318115e-01 -6.155032515525817871e-01
-1.021628379821777344e+00 -8.733331561088562012e-01 3.481713831424713135e-01 4.596766829490661621e-01 -5.470963120460510254e-01 -5.002294778823852539e-01 -1.124809145927429199e+00 -1.572215199470520020e+00
-1.050990104675292969e+00 -2.135299682617187500e+00 -6.152738928794860840e-01 -2.983124256134033203e-01 1.329711794853210449e+00 6.666905879974365234e-01 -2.696557641029357910e-01 8.185534924268722534e-02
-1.389157176017761230e+00 -8.256798982620239258e-01 -6.913259625434875488e-01 -6.591455936431884766e-01 -3.087417185306549072e-01 -2.505238950252532959e-01 1.026981472969055176e+00 -1.200297325849533081e-01
2.538995265960693359e+00 -1.111900448799133301e+00 -7.664098143577575684e-01 -1.037197232246398926e+00 -2.467966228723526001e-01 6.540408730506896973e-01 -4.542673230171203613e-01 1.209049969911575317e-01
2.323245853185653687e-01 -8.387656509876251221e-02 1.135992169380187988e+00 1.170811772346496582e+00 -6.893635392189025879e-01 5.007318258285522461e-01 -1.628359198570251465e+00 2.610794603824615479e-01
-8.588396012783050537e-02 1.023173093795776367e+00 -1.182615876197814941e+00 3.879759013652801514e-01 -1.010383725166320801e+00 7.173191905021667480e-01 -4.151975214481353760e-01 -4.067870676517486572e-01
-1.768556475639343262e+00 -1.839045524597167969e+00 -1.100025653839111328e+00 8.184064030647277832e-01 4.175638854503631592e-01 1.051288127899169922e+00 -9.924393892288208008e-01 3.153634667396545410e-01
-2.642915844917297363e-01 7.691212296485900879e-01 1.080228924751281738e+00 3.173545002937316895e-02 1.288658976554870605e-01 7.200030088424682617e-01 6.496713757514953613e-01 1.668738275766372681e-01
1.352889657020568848e+00 -3.063806593418121338e-01 5.466691255569458008e-01 -4.216618463397026062e-02 -9.401627182960510254e-01 2.799429893493652344e+00 -4.969987571239471436e-01 -8.874348998069763184e-01
4.627641737461090088e-01 3.710235655307769775e-01 1.371808528900146484e+00 1.470560431480407715e+00 -1.479771971702575684e+00 1.580614924430847168e+00 1.428514719009399414e+00 9.701357483863830566e-01
-9.866679906845092773e-01 -1.154182076454162598e+00 -1.212092041969299316e+00 -2.101854801177978516e+00 1.376324534416198730e+00 -5.429309606552124023e-01 1.474908590316772461e-01 -8.553555011749267578e-01
-2.318813800811767578e+00 1.692007660865783691e+00 1.282635331153869629e+00 -9.464980661869049072e-02 1.596450954675674438e-01 4.939455389976501465e-01 -7.659969329833984375e-01 -2.807385325431823730e-01
-8.465903401374816895e-01 3.728061020374298096e-01 1.349775791168212891e+00 1.419240026734769344e-03 -7.468931674957275391e-01 -6.401097178459167480e-01 -4.306895434856414795e-01 -4.194661974906921387e-01
9.611014723777770996e-01 -7.687773555517196655e-02 -8.802995681762695312e-01 8.173636794090270996e-01 1.182285904884338379e+00 4.424351155757904053e-01 -1.474346518516540527e+00 -9.393858313560485840e-01
-8.570892810821533203e-01 -2.001019865274429321e-01 4.157070219516754150e-01 -5.678014159202575684e-01 1.160898804664611816e+00 9.521791934967041016e-01 -9.878607988357543945e-01 4.829159677028656006e-01
-2.675318419933319092e-01 1.460052490234375000e+00 5.645122528076171875e-01 2.089487761259078979e-01 1.792781352996826172e+00 -6.428586244583129883e-01 -1.688716113567352295e-01 -2.689264714717864990e-01
-1.119140982627868652e-01 -1.958689242601394653e-01 -1.991909146308898926e+00 1.527940273284912109e+00 4.285086393356323242e-01 2.026053905487060547e+00 -2.983884140849113464e-02 -6.434797644615173340e-01
1.822398304939270020e+00 7.767437100410461426e-01 4.998849034309387207e-01 2.765714526176452637e-01 8.838887214660644531e-01 -1.399380683898925781e+00 -5.502517819404602051e-01 -1.378873944282531738e+00
1.277823090553283691e+00 1.261644601821899414e+00 1.013386845588684082e+00 1.543066620826721191e+00 2.086351871490478516e+00 4.800366759300231934e-01 -8.279601931571960449e-01 2.727882564067840576e-01
2.261497020721435547e+00 -4.762177467346191406e-01 -1.217759966850280762e+00 3.592616617679595947e-01 -8.346289396286010742e-01 1.120981574058532715e+00 8.072705268859863281e-01 -7.623029500246047974e-02
-5.133737325668334961e-01 1.514467000961303711e-01 -1.242019534111022949e+00 -3.358666598796844482e-01 -1.244731068611145020e+00 -7.331461459398269653e-02 -3.113214075565338135e-01 8.517121672630310059e-01
6.233164668083190918e-01 -2.118306636810302734e+00 1.516088724136352539e+00 3.960028588771820068e-01 6.279048919677734375e-01 -8.234828114509582520e-01 -8.615789562463760376e-02 3.111455142498016357e-01
-5.977404117584228516e-01 1.092074871063232422e+00 7.015530467033386230e-01 -1.071397423744201660e+00 -6.403393745422363281e-01 -6.522302031517028809e-01 8.894861340522766113e-01 9.445928335189819336e-01
1.759080588817596436e-01 9.471794962882995605e-01 2.376418113708496094e-01 -1.219816684722900391e+00 -7.988831996917724609e-01 -3.239020407199859619e-01 -4.617573022842407227e-01 3.060619831085205078e-01
4.531690180301666260e-01 1.021756529808044434e+00 -2.265336751937866211e+00 -5.245670676231384277e-01 -5.284457206726074219e-01 9.927304387092590332e-01 -1.555071026086807251e-01 -1.647378057241439819e-01
-6.869760155677795410e-01 7.539550662040710449e-01 3.304165899753570557e-01 2.829431295394897461e-01 2.630788683891296387e-01 -4.325831234455108643e-01 8.992931991815567017e-02 -1.602248191833496094e+00
1.455477118492126465e+00 2.131457328796386719e-01 6.483179926872253418e-01 -8.034348487854003906e-01 -2.567243576049804688e-01 -9.476909041404724121e-02 -4.175439178943634033e-01 -6.273399591445922852e-01
-8.230295777320861816e-01 -5.879437923431396484e-02 -8.784375786781311035e-01 1.557416558265686035e+00 -4.128410518169403076e-01 1.350934654474258423e-01 -1.140818119049072266e+00 7.060987353324890137e-01
3.109200596809387207e-01 -4.572753906250000000e-01 -1.884143985807895660e-02 -1.220354437828063965e-01 -2.001957744359970093e-01 7.121970877051353455e-03 1.050249457359313965e+00 5.658521652221679688e-01
6.525187492370605469e-01 5.415695309638977051e-01 -7.495061159133911133e-01 1.333243846893310547e+00 -5.967900156974792480e-01 -4.588834941387176514e-01 -1.732882380485534668e+00 -1.932264119386672974e-01
-1.154814720153808594e+00 -8.032557964324951172e-01 1.382217369973659515e-02 5.261620283126831055e-01 -4.279702901840209961e-01 1.199413776397705078e+00 -1.292727328836917877e-02 3.172881007194519043e-01
-2.708927392959594727e-01 -1.329218447208404541e-01 2.470215320587158203e+00 -1.616731762886047363e+00 5.410824418067932129e-01 7.000033855438232422e-01 1.288207292556762695e+00 -1.215915799140930176e+00
-1.610442399978637695e-01 6.322742700576782227e-01 2.537127256393432617e+00 7.402290701866149902e-01 7.810808420181274414e-01 -7.980467677116394043e-01 2.028659343719482422e+00 1.078641057014465332e+00
9.900001883506774902e-01 1.392199695110321045e-01 1.352089643478393555e+00 2.149161100387573242e+00 1.280829459428787231e-01 -8.913607001304626465e-01 9.556796401739120483e-02 -1.154575571417808533e-01
-1.434147208929061890e-01 3.507303446531295776e-02 -1.952614188194274902e+00 1.028455734252929688e+00 -5.622356534004211426e-01 -3.909339308738708496e-01 3.493688106536865234e-01 -1.904755949974060059e+00
-8.945418000221252441e-01 1.455457448959350586e+00 7.043614387512207031e-01 2.282201200723648071e-01 -5.389418005943298340e-01 1.289429903030395508e+00 -3.820486664772033691e-01 -4.036226868629455566e-01
