-4.617986381053924561e-01
3.553893864154815674e-01
8.805597424507141113e-01
-1.339951008558273315e-01
4.963827431201934814e-01
-4.340943694114685059e-01
-8.318113684654235840e-01
5.104086399078369141e-01
-4.556458890438079834e-01
-7.234190106391906738e-01
8.851784467697143555e-01
1.024867296218872070e-01
-1.439873278141021729e-01
1.541350841522216797e+00
-2.112340211868286133e+00
-2.994873523712158203e-01
-1.056568264961242676e+00
-1.790376067161560059e+00
1.826324701309204102e+00
7.500543594360351562e-01
-1.028027772903442383e+00
-9.946799278259277344e-01
-4.344111680984497070e-01
-1.046131849288940430e+00
-1.243696287274360657e-01
-9.830443859100341797e-01
1.134541392326354980e+00
-5.581943392753601074e-01
-1.314079642295837402e+00
-5.524842739105224609e-01
-5.471061468124389648e-01
-4.169009923934936523e-01
1.438407063484191895e+00
8.965102955698966980e-03
-1.129148840904235840e+00
4.678460955619812012e-01
-5.668034553527832031e-01
-2.495657920837402344e+00
-1.082854986190795898e+00
-6.359411478042602539e-01
8.951193094253540039e-01
2.351609319448471069e-01
-9.427933096885681152e-01
-7.147888541221618652e-01
-4.791009724140167236e-01
1.568467915058135986e-01
-4.444950819015502930e-01
-1.112556099891662598e+00
-1.501856088638305664e+00
-1.776315271854400635e-01
2.078204154968261719e-01
8.500626683235168457e-01
1.063353896141052246e+00
5.276888608932495117e-01
1.663308978080749512e+00
-1.080620735883712769e-01
-7.305493950843811035e-01
1.579027652740478516e+00
-9.934912919998168945e-01
9.695544838905334473e-02
1.820811152458190918e+00
1.400702953338623047e+00
-3.466971963644027710e-02
-4.084643125534057617e-01
8.327565789222717285e-01
4.165541380643844604e-03
1.651781678199768066e+00
-6.298173069953918457e-01
6.994222402572631836e-01
2.140558809041976929e-01
8.134476542472839355e-01
-5.301478505134582520e-01
-2.009696066379547119e-01
-1.900148510932922363e+00
-3.792973756790161133e-01
-3.755637407302856445e-01
-1.311278581619262695e+00
1.161321550607681274e-01
3.813056349754333496e-01
-9.607048034667968750e-01
6.061193943023681641e-01
1.330345571041107178e-01
1.255636572837829590e+00
-1.386622428894042969e+00
1.133883222937583923e-01
1.140594124794006348e+00
5.259129405021667480e-01
-1.236783266067504883e+00
3.671402037143707275e-01
-2.100658416748046875e+00
1.272410511970520020e+00
-4.018341749906539917e-02
1.991936087608337402e+00
2.012016177177429199e-01
5.973860025405883789e-01
-9.628115892410278320e-01
4.276908934116363525e-01
5.729869008064270020e-01
-1.383308887481689453e+00
-3.937341868877410889e-01
-6.295175552368164062e-01
-2.612435221672058105e-01
-1.266605496406555176e+00
-1.647618889808654785e+00
1.211270928382873535e+00
-8.653908967971801758e-01
5.368200540542602539e-01
1.786193490028381348e+00
3.012604415416717529e-01
4.553453996777534485e-02
-2.677854299545288086e-01
-1.081711649894714355e+00
-1.001777052879333496e-01
-3.499020338058471680e-01
3.703031837940216064e-01
-1.036370515823364258e+00
4.176044762134552002e-01
-6.904332041740417480e-01
-9.689493179321289062e-01
7.496922016143798828e-01
-6.254124641418457031e-01
8.705776333808898926e-01
1.860229134559631348e+00
-1.270402371883392334e-01
-5.943967029452323914e-02
-5.061112046241760254e-01
1.466876387596130371e+00
-3.488147258758544922e-01
-6.466031074523925781e-01
1.124743580818176270e+00
-2.425513789057731628e-02
-7.221394181251525879e-01
-6.647894382476806641e-01
-9.492931365966796875e-01
-1.368560492992401123e-01
-3.208307623863220215e-01
-5.305351018905639648e-01
-1.386869847774505615e-01
-1.971523165702819824e-01
1.524726390838623047e+00
-2.065963745117187500e+00
4.860187768936157227e-01
1.345434427261352539e+00
1.187410056591033936e-01
-7.915629744529724121e-01
7.657670974731445312e-01
-2.427128106355667114e-01
2.175663709640502930e+00
1.320278644561767578e+00
1.580075383186340332e+00
-6.581875085830688477e-01
3.175308406352996826e-01
-1.202737390995025635e-01
-1.624210178852081299e-01
-2.980835437774658203e-01
-4.653180539608001709e-01
-1.363236069679260254e+00
2.707240283489227295e-01
8.125850558280944824e-01
-6.893714070320129395e-01
9.201302379369735718e-02
1.275046110153198242e+00
1.064906239509582520e+00
-2.047050446271896362e-01
-1.157500624656677246e+00
7.646347880363464355e-01
-7.419621944427490234e-01
-1.734565645456314087e-01
-4.839090406894683838e-01
1.414344191551208496e+00
-1.200558781623840332e+00
-1.449505567550659180e+00
-7.660660147666931152e-01
2.644539594650268555e+00
-9.789854884147644043e-01
3.583598434925079346e-01
-1.483052611351013184e+00
9.152572751045227051e-01
-4.387076795101165771e-01
-3.490756750106811523e-01
2.731217145919799805e-01
-3.745566606521606445e-01
-1.505633711814880371e+00
5.789624452590942383e-01
3.767559826374053955e-01
-1.828706145286560059e+00
8.926889896392822266e-01
-1.468068808317184448e-01
-3.511330783367156982e-01
-2.723046243190765381e-01
-9.785348176956176758e-01
-1.171670079231262207e+00
6.374954581260681152e-01
1.088206887245178223e+00
-2.683227658271789551e-01
6.661952137947082520e-01
1.446927309036254883e+00
2.402229905128479004e-01
7.597772479057312012e-01
-3.744110465049743652e-01
-1.448240160942077637e+00
2.793930768966674805e-01
-1.058634042739868164e+00
-2.065407514572143555e+00
3.342752456665039062e-01
-1.049835681915283203e+00
-1.578721046447753906e+00
-3.676696717739105225e-01
1.612955331802368164e+00
1.145862102508544922e+00
-1.620018333196640015e-01
-5.967477560043334961e-01
-2.587981820106506348e-01
-9.013400077819824219e-01
-1.248618364334106445e+00
-5.461891293525695801e-01
-8.562071919441223145e-01
1.241963915526866913e-02
-2.795177102088928223e-01
1.719797700643539429e-01
1.497189700603485107e-01
-5.421213507652282715e-01
-2.863060832023620605e-01
3.943345546722412109e-01
8.107600212097167969e-01
-7.944501936435699463e-02
8.703148961067199707e-01
-2.588190793991088867e+00
1.535785317420959473e+00
8.443699777126312256e-02
1.462956070899963379e+00
-1.088353633880615234e+00
-7.952858209609985352e-01
-1.407308578491210938e-01
-9.332705736160278320e-01
-3.884762227535247803e-01
-9.293323755264282227e-01
-1.230091694742441177e-02
9.475693702697753906e-01
-1.570022851228713989e-01
1.188516378402709961e+00
-1.501334667205810547e+00
9.225366711616516113e-01
-1.692948222160339355e+00
3.392255783081054688e+00
-2.512529790401458740e-01
1.888484507799148560e-01
-2.723752856254577637e-01
-1.539208054542541504e+00
8.329765796661376953e-01
1.217804670333862305e+00
1.466333150863647461e+00
6.037632822990417480e-01
1.133352965116500854e-01
3.254715800285339355e-01
1.414038240909576416e-01
-2.194707393646240234e+00
1.212147235870361328e+00
-3.696963191032409668e-01
1.156561225652694702e-01
9.677929282188415527e-01
6.725453734397888184e-01
3.324500322341918945e-01
-2.872843742370605469e-01
4.110392332077026367e-01
-4.916927814483642578e-01
-3.595384657382965088e-01
3.426293134689331055e-01
-6.265314817428588867e-01
-1.257811933755874634e-01
3.669314086437225342e-01
9.704649448394775391e-01
9.801282882690429688e-01
-7.896733880043029785e-01
1.413037031888961792e-01
-7.328394055366516113e-01
5.634320378303527832e-01
-3.805155456066131592e-01
-7.440588474273681641e-01
1.182665824890136719e+00
1.860433518886566162e-01
1.589722156524658203e+00
3.358090519905090332e-01
-1.343024224042892456e-01
-1.649179756641387939e-01
5.687131285667419434e-01
7.426010966300964355e-01
-1.767672598361968994e-01
8.270794153213500977e-01
-3.137184977531433105e-01
1.328864336013793945e+00
-3.372709155082702637e-01
-1.237656623125076294e-01
1.110987305641174316e+00
-4.407779872417449951e-02
6.604419946670532227e-01
8.927430957555770874e-02
4.428572952747344971e-01
-4.394062757492065430e-01
-9.615922570228576660e-01
4.684135317802429199e-01
-1.161116287112236023e-01
5.105988979339599609e-01
-8.489395380020141602e-01
-5.729673504829406738e-01
8.232370615005493164e-01
6.757110953330993652e-01
9.022111296653747559e-01
1.688770055770874023e+00
-1.048285841941833496e+00
9.170465916395187378e-02
8.983275294303894043e-01
-1.457559585571289062e+00
2.853123664855957031e+00
1.543774485588073730e+00
-3.128097951412200928e-02
9.426884055137634277e-01
1.034364342689514160e+00
4.915676414966583252e-01
-2.052798569202423096e-01
7.904540896415710449e-01
-4.201972782611846924e-01
3.244209587574005127e-01
6.333461999893188477e-01
2.972856760025024414e-01
6.891617178916931152e-02
1.423595249652862549e-01
-9.432091116905212402e-01
6.439442038536071777e-01
-5.296508669853210449e-01
-3.986108899116516113e-01
8.097619414329528809e-01
6.204540729522705078e-01
1.751600503921508789e+00
4.653884470462799072e-01
-4.797759279608726501e-02
6.259468197822570801e-01
-1.063153743743896484e+00
1.094017386436462402e+00
3.510683178901672363e-01
1.105337262153625488e+00
2.983896434307098389e-01
-3.548444211483001709e-01
-2.186716556549072266e+00
-1.407622098922729492e+00
3.242092728614807129e-01
-9.621493220329284668e-01
-4.759441614151000977e-01
-1.639377832412719727e+00
-2.553014516830444336e+00
4.648540616035461426e-01
-3.313437104225158691e-01
1.943139791488647461e+00
1.637895584106445312e+00
1.049475908279418945e+00
-9.764482975006103516e-01
7.649018764495849609e-01
9.112830758094787598e-01
4.607010483741760254e-01
-9.003643989562988281e-01
-4.620524644851684570e-01
3.025080561637878418e-01
-2.459541261196136475e-01
9.696482419967651367e-01
4.872204959392547607e-01
-9.820346236228942871e-01
6.323426365852355957e-01
7.593383640050888062e-02
2.008947610855102539e+00
-1.223879575729370117e+00
4.356925785541534424e-01
1.558170765638351440e-01
-4.910965561866760254e-01
-2.380061149597167969e+00
2.085735201835632324e-01
8.601437807083129883e-01
-4.002399742603302002e-01
-1.269882798194885254e+00
7.701079249382019043e-01
-7.264921069145202637e-02
8.309692144393920898e-01
1.402436614036560059e+00
1.364667296409606934e+00
1.904422044754028320e+00
3.324892818927764893e-01
4.609141945838928223e-01
-1.742449879646301270e+00
1.203231573104858398e+00
-5.791466236114501953e-01
-1.025080800056457520e+00
-7.510404586791992188e-01
-1.558888554573059082e+00
-2.477535158395767212e-01
9.929860234260559082e-01
1.470659494400024414e+00
-2.382718622684478760e-01
7.318515777587890625e-01
2.311272472143173218e-01
6.476810574531555176e-01
3.096434772014617920e-01
-5.973368287086486816e-01
1.112662434577941895e+00
-5.083280205726623535e-01
-9.005274772644042969e-01
-2.018122196197509766e+00
-1.673314571380615234e+00
5.823440477252006531e-02
-1.540369033813476562e+00
5.532231330871582031e-01
2.271295547485351562e+00
1.371573448181152344e+00
3.915888667106628418e-01
1.208794787526130676e-01
6.274232268333435059e-01
1.062986731529235840e+00
-9.026262164115905762e-01
7.535510063171386719e-01
-7.559394836425781250e-01
-1.801843523979187012e+00
-1.102439761161804199e+00
3.210230767726898193e-01
-1.015460133552551270e+00
1.606140613555908203e+00
1.378601789474487305e+00
-7.967314124107360840e-01
1.383673071861267090e+00
-9.214557409286499023e-01
-2.344103902578353882e-02
-8.731804788112640381e-02
-7.768825888633728027e-01
5.108975991606712341e-02
1.400196313858032227e+00
-1.415892541408538818e-01
4.759749472141265869e-01
2.480102926492691040e-01
2.309732437133789062e-01
-6.852625608444213867e-01
3.194117248058319092e-01
2.034745365381240845e-01
-7.456293702125549316e-01
1.106647253036499023e+00
6.901610493659973145e-01
1.092021703720092773e+00
1.934040665626525879e+00
2.801177203655242920e-01
-3.667233884334564209e-02
4.155133366584777832e-01
-8.006911873817443848e-01
-1.571771651506423950e-01
-2.147494405508041382e-01
1.034943014383316040e-01
-1.321583628654479980e+00
-9.050834923982620239e-02
-1.069001317024230957e+00
2.048702985048294067e-01
1.710082650184631348e+00
-1.595084547996520996e+00
1.345027804374694824e+00
-1.144263222813606262e-01
-1.141657114028930664e+00
-5.605411529541015625e-02
-6.362866163253784180e-01
-6.436965465545654297e-01
4.614916071295738220e-02
-1.802251189947128296e-01
-7.521420717239379883e-02
9.663728475570678711e-01
-6.053593754768371582e-01
3.243293464183807373e-01
-9.347907900810241699e-01
3.833964094519615173e-02
-6.497456878423690796e-02
1.344141721725463867e+00
1.621674448251724243e-01
-2.681746780872344971e-01
-1.511600732803344727e+00
-1.600233316421508789e+00
-5.043402910232543945e-01
3.545373976230621338e-01
7.604321241378784180e-01
-3.538327217102050781e-01
-4.729200303554534912e-01
-6.522004604339599609e-01
-3.420559763908386230e-01
-9.209602475166320801e-01
1.384443044662475586e-01
-3.035508096218109131e-01
-9.741636365652084351e-02
-5.186025500297546387e-01
-1.481287717819213867e+00
-1.217412829399108887e+00
-7.820772528648376465e-01
-7.845663428306579590e-01
-1.987502723932266235e-02
1.598586678504943848e+00
-6.555815041065216064e-02
-2.084398031234741211e+00
5.264989733695983887e-01
7.087568044662475586e-01
-6.779750585556030273e-01
9.397465586662292480e-01
1.924759864807128906e+00
-5.424937605857849121e-01
-3.372881710529327393e-01
-4.407893121242523193e-01
2.114269495010375977e+00
1.730875968933105469e-01
-3.679973483085632324e-01
1.310838580131530762e+00
-2.458698272705078125e+00
-1.390633106231689453e+00
3.564051585271954536e-03
-9.652955532073974609e-01
4.436331614851951599e-02
7.522062063217163086e-01
8.122352957725524902e-01
-1.107724428176879883e+00
-1.161621958017349243e-01
-5.747910737991333008e-01
2.528950199484825134e-02
-4.816098213195800781e-01
1.844852447509765625e+00
-1.008571743965148926e+00
-6.991202235221862793e-01
3.393991887569427490e-01
-7.119364142417907715e-01
9.223111718893051147e-02
-1.396208703517913818e-01
1.493674874305725098e+00
-7.114025950431823730e-02
-4.369183778762817383e-01
-8.400865793228149414e-01
1.859456658363342285e+00
1.591661125421524048e-01
8.102156519889831543e-01
6.491578817367553711e-01
4.117971956729888916e-01
-1.005472779273986816e+00
-5.728639960289001465e-01
7.090253233909606934e-01
6.715740561485290527e-01
-1.545095205307006836e+00
9.937107563018798828e-01
1.711847186088562012e-01
-6.241145133972167969e-01
-1.254335045814514160e+00
-5.456750839948654175e-02
6.140813231468200684e-01
-2.288299947977066040e-01
-7.688170671463012695e-01
1.154071450233459473e+00
-1.754344940185546875e+00
1.177581906318664551e+00
1.064998984336853027e+00
-3.242004215717315674e-01
-1.060523986816406250e+00
6.212148666381835938e-01
-3.099863827228546143e-01
-1.975474059581756592e-01
-1.436256170272827148e+00
2.363573312759399414e-01
1.425091385841369629e+00
-4.726248979568481445e-01
-1.049047589302062988e+00
5.362424254417419434e-01
1.387388944625854492e+00
-1.890705525875091553e-02
1.123031258583068848e+00
-5.882004499435424805e-01
-1.546108961105346680e+00
-1.913368821144104004e+00
-1.299660444259643555e+00
-1.183722972869873047e+00
-5.758949518203735352e-01
3.311282396316528320e-01
8.278712630271911621e-01
-4.385330155491828918e-02
-2.353082001209259033e-01
-6.579670906066894531e-01
-6.192649602890014648e-01
-8.584876060485839844e-01
4.995352029800415039e-02
4.002186059951782227e-01
-5.895100235939025879e-01
-3.787305355072021484e-01
4.267274439334869385e-01
1.689146995544433594e+00
8.868018388748168945e-01
-1.253583908081054688e+00
-2.251788854598999023e+00
4.712648391723632812e-01
-1.368733048439025879e+00
-2.374156862497329712e-01
-4.203909635543823242e-02
1.891771405935287476e-01
7.050779461860656738e-01
8.721493184566497803e-02
-1.052780151367187500e+00
-1.915357559919357300e-01
8.475355803966522217e-02
