-4.320377409458160400e-01
1.147066235542297363e+00
1.085595726966857910e+00
-5.002565309405326843e-02
4.081359505653381348e-01
-7.149659395217895508e-01
6.942127943038940430e-01
-5.331289172172546387e-01
-4.168771579861640930e-02
-8.909963369369506836e-01
-2.072793483734130859e+00
-2.577863693237304688e+00
-1.321156136691570282e-02
1.028423786163330078e+00
1.030924797058105469e+00
-1.615307569503784180e+00
8.216738700866699219e-01
-5.232855081558227539e-01
5.570554137229919434e-01
-4.271692931652069092e-01
7.112337946891784668e-01
-2.336071878671646118e-01
1.273061782121658325e-01
-1.610874891281127930e+00
4.414363801479339600e-01
6.565085053443908691e-01
-1.302231669425964355e+00
9.228782057762145996e-01
1.148752570152282715e+00
-2.886697351932525635e-01
2.245820045471191406e+00
-1.067271754145622253e-01
-2.487040162086486816e-01
6.498188376426696777e-01
-8.204811811447143555e-01
1.718307971954345703e+00
5.717856287956237793e-01
1.871904850006103516e+00
-1.603625774383544922e+00
1.964051008224487305e+00
3.012501299381256104e-01
2.765224695205688477e+00
8.890687823295593262e-01
-1.140279412269592285e+00
-1.310250639915466309e+00
1.060696721076965332e+00
4.550928249955177307e-02
1.102930903434753418e+00
1.187343597412109375e+00
-8.074280023574829102e-01
-1.110238432884216309e+00
1.307891726493835449e+00
5.578910112380981445e-01
-5.294245481491088867e-01
3.892620801925659180e-01
8.743935227394104004e-01
5.957307219505310059e-01
2.417645156383514404e-01
6.387997269630432129e-01
-3.920958042144775391e-01
-2.754683494567871094e-01
1.061978470534086227e-02
1.696194291114807129e+00
-4.839480295777320862e-02
7.046157717704772949e-01
-1.394453883171081543e+00
9.660150408744812012e-01
7.292611598968505859e-01
2.639061510562896729e-01
5.825812816619873047e-01
1.080834507942199707e+00
-8.381024003028869629e-01
1.291492104530334473e+00
1.087882161140441895e+00
8.311302065849304199e-01
1.388385593891143799e-01
1.356021404266357422e+00
-1.479383111000061035e+00
-8.584098219871520996e-01
-7.675414085388183594e-01
9.705483913421630859e-01
-1.834877729415893555e+00
-6.849651336669921875e-01
1.780519366264343262e+00
-1.426483869552612305e+00
1.662845849990844727e+00
1.010073900222778320e+00
-2.393328547477722168e-01
-9.199967384338378906e-01
6.060455366969108582e-02
5.920866131782531738e-01
-1.012686491012573242e+00
7.999469041824340820e-01
-8.981328606605529785e-01
1.313678622245788574e+00
-1.407064676284790039e+00
1.158325672149658203e+00
1.432099193334579468e-02
-1.154304981231689453e+00
-8.713037967681884766e-01
6.484522223472595215e-01
8.628238439559936523e-01
6.316154450178146362e-02
-3.496628701686859131e-01
2.183577865362167358e-01
-4.241014122962951660e-01
-5.002477169036865234e-01
4.753912985324859619e-01
-1.376809239387512207e+00
-6.076436862349510193e-02
-1.035732150077819824e+00
1.603416800498962402e+00
3.691065609455108643e-01
2.295996904373168945e+00
-6.789160966873168945e-01
4.563925862312316895e-01
-1.158410310745239258e+00
1.349791884422302246e+00
1.452844500541687012e+00
-1.282378792762756348e+00
6.273986101150512695e-01
-5.900344848632812500e-01
-7.694564461708068848e-01
1.541965007781982422e+00
-5.090380907058715820e-01
8.593595623970031738e-01
-5.558204650878906250e-01
-4.636366069316864014e-01
8.800876140594482422e-01
6.966678500175476074e-01
-4.204638600349426270e-01
-5.620089545845985413e-02
2.377747297286987305e-01
-5.032616108655929565e-02
-7.200559973716735840e-01
4.046746715903282166e-02
3.488224148750305176e-01
8.129683732986450195e-01
3.186107575893402100e-01
1.307830095291137695e+00
-9.122834801673889160e-01
-1.219004988670349121e+00
9.161049723625183105e-01
1.855135798454284668e+00
9.423298835754394531e-01
9.211671352386474609e-01
-2.054249525070190430e+00
7.106768488883972168e-01
5.639359354972839355e-01
-8.083591461181640625e-01
-3.767478764057159424e-01
-1.383767962455749512e+00
1.661738276481628418e+00
-8.492300510406494141e-01
1.518416643142700195e+00
-1.466763973236083984e+00
6.642072796821594238e-01
9.047936648130416870e-02
-6.864260435104370117e-01
-1.517771840095520020e+00
9.762755036354064941e-01
1.769004821777343750e+00
2.498342841863632202e-01
1.220517992973327637e+00
-2.144771099090576172e+00
9.639599919319152832e-01
-7.091678977012634277e-01
4.235877990722656250e-01
1.514846801757812500e+00
4.704837873578071594e-02
7.686478644609451294e-02
-4.853226616978645325e-02
1.509586572647094727e+00
-9.006288647651672363e-01
-1.319115996360778809e+00
-6.908478140830993652e-01
2.684226334095001221e-01
9.696123600006103516e-01
-1.151520967483520508e+00
3.577526286244392395e-02
4.897961616516113281e-01
-1.053736805915832520e+00
-4.530660212039947510e-01
-1.346878051757812500e+00
5.801715254783630371e-01
9.310578107833862305e-01
2.158527523279190063e-01
-1.367515206336975098e+00
-4.745077788829803467e-01
-4.303216338157653809e-01
8.377570509910583496e-01
-1.266424357891082764e-01
1.432293653488159180e+00
3.900213837623596191e-01
1.254940778017044067e-01
6.039581894874572754e-01
-6.719276905059814453e-01
-4.736405313014984131e-01
-1.649940967559814453e+00
1.541324257850646973e+00
