7.728017121553421021e-02
-6.678758263587951660e-01
-6.626710295677185059e-02
1.516551136970520020e+00
-9.475991129875183105e-01
2.245609015226364136e-01
-9.311267137527465820e-01
5.454337000846862793e-01
5.846213102340698242e-01
-1.379070758819580078e+00
7.609637975692749023e-01
-3.123998641967773438e-01
1.333819150924682617e+00
5.949720740318298340e-01
-1.460666298866271973e+00
1.131323818117380142e-02
5.667897462844848633e-01
8.199105858802795410e-01
-1.161276578903198242e+00
-1.386251211166381836e+00
-5.604348778724670410e-01
1.418216973543167114e-01
-3.000319898128509521e-01
1.474394083023071289e+00
1.458413124084472656e+00
-1.422307968139648438e+00
6.764746308326721191e-01
1.399232149124145508e+00
-6.444713473320007324e-01
-3.649609684944152832e-01
9.244707226753234863e-02
1.595368385314941406e+00
1.543229818344116211e+00
-5.613801479339599609e-01
8.065156936645507812e-01
-4.740296900272369385e-01
1.824188083410263062e-01
7.908451557159423828e-01
3.011645317077636719e+00
1.348843127489089966e-01
2.856829166412353516e+00
1.307319164276123047e+00
-1.777382850646972656e+00
-1.227623783051967621e-02
6.781085729598999023e-01
1.861977934837341309e+00
-9.085575491189956665e-02
-6.646037697792053223e-01
1.862216234207153320e+00
4.464852809906005859e-01
9.234533905982971191e-01
-5.800380110740661621e-01
1.269254922866821289e+00
-4.146220386028289795e-01
-4.244142174720764160e-01
-6.782466769218444824e-01
1.544889092445373535e+00
4.675261080265045166e-01
9.264886379241943359e-01
5.730546712875366211e-01
-2.745487391948699951e-01
2.453871518373489380e-01
-5.465263724327087402e-01
1.314236640930175781e+00
1.130620956420898438e+00
-1.889883518218994141e+00
1.588747620582580566e+00
1.186624169349670410e-02
-8.940187096595764160e-01
1.442585587501525879e-01
-5.009390115737915039e-01
2.470098137855529785e-01
3.278729617595672607e-01
1.233734250068664551e+00
-3.309277892112731934e-01
-8.632686138153076172e-01
-1.065653800964355469e+00
-2.801974415779113770e-01
4.457058310508728027e-01
-1.114411115646362305e+00
-8.822115063667297363e-01
9.656041860580444336e-01
-1.650439381599426270e+00
8.948098123073577881e-02
3.854458630084991455e-01
6.316229104995727539e-01
5.293672904372215271e-02
-4.887843728065490723e-01
-2.110401540994644165e-01
-1.764352321624755859e+00
1.886069178581237793e-01
-4.219906032085418701e-01
-5.310426950454711914e-01
-1.448240518569946289e+00
1.460787653923034668e-01
-5.302292108535766602e-02
6.202675700187683105e-01
-4.002906084060668945e-01
-2.570700049400329590e-01
1.351095795631408691e+00
-1.076393604278564453e+00
-9.860668182373046875e-01
2.152520895004272461e+00
-4.304506778717041016e-01
-7.067592740058898926e-01
8.487892746925354004e-01
-7.404549717903137207e-01
1.769613742828369141e+00
-4.154624640941619873e-01
-1.050497770309448242e+00
1.245452761650085449e-01
-3.658232390880584717e-01
6.177510619163513184e-01
-1.215120255947113037e-01
-8.329147696495056152e-01
-5.819861292839050293e-01
2.761772155761718750e+00
7.158982157707214355e-01
3.857294842600822449e-02
3.211887180805206299e-01
-3.994068205356597900e-01
1.718013525009155273e+00
3.114002645015716553e-01
2.043452709913253784e-01
7.344480752944946289e-01
8.081894367933273315e-02
-1.417826414108276367e+00
4.256579577922821045e-01
3.720242157578468323e-02
-1.957205653190612793e+00
-2.484082460403442383e+00
2.121333360671997070e+00
1.451986670494079590e+00
-6.701705604791641235e-02
-1.462849378585815430e-01
-4.577920958399772644e-02
5.822529196739196777e-01
3.368532359600067139e-01
1.810416340827941895e+00
1.005738019943237305e+00
2.072667032480239868e-01
-4.255727529525756836e-01
1.225112795829772949e+00
2.471446752548217773e+00
1.431200653314590454e-01
6.929119229316711426e-01
-9.539756774902343750e-01
6.131598353385925293e-01
1.074963450431823730e+00
-7.523731589317321777e-01
2.726179659366607666e-01
-6.756483912467956543e-01
-8.286712169647216797e-01
-6.204998120665550232e-02
6.966933608055114746e-01
-6.211234927177429199e-01
8.142004609107971191e-01
-2.602995872497558594e+00
6.732728481292724609e-01
1.717069298028945923e-01
-1.742909103631973267e-02
7.802674174308776855e-02
-2.407751828432083130e-01
-6.612753272056579590e-01
7.913790643215179443e-02
3.266480863094329834e-01
2.137681722640991211e+00
3.430976569652557373e-01
-6.341984495520591736e-03
-7.865694165229797363e-01
1.526694297790527344e+00
2.698800265789031982e-01
1.757026791572570801e+00
-6.458903849124908447e-02
-2.943466790020465851e-02
-7.563328742980957031e-01
1.374384641647338867e+00
1.031755566596984863e+00
-1.427097678184509277e+00
-2.511654198169708252e-01
-7.043709754943847656e-01
5.018689036369323730e-01
5.595124959945678711e-01
1.095208287239074707e+00
1.115621209144592285e+00
-4.801229238510131836e-01
-5.230294074863195419e-03
-1.017546176910400391e+00
7.254968881607055664e-01
1.517213463783264160e+00
-1.056640267372131348e+00
-1.312197893857955933e-01
4.658415615558624268e-01
-1.472549676895141602e+00
4.322880506515502930e-01
4.729335010051727295e-01
1.187363862991333008e+00
-1.025815129280090332e+00
-4.037104249000549316e-01
-9.296282529830932617e-01
1.225819438695907593e-01
-1.548175334930419922e+00
1.518441438674926758e+00
-8.646500110626220703e-01
-5.926875472068786621e-01
1.496423721313476562e+00
5.789483189582824707e-01
-1.203973889350891113e+00
-1.055070757865905762e+00
6.985627412796020508e-01
7.773755192756652832e-01
-2.147032469511032104e-01
-7.567288279533386230e-01
-1.416361629962921143e-01
1.247004196047782898e-01
2.029448032379150391e+00
-1.136247754096984863e+00
2.254526376724243164e+00
-6.949865221977233887e-01
6.677891016006469727e-01
1.190319538116455078e+00
2.371557988226413727e-02
1.527360916137695312e+00
-9.302218556404113770e-01
-5.990251898765563965e-01
-1.054583430290222168e+00
-2.404276877641677856e-01
6.937609612941741943e-02
2.432736396789550781e+00
1.250660777091979980e+00
-1.029358267784118652e+00
-3.527339994907379150e-01
-1.488586425781250000e+00
-1.722854822874069214e-01
-5.153139829635620117e-01
-2.438483834266662598e-01
-1.785559415817260742e+00
-1.366632580757141113e+00
-1.104805707931518555e+00
-1.677510619163513184e+00
-1.662648841738700867e-02
-1.166348814964294434e+00
4.940098896622657776e-02
3.127359747886657715e-01
1.161556005477905273e+00
4.126957058906555176e-01
-2.175295114517211914e+00
6.301897168159484863e-01
-5.902032852172851562e-01
1.577687263488769531e-01
1.657280206680297852e+00
-1.971378475427627563e-01
4.969959855079650879e-01
-7.632012665271759033e-02
-5.761535763740539551e-01
-2.636408805847167969e-01
-8.439227938652038574e-01
-8.060641288757324219e-01
-1.214887499809265137e+00
6.753352880477905273e-01
-5.729147195816040039e-01
3.089632093906402588e-01
-8.015819787979125977e-01
-8.400011658668518066e-01
1.111944675445556641e+00
-4.078232645988464355e-01
-9.221220016479492188e-01
1.214865326881408691e+00
5.294947028160095215e-01
5.551959872245788574e-01
1.088065862655639648e+00
-1.560457050800323486e-01
-9.159048795700073242e-01
-1.052341938018798828e+00
-5.697687268257141113e-01
1.607864022254943848e+00
5.006910488009452820e-02
-1.838378667831420898e+00
-9.929249882698059082e-01
-2.033355712890625000e+00
-2.354070693254470825e-01
-3.581872209906578064e-02
-5.889223217964172363e-01
8.427985906600952148e-01
-2.757049202919006348e-01
-1.046623468399047852e+00
-2.477257698774337769e-01
-6.650566458702087402e-01
1.926450729370117188e+00
1.177315592765808105e+00
3.697402775287628174e-01
-1.169978737831115723e+00
-2.005880922079086304e-01
5.487647652626037598e-01
-7.848079800605773926e-01
1.396121978759765625e+00
-1.571075171232223511e-01
-1.889359831809997559e+00
9.618619084358215332e-01
9.336640238761901855e-01
