-1.678522229194641113e+00
9.515587240457534790e-03
-1.157792568206787109e+00
-1.953803896903991699e+00
-2.239546477794647217e-01
4.705069959163665771e-01
1.301587224006652832e+00
-3.158127665519714355e-01
6.561041474342346191e-01
-1.850368678569793701e-01
1.864524245262145996e+00
-1.460446715354919434e+00
9.538247585296630859e-01
-9.774514436721801758e-01
3.183287084102630615e-01
-7.231357097625732422e-01
-1.081893205642700195e+00
-1.176449775695800781e+00
-7.019718289375305176e-01
-1.640587925910949707e+00
-4.205286502838134766e-01
3.478766381740570068e-01
6.331121325492858887e-01
-1.107166290283203125e+00
1.354506015777587891e-01
1.080189466476440430e+00
1.219393253326416016e+00
1.159028768539428711e+00
-1.314015686511993408e-01
-7.099728286266326904e-02
6.812670826911926270e-01
1.847977638244628906e+00
1.596612334251403809e+00
-8.961924314498901367e-01
-1.156883597373962402e+00
-1.015119701623916626e-01
1.382676839828491211e+00
7.519005537033081055e-01
1.010957598686218262e+00
2.426137924194335938e+00
-8.811724781990051270e-01
8.337085247039794922e-01
-1.799220800399780273e+00
2.199965000152587891e+00
-3.495229035615921021e-02
1.556433320045471191e+00
3.312565982341766357e-01
-8.852972388267517090e-01
4.303053617477416992e-01
1.171203494071960449e+00
-2.068035304546356201e-01
-1.949362277984619141e+00
-8.707743883132934570e-01
-7.444248185493052006e-04
-1.873148322105407715e+00
1.178892254829406738e+00
2.472702860832214355e-01
-7.096763253211975098e-01
3.271569013595581055e-01
2.575247883796691895e-01
1.004750132560729980e+00
-4.163357317447662354e-01
6.687489748001098633e-01
2.137669563293457031e+00
4.012517631053924561e-01
2.137458920478820801e-01
4.691413044929504395e-01
1.219982147216796875e+00
-5.016706883907318115e-02
-7.369130849838256836e-01
5.393580198287963867e-01
2.806614935398101807e-01
1.589242458343505859e+00
1.854626774787902832e+00
1.407876461744308472e-01
-2.278688997030258179e-01
1.137529253959655762e+00
7.626498341560363770e-01
2.116703748703002930e+00
1.734978795051574707e+00
-6.892858743667602539e-01
6.229945272207260132e-02
6.122663021087646484e-01
1.506654262542724609e+00
-4.989590942859649658e-01
1.744365215301513672e+00
-4.248053133487701416e-01
-9.488757848739624023e-01
1.602156162261962891e+00
-9.099196642637252808e-03
-7.431485652923583984e-01
-1.105999469757080078e+00
-1.388638854026794434e+00
5.836215615272521973e-01
-3.946137130260467529e-01
2.239956617355346680e+00
1.426204919815063477e+00
1.338492512702941895e+00
7.768815159797668457e-01
-1.289778500795364380e-01
-4.530158042907714844e-01
3.375803530216217041e-01
2.762828208506107330e-02
-7.567622065544128418e-01
9.502695500850677490e-02
-3.606446087360382080e-02
5.877861976623535156e-01
1.737366546876728535e-03
1.140233278274536133e-01
7.429789900779724121e-01
-1.155525207519531250e+00
9.899390488862991333e-02
-6.975905895233154297e-01
-6.770498752593994141e-01
-1.134724974632263184e+00
-3.557479977607727051e-01
-3.940479457378387451e-01
1.003980994224548340e+00
1.195431709289550781e+00
-6.085520982742309570e-01
-8.904346823692321777e-01
2.628093361854553223e-01
6.699635982513427734e-01
1.790761351585388184e-01
1.157399773597717285e+00
-1.057504653930664062e+00
1.352828145027160645e+00
1.114342570304870605e+00
-2.624702751636505127e-01
7.347975671291351318e-02
-1.091804981231689453e+00
4.706074595451354980e-01
1.073194146156311035e+00
7.327246014028787613e-03
-1.264798402786254883e+00
2.540257275104522705e-01
4.922048449516296387e-01
6.687668561935424805e-01
-1.557903647422790527e+00
5.732918381690979004e-01
4.480791985988616943e-01
1.703991413116455078e+00
-1.117065072059631348e+00
-6.918413639068603516e-01
1.050660133361816406e+00
-3.787736892700195312e-01
-1.301147103309631348e+00
-2.375605553388595581e-01
-3.147705793380737305e-01
-2.621979117393493652e-01
5.870056524872779846e-02
3.380088210105895996e-01
-1.123633384704589844e+00
3.038958907127380371e-01
-1.058247923851013184e+00
-1.700845837593078613e+00
-4.904859066009521484e-01
-8.539718389511108398e-01
-2.348510473966598511e-01
1.577392697334289551e+00
-1.117212533950805664e+00
-6.595194339752197266e-01
-4.860765635967254639e-01
2.720718681812286377e-01
1.042129635810852051e+00
-1.928863078355789185e-01
6.039693951606750488e-01
-2.405798733234405518e-01
-4.264840185642242432e-01
-8.934884667396545410e-01
-2.002543449401855469e+00
1.095069795846939087e-01
1.725885033607482910e+00
-5.947892069816589355e-01
4.573733806610107422e-01
-8.257799744606018066e-01
-8.526512384414672852e-01
-1.696824133396148682e-01
-3.742807805538177490e-01
3.372165560722351074e-01
1.015882045030593872e-01
-2.278802096843719482e-01
-1.406613707542419434e+00
2.938776016235351562e-01
2.651408612728118896e-01
-8.250080794095993042e-02
-2.056200206279754639e-01
8.649166226387023926e-01
9.883962869644165039e-01
4.728060364723205566e-01
4.697548449039459229e-01
-3.446049690246582031e-01
-1.327558398246765137e+00
-6.941143870353698730e-01
-1.353379487991333008e-01
2.019423693418502808e-01
-2.736160159111022949e-02
-3.667862415313720703e-01
-1.747748374938964844e+00
-4.235862195491790771e-01
1.018272757530212402e+00
-5.802187919616699219e-01
-3.244830667972564697e-02
1.508814454078674316e+00
1.559625148773193359e+00
1.072941720485687256e-01
-8.333417177200317383e-01
-2.039043307304382324e-01
-1.064750075340270996e+00
-2.041631937026977539e+00
-1.097775459289550781e+00
-1.157780528068542480e+00
2.154411792755126953e+00
1.495414614677429199e+00
5.431440472602844238e-01
-6.890270113945007324e-01
-1.755048036575317383e+00
-8.779220581054687500e-01
6.828758716583251953e-01
-1.012943983078002930e+00
-3.296795189380645752e-01
2.688698768615722656e+00
-2.222661525011062622e-01
-1.286338806152343750e+00
-7.958090901374816895e-01
-1.312559723854064941e+00
-9.935263991355895996e-01
-6.035107970237731934e-01
-2.126988321542739868e-01
-9.555289745330810547e-01
-4.154516756534576416e-01
4.504679143428802490e-01
5.772879123687744141e-01
-5.100042819976806641e-01
1.816062331199645996e-01
1.572669982910156250e+00
-1.554933488368988037e-01
7.868137955665588379e-02
1.622407674789428711e+00
-9.667057991027832031e-01
-1.727834343910217285e+00
1.600688338279724121e+00
1.221990704536437988e+00
2.098531723022460938e-01
-7.363815307617187500e-01
-1.434817075729370117e+00
-7.946641445159912109e-01
2.642079293727874756e-01
-1.277289867401123047e+00
3.240080475807189941e-01
-4.899999797344207764e-01
2.515898346900939941e-01
1.638140678405761719e-01
3.591389656066894531e-01
5.449736714363098145e-01
5.252920389175415039e-01
1.903054490685462952e-02
-1.719728857278823853e-01
1.970060944557189941e+00
1.149992197751998901e-01
1.175213694572448730e+00
1.483731269836425781e-01
-5.704231262207031250e-01
-1.601444721221923828e+00
-1.035585284233093262e+00
1.322749972343444824e+00
-1.153597474098205566e+00
-1.006170641630887985e-02
1.249773576855659485e-01
-2.469627261161804199e-01
-1.782959342002868652e+00
-3.223797306418418884e-02
-2.894417941570281982e-01
1.050304025411605835e-01
-3.375531733036041260e-01
-1.156484127044677734e+00
1.312359929084777832e+00
4.319463074207305908e-01
2.711213827133178711e-01
-1.354084253311157227e+00
2.195771783590316772e-01
1.175699949264526367e+00
7.763189673423767090e-01
9.127803146839141846e-02
-7.022265791893005371e-01
4.519441165030002594e-03
-7.238669991493225098e-01
6.219744086265563965e-01
-1.352952957153320312e+00
8.203525543212890625e-01
-2.525156974792480469e+00
-1.704407453536987305e+00
1.729687303304672241e-01
-3.683835566043853760e-01
-1.452530622482299805e+00
5.754874944686889648e-01
-6.176111102104187012e-01
1.230998396873474121e+00
1.522985458374023438e+00
-7.619680166244506836e-01
-2.139868021011352539e+00
6.951679587364196777e-01
-1.680761098861694336e+00
-7.435240149497985840e-01
4.073548689484596252e-02
5.858403444290161133e-01
9.603402614593505859e-01
1.656868577003479004e+00
3.350060582160949707e-01
-4.925400763750076294e-02
-3.418356478214263916e-01
5.816007852554321289e-01
-5.347114205360412598e-01
-2.277799844741821289e-01
-1.563284546136856079e-01
-3.866161406040191650e-01
-1.254086971282958984e+00
1.257019758224487305e+00
-1.082384705543518066e+00
2.414174318313598633e+00
6.980608105659484863e-01
2.025017499923706055e+00
9.269026517868041992e-01
-1.779551386833190918e+00
-4.045134186744689941e-01
1.139780282974243164e+00
-1.714213043451309204e-01
-1.343333125114440918e+00
4.999716579914093018e-01
1.935766935348510742e-01
-2.875938080251216888e-04
4.189568012952804565e-02
-2.662856578826904297e-01
-1.253944635391235352e+00
1.197405934333801270e+00
-5.578749775886535645e-01
1.617044568061828613e+00
7.837818264961242676e-01
-1.669567108154296875e+00
-3.397981226444244385e-01
-3.566495478153228760e-01
1.166241168975830078e+00
-2.205721139907836914e+00
3.361204862594604492e-01
-5.578622817993164062e-01
-2.753242254257202148e-01
6.677352637052536011e-02
-6.593472361564636230e-01
8.504949212074279785e-01
1.044905066490173340e+00
-2.066134452819824219e+00
9.120168685913085938e-01
-6.230161786079406738e-01
-3.225212991237640381e-01
1.065916299819946289e+00
-1.199325099587440491e-01
-7.086478471755981445e-01
4.938939809799194336e-01
4.109718203544616699e-01
4.555710852146148682e-01
-4.226673245429992676e-01
-1.022295713424682617e+00
3.672707974910736084e-01
-1.090801119804382324e+00
4.378507435321807861e-01
1.536467075347900391e+00
6.952873431146144867e-03
-2.250380069017410278e-01
-9.719022512435913086e-01
-1.008183062076568604e-01
1.964331746101379395e+00
1.750754266977310181e-01
2.293144702911376953e+00
1.537586688995361328e+00
-2.066394984722137451e-01
1.675582677125930786e-01
3.350820392370223999e-02
-3.663706183433532715e-01
1.920264363288879395e-01
1.719904899597167969e+00
-2.256716601550579071e-02
2.122646093368530273e+00
1.544856905937194824e+00
-8.398011326789855957e-01
-2.167668342590332031e+00
-6.387453675270080566e-01
8.576727658510208130e-02
7.473838329315185547e-02
6.997804045677185059e-01
-1.821831583976745605e+00
-1.428772687911987305e+00
1.639686226844787598e+00
-6.125793457031250000e-01
2.121459484100341797e+00
8.830448389053344727e-01
-9.760422110557556152e-01
4.023627936840057373e-01
6.844611167907714844e-01
1.883904337882995605e+00
-3.645604848861694336e-02
4.741083364933729172e-03
3.878278434276580811e-01
-7.455497384071350098e-01
1.122167706489562988e+00
-5.605027079582214355e-02
4.908903837203979492e-01
-1.838821768760681152e-01
-7.174092531204223633e-01
1.156881451606750488e+00
1.836021542549133301e-01
1.452407717704772949e+00
-7.065181136131286621e-01
-1.613090336322784424e-01
6.705283522605895996e-01
1.492057085037231445e+00
-4.373512864112854004e-01
-2.130179703235626221e-01
5.408599972724914551e-01
-1.991049498319625854e-01
1.415478229522705078e+00
-6.253766417503356934e-01
4.637083113193511963e-01
-7.902715802192687988e-01
-9.636999964714050293e-01
-1.145699247717857361e-01
-6.331198811531066895e-01
2.418767428025603294e-03
2.374789565801620483e-01
1.310084015130996704e-01
1.454931646585464478e-01
-1.468940496444702148e+00
-9.426933526992797852e-01
-8.341488838195800781e-01
5.181667953729629517e-02
-9.066973924636840820e-01
-9.161939471960067749e-02
7.174155712127685547e-01
-9.403623342514038086e-01
1.283136844635009766e+00
-6.675103306770324707e-01
2.801986932754516602e-01
4.940267503261566162e-01
-1.530493050813674927e-01
1.088151335716247559e+00
-2.578348480165004730e-02
6.709580421447753906e-01
1.067324519157409668e+00
-6.834155321121215820e-01
1.676220893859863281e+00
-1.002886295318603516e+00
5.060706138610839844e-01
9.772374629974365234e-01
5.408728718757629395e-01
-2.722403287887573242e+00
-1.572686791419982910e+00
-8.144474029541015625e-02
-7.263167500495910645e-01
4.684555232524871826e-01
-1.918210685253143311e-01
-2.939330041408538818e-01
-1.439765542745590210e-01
6.075188517570495605e-01
-1.253635734319686890e-01
3.940910100936889648e-01
-5.632125139236450195e-01
5.787685513496398926e-02
-2.282137393951416016e+00
6.403996348381042480e-01
1.569173783063888550e-01
-1.101035833358764648e+00
3.408668339252471924e-01
1.982675790786743164e-01
-4.414805173873901367e-01
3.030708432197570801e-02
-8.382186293601989746e-01
-1.297434687614440918e+00
-1.253769546747207642e-01
-4.011454582214355469e-01
2.667336165904998779e-01
1.506951570510864258e+00
-1.753140568733215332e+00
7.177687883377075195e-01
1.453134536743164062e+00
-3.374659419059753418e-01
4.750823974609375000e-01
2.279001325368881226e-01
2.046245336532592773e-01
-1.775156378746032715e+00
-1.038445353507995605e+00
1.618636131286621094e+00
-1.252543032169342041e-01
2.581851780414581299e-01
7.669086456298828125e-01
-3.211912810802459717e-01
-1.809622645378112793e+00
-5.654120072722434998e-02
3.973070085048675537e-01
8.009284734725952148e-01
1.395223736763000488e+00
2.607843140140175819e-03
-8.518851995468139648e-01
1.540405511856079102e+00
1.481653213500976562e+00
4.695216715335845947e-01
5.871389806270599365e-02
-1.732955455780029297e+00
-1.296171903610229492e+00
-8.091107606887817383e-01
-7.729277014732360840e-02
-5.034894943237304688e-01
-1.548652052879333496e-01
-6.617878675460815430e-01
-9.986231476068496704e-02
3.188901394605636597e-02
-6.270241737365722656e-01
1.273219734430313110e-01
5.925413966178894043e-01
2.406967639923095703e+00
-1.794851660728454590e+00
-1.415128707885742188e+00
1.411470174789428711e+00
-4.220226407051086426e-01
1.051169276237487793e+00
-1.527518481016159058e-01
7.252174615859985352e-01
-1.383734822273254395e+00
1.037828087806701660e+00
-1.624869227409362793e+00
-1.125173687934875488e+00
-2.563648819923400879e-01
1.114803329110145569e-01
3.395201563835144043e-01
1.081768512725830078e+00
-3.206214010715484619e-01
2.905217409133911133e+00
-3.279110670089721680e+00
-8.743070065975189209e-02
-6.268429756164550781e-01
-5.694467425346374512e-01
-1.521438241004943848e+00
5.153928995132446289e-01
-5.916668176651000977e-01
5.383031442761421204e-02
-6.082085967063903809e-01
-1.068684682250022888e-01
-2.444445937871932983e-01
1.604135483503341675e-01
1.584672808647155762e+00
-1.665911436080932617e+00
-1.770272612571716309e+00
-5.272275209426879883e-01
-1.777181982994079590e+00
-2.668405532836914062e+00
1.468991756439208984e+00
2.798940539360046387e-01
-4.955190718173980713e-01
-1.193117976188659668e+00
-5.297242477536201477e-02
-1.581633448600769043e+00
-4.896275997161865234e-01
-2.920375168323516846e-01
6.988098621368408203e-01
-6.429393887519836426e-01
-1.060386419296264648e+00
1.811158061027526855e+00
1.502869650721549988e-02
7.190793156623840332e-01
6.152100116014480591e-02
-1.111684203147888184e+00
1.164900302886962891e+00
7.874574661254882812e-01
8.920676112174987793e-01
-4.597207903861999512e-01
3.056339621543884277e-01
-1.422068119049072266e+00
1.584173440933227539e-01
1.882095813751220703e+00
-2.768938779830932617e+00
-8.731620311737060547e-01
-1.076068162918090820e+00
-1.818491458892822266e+00
-1.058329418301582336e-01
4.821438193321228027e-01
-2.760678827762603760e-01
-1.791721731424331665e-01
-9.073873162269592285e-01
2.588686943054199219e-01
-6.429592967033386230e-01
1.371237635612487793e+00
1.551712751388549805e-01
1.087361574172973633e+00
3.295176923274993896e-01
1.947552204132080078e+00
-2.742141246795654297e+00
3.895967900753021240e-01
4.426302909851074219e-01
1.153526902198791504e+00
-4.482143223285675049e-01
1.230073332786560059e+00
5.073472857475280762e-01
