8.489450216293334961e-01
-4.384662490338087082e-03
2.355342060327529907e-01
-6.769871711730957031e-01
8.731026947498321533e-02
-9.234751462936401367e-01
2.355251312255859375e-01
3.292103484272956848e-02
8.504067659378051758e-01
-7.378864884376525879e-01
-3.530568629503250122e-02
-7.410487532615661621e-01
-2.813782356679439545e-02
-7.554773092269897461e-01
-8.740355372428894043e-01
4.035085737705230713e-01
-6.446337103843688965e-01
-3.179979920387268066e-01
6.776141524314880371e-01
-3.124511800706386566e-02
1.543460637331008911e-01
-1.940186738967895508e+00
1.437238931655883789e+00
1.277797937393188477e+00
-2.416963100433349609e+00
-1.598541975021362305e+00
1.634891748428344727e+00
-1.086432859301567078e-01
-1.555052638053894043e+00
-7.902883291244506836e-01
-8.264423608779907227e-01
1.344182610511779785e+00
1.440379142761230469e+00
-2.002726793289184570e+00
-5.768520236015319824e-01
-8.322031237185001373e-03
-5.581164360046386719e-01
-1.458463430404663086e+00
7.499182820320129395e-01
9.253681302070617676e-01
-2.280280888080596924e-01
-7.184950113296508789e-01
-1.555771231651306152e+00
7.399422526359558105e-01
-1.230738401412963867e+00
6.463528871536254883e-01
4.283701777458190918e-01
-6.825157999992370605e-01
1.669826060533523560e-01
7.037848830223083496e-01
1.474578857421875000e+00
2.508342266082763672e-01
8.632616400718688965e-01
-3.227440118789672852e-01
-8.911860585212707520e-01
-2.112497091293334961e+00
4.131538793444633484e-02
6.091625094413757324e-01
-1.071466684341430664e+00
-6.563246846199035645e-01
-2.766643837094306946e-02
-6.307107210159301758e-01
9.025270342826843262e-01
-8.745037317276000977e-01
1.879064202308654785e+00
-2.114465236663818359e-01
-3.598272204399108887e-01
-2.600726485252380371e-01
1.324705839157104492e+00
5.872334241867065430e-01
7.327710390090942383e-01
-9.141741394996643066e-01
-1.265628099441528320e+00
-1.872278004884719849e-01
-3.867796659469604492e-01
4.501037299633026123e-01
2.346281856298446655e-01
7.531843185424804688e-01
1.094781160354614258e+00
-1.816792637109756470e-01
-1.401912093162536621e+00
-9.243099093437194824e-01
8.761477470397949219e-01
-8.479739427566528320e-01
-6.051693856716156006e-02
-1.625573784112930298e-01
1.565853476524353027e+00
-3.798438608646392822e-02
7.681156992912292480e-01
8.404300808906555176e-01
-3.766170516610145569e-02
2.241109013557434082e-01
-3.092701137065887451e-01
-6.498638987541198730e-01
-8.776688948273658752e-03
-1.824839830398559570e+00
2.833075523376464844e-01
-1.704591751098632812e+00
2.883038222789764404e-01
-2.089418649673461914e+00
6.877479553222656250e-01
-2.165909111499786377e-01
-6.561078429222106934e-01
9.615440852940082550e-03
1.116177439689636230e-01
-5.151343345642089844e-01
-8.260303735733032227e-01
-7.760060429573059082e-01
2.115768432617187500e+00
7.770770788192749023e-01
1.121781587600708008e+00
-1.583371013402938843e-01
8.719832301139831543e-01
1.502040028572082520e+00
-7.407398819923400879e-01
4.168101847171783447e-01
5.585727095603942871e-01
5.098793506622314453e-01
-1.470557570457458496e+00
-5.100834965705871582e-01
-1.693761944770812988e-01
-6.466527581214904785e-01
1.558455824851989746e+00
-7.280586361885070801e-01
9.491460770368576050e-02
-1.888928771018981934e+00
-1.616831719875335693e-01
-3.532769680023193359e-01
-2.759277820587158203e-01
9.058818221092224121e-01
2.067828625440597534e-01
-2.442620515823364258e+00
-1.020297884941101074e+00
1.494979977607727051e+00
1.269941568374633789e+00
1.924076795578002930e+00
3.331017121672630310e-02
-5.473802685737609863e-01
-6.613777279853820801e-01
-2.233314275741577148e+00
-2.570210993289947510e-01
1.431067943572998047e+00
2.081928730010986328e+00
8.561756610870361328e-01
-2.977701723575592041e-01
-8.162341117858886719e-01
-1.232849597930908203e+00
1.024448513984680176e+00
7.912623882293701172e-01
-1.543818950653076172e+00
-1.040998935699462891e+00
-6.273008584976196289e-01
1.428380131721496582e+00
-3.359839022159576416e-01
4.852553606033325195e-01
1.376630067825317383e+00
1.778155863285064697e-01
-1.267800927162170410e+00
-3.962307572364807129e-01
7.345367074012756348e-01
1.917882680892944336e+00
2.767968475818634033e-01
-1.936820149421691895e-01
5.403363108634948730e-01
2.291445493698120117e+00
4.675545096397399902e-01
1.506692647933959961e+00
-5.996490716934204102e-01
-1.363895058631896973e+00
1.412518382072448730e+00
1.896390795707702637e+00
-2.433607816696166992e+00
1.455898582935333252e-01
-1.061027526855468750e+00
2.768412828445434570e+00
-4.508458673954010010e-01
4.035485088825225830e-01
2.255222797393798828e+00
4.140005707740783691e-01
-2.883320808410644531e+00
-1.857416629791259766e-01
-1.199641898274421692e-01
1.104831695556640625e+00
-3.279475569725036621e-01
-1.468257784843444824e+00
5.320025086402893066e-01
7.526668310165405273e-01
-1.583286285400390625e+00
1.307368040084838867e+00
4.138148128986358643e-01
3.020576477050781250e+00
6.397275328636169434e-01
-5.100056529045104980e-01
2.290414124727249146e-01
-5.667613744735717773e-01
-4.047925770282745361e-01
-1.455711364746093750e+00
6.345216035842895508e-01
1.532853245735168457e+00
-4.974118769168853760e-01
2.627469897270202637e-01
-2.409149110317230225e-01
9.239417910575866699e-01
3.929410576820373535e-01
-4.455684721469879150e-01
8.143864274024963379e-01
-5.376365184783935547e-01
-3.069478645920753479e-02
3.262338042259216309e-01
-1.392759084701538086e-01
-2.588476538658142090e-01
2.875659763813018799e-01
-1.308323860168457031e+00
-8.101169466972351074e-01
-2.264939546585083008e-01
9.884485602378845215e-01
-8.391213417053222656e-02
4.027776718139648438e-01
-1.356027126312255859e+00
-3.120823800563812256e-01
-4.032786190509796143e-01
-5.201669335365295410e-01
1.230998396873474121e+00
6.770210266113281250e-01
-3.626967072486877441e-01
5.650855898857116699e-01
4.257626235485076904e-01
-3.152254223823547363e-01
-5.803404450416564941e-01
-5.685175657272338867e-01
-2.441814392805099487e-01
-9.538436532020568848e-01
-1.202904224395751953e+00
1.050269484519958496e+00
-8.460419178009033203e-01
-3.329514563083648682e-01
7.484941482543945312e-01
1.492098867893218994e-01
6.407881975173950195e-01
-1.245294570922851562e+00
-7.064106464385986328e-01
2.361071109771728516e+00
-3.859412968158721924e-01
-6.961230635643005371e-01
-3.008647263050079346e-01
-3.546189069747924805e-01
5.282166600227355957e-01
1.183180809020996094e+00
2.558092176914215088e-01
6.108443737030029297e-01
1.615111082792282104e-01
-1.075711175799369812e-01
-1.862178444862365723e-01
1.303867459297180176e+00
-2.067861557006835938e+00
-5.060123801231384277e-01
-1.415817618370056152e+00
1.201992750167846680e+00
1.584734678268432617e+00
-1.304301768541336060e-01
-8.422060012817382812e-01
6.494189053773880005e-02
-3.457965254783630371e-01
6.293131113052368164e-01
6.519817709922790527e-01
1.459059715270996094e+00
1.421380519866943359e+00
-1.613238573074340820e+00
7.553926706314086914e-01
-1.799841970205307007e-01
-5.444189906120300293e-01
-9.299716353416442871e-01
-1.585745215415954590e+00
2.070334106683731079e-01
5.540143847465515137e-01
-5.729450583457946777e-01
1.386138439178466797e+00
-7.992809414863586426e-01
-7.633531093597412109e-01
1.953234195709228516e+00
-1.564100861549377441e+00
1.056838870048522949e+00
-4.729253351688385010e-01
-8.845168352127075195e-01
3.809912204742431641e-01
-4.507718086242675781e-01
-6.816858053207397461e-01
-1.053005576133728027e+00
-1.120730876922607422e+00
-6.956365108489990234e-01
3.318208754062652588e-01
1.650453805923461914e-01
-6.026157140731811523e-01
4.093074500560760498e-01
-1.643125057220458984e+00
1.124699592590332031e+00
-1.055162787437438965e+00
-4.790027439594268799e-01
6.333599090576171875e-01
6.723701953887939453e-01
-4.379077255725860596e-01
-7.670921683311462402e-01
-3.700501322746276855e-01
2.847705185413360596e-01
-1.349285244941711426e-01
1.367437124252319336e+00
7.755016088485717773e-01
-1.752934902906417847e-01
-9.199562072753906250e-01
4.921023249626159668e-01
2.291213721036911011e-02
-8.853433728218078613e-01
-1.020302437245845795e-02
-6.664597392082214355e-01
1.265003085136413574e+00
-1.646355748176574707e+00
1.017585862427949905e-02
1.303510546684265137e+00
-4.507292211055755615e-01
2.338680505752563477e+00
7.004559040069580078e-02
1.176831424236297607e-01
3.015591502189636230e-01
1.893384099006652832e+00
3.629965484142303467e-01
-1.007493376731872559e+00
-5.644963383674621582e-01
-1.896186619997024536e-01
2.935795299708843231e-02
9.986987709999084473e-01
-5.660206675529479980e-01
1.126724839210510254e+00
-3.140889704227447510e-01
-6.531772017478942871e-01
1.956203132867813110e-01
1.809049367904663086e+00
-5.455669760704040527e-01
-2.921473383903503418e-01
-1.800291061401367188e+00
2.218056917190551758e+00
-1.392415910959243774e-01
9.091837406158447266e-01
1.266936898231506348e+00
9.317263960838317871e-03
2.078315734863281250e+00
-4.251280426979064941e-01
1.252526283264160156e+00
-6.810679435729980469e-01
-1.263917088508605957e+00
-1.962547749280929565e-01
1.105993390083312988e-01
1.216162204742431641e+00
7.999983429908752441e-01
7.449092715978622437e-02
1.015283823013305664e+00
-5.873784422874450684e-01
1.789998292922973633e+00
9.161745309829711914e-01
-2.019943445920944214e-01
-1.311358690261840820e+00
1.664255380630493164e+00
-7.857514023780822754e-01
1.402535438537597656e-01
-2.120430171489715576e-01
1.445096492767333984e+00
1.254843831062316895e+00
-7.459847256541252136e-03
-2.543267011642456055e-01
8.061195015907287598e-01
-2.686847448348999023e-01
-8.351314663887023926e-01
9.614983201026916504e-01
-1.214018940925598145e+00
4.110134840011596680e-01
4.373432993888854980e-01
-9.193364977836608887e-01
-7.089220285415649414e-01
9.242930412292480469e-01
4.827471673488616943e-01
5.161140561103820801e-01
-2.125755399465560913e-01
-3.725400865077972412e-01
1.779871135950088501e-01
7.877235412597656250e-01
-9.487181901931762695e-02
6.322627067565917969e-01
7.694490551948547363e-01
-1.877085447311401367e+00
1.127967238426208496e-01
5.788838863372802734e-01
4.638748243451118469e-02
1.234595417976379395e+00
-5.840913653373718262e-01
-7.173494696617126465e-01
-2.269221395254135132e-01
-3.289071619510650635e-01
-7.312291860580444336e-01
1.238924384117126465e+00
-4.181255698204040527e-01
3.656499385833740234e-01
