4.818567037582397461e-01
6.128808259963989258e-01
1.015215396881103516e+00
-1.765864938497543335e-01
1.536079764366149902e+00
-1.309592247009277344e+00
-1.543607115745544434e+00
1.716699838638305664e+00
-1.604562550783157349e-01
-9.157115221023559570e-01
5.459414720535278320e-01
-6.154275536537170410e-01
-8.326129913330078125e-01
5.892888307571411133e-01
2.630915939807891846e-01
8.535055518150329590e-01
4.180838763713836670e-01
5.088598132133483887e-01
5.657425150275230408e-03
-3.894821405410766602e-01
-1.292662769556045532e-01
4.218805432319641113e-01
-4.371809065341949463e-01
-1.408574819564819336e+00
1.812599003314971924e-01
5.559468269348144531e-01
7.278470993041992188e-01
4.107920229434967041e-01
-1.998283863067626953e-01
-1.108713626861572266e+00
1.359974145889282227e+00
3.265281021595001221e-01
-4.759041070938110352e-01
-1.238443970680236816e+00
-1.150392413139343262e+00
4.237462580204010010e-01
-3.614292144775390625e-01
-1.222598552703857422e+00
-1.743776500225067139e-01
-2.467585653066635132e-01
-1.267877459526062012e+00
-1.197340130805969238e+00
-1.172166466712951660e+00
1.481667399406433105e+00
-1.099718928337097168e+00
2.150572389364242554e-01
-6.806601881980895996e-01
2.772881090641021729e-01
-1.443907141685485840e+00
-4.782008230686187744e-01
-4.210430681705474854e-01
8.113840222358703613e-01
1.946125477552413940e-01
7.102878093719482422e-01
8.544247150421142578e-01
5.467984080314636230e-01
1.198073863983154297e+00
-9.116666316986083984e-01
1.329329371452331543e+00
8.058324456214904785e-01
4.067719355225563049e-02
4.272671043872833252e-01
6.047834157943725586e-01
1.267522811889648438e+00
-2.398349642753601074e-01
-4.270876646041870117e-01
9.989218413829803467e-02
6.437468528747558594e-01
6.057993769645690918e-01
-1.939624547958374023e+00
1.042643427848815918e+00
-1.540657281875610352e+00
-9.718331098556518555e-01
1.850694656372070312e+00
1.762103915214538574e+00
-3.126600980758666992e-01
-6.153371334075927734e-01
3.256451487541198730e-01
3.951687812805175781e-01
-1.603480935096740723e+00
3.727113902568817139e-01
-1.953454874455928802e-02
1.665913343429565430e+00
4.071525633335113525e-01
-3.410645723342895508e-01
1.064581632614135742e+00
5.404267907142639160e-01
-8.962467312812805176e-01
6.235128641128540039e-01
-7.853696346282958984e-01
-8.850976824760437012e-01
-1.306043714284896851e-01
-2.109944373369216919e-01
1.528503894805908203e+00
4.961137771606445312e-01
-8.355055004358291626e-02
8.503298759460449219e-01
-6.468489766120910645e-01
-6.637118458747863770e-01
-1.632912397384643555e+00
-7.287519574165344238e-01
-1.476742029190063477e+00
1.911782324314117432e-01
1.950626671314239502e-01
2.151243388652801514e-01
-1.238112688064575195e+00
1.983343839645385742e+00
6.938242912292480469e-01
1.419702172279357910e+00
1.328726768493652344e+00
-4.254846274852752686e-01
-3.562198579311370850e-01
-8.030768036842346191e-01
-4.860696196556091309e-01
-1.186946511268615723e+00
-1.278526902198791504e+00
1.393808364868164062e+00
5.308174490928649902e-01
1.422052502632141113e+00
7.448736578226089478e-02
9.142031520605087280e-02
-5.971268936991691589e-02
-1.610059261322021484e+00
-4.592582285404205322e-01
-1.426046133041381836e+00
2.416381835937500000e-01
4.740062952041625977e-01
1.689801692962646484e+00
-6.830900311470031738e-01
-8.731588721275329590e-01
-1.420470714569091797e+00
6.050815582275390625e-01
1.619866728782653809e+00
5.183901786804199219e-01
9.928407669067382812e-01
1.133527398109436035e+00
1.522613048553466797e+00
-2.914204001426696777e-01
-3.727912902832031250e-01
9.641579389572143555e-01
1.301822066307067871e-01
-2.580389678478240967e-01
-7.580547928810119629e-01
5.726174712181091309e-01
5.792274475097656250e-01
-2.270364910364151001e-01
3.355981111526489258e-01
1.166976094245910645e+00
7.343100905418395996e-01
-1.063727617263793945e+00
8.551813364028930664e-01
-3.338803350925445557e-01
2.472057491540908813e-01
1.085065603256225586e+00
6.228470802307128906e-01
3.148007988929748535e-01
1.283541321754455566e-01
-3.869511485099792480e-01
-2.671477198600769043e-02
1.430664062500000000e+00
1.094990015029907227e+00
2.346180677413940430e+00
-6.894062161445617676e-01
-9.140234440565109253e-03
7.330328971147537231e-02
-1.395549625158309937e-01
1.433520078659057617e+00
1.335290968418121338e-01
9.505997896194458008e-01
2.482510805130004883e+00
-1.928492188453674316e-01
-4.425777792930603027e-01
-2.043961733579635620e-01
-1.101602792739868164e+00
2.556591272354125977e+00
-9.405411481857299805e-01
3.718051686882972717e-02
-5.555798411369323730e-01
4.230293035507202148e-01
8.132753968238830566e-01
-6.411136388778686523e-01
5.901306867599487305e-01
8.739093542098999023e-01
-1.983928382396697998e-01
1.181093573570251465e+00
1.783584117889404297e+00
-1.637601375579833984e+00
3.003569245338439941e-01
-6.854456663131713867e-01
9.195139408111572266e-01
-3.945794403553009033e-01
-1.460435837507247925e-01
6.968502402305603027e-01
9.571518898010253906e-01
-1.977124929428100586e+00
-1.789086312055587769e-01
5.431130528450012207e-01
-5.060569047927856445e-01
8.957396149635314941e-01
1.112462043762207031e+00
