-4.475405812263488770e-01
1.877733707427978516e+00
2.015347719192504883e+00
4.320283830165863037e-01
1.477582305669784546e-01
-6.630258560180664062e-01
4.606421589851379395e-01
-1.216488361358642578e+00
-9.736155867576599121e-01
-1.855816006660461426e+00
3.728227913379669189e-01
1.130473136901855469e+00
7.865854501724243164e-01
-1.097803235054016113e+00
8.725532293319702148e-01
-8.911201953887939453e-01
1.057656705379486084e-01
-1.938790321350097656e+00
-7.774699330329895020e-01
1.971552819013595581e-01
-1.366458892822265625e+00
-1.334289908409118652e+00
-1.229926347732543945e+00
-1.094909459352493286e-01
2.058668375015258789e+00
6.310198903083801270e-01
1.425648093223571777e+00
1.023325204849243164e+00
-4.635689258575439453e-01
2.591185271739959717e-01
-7.597681879997253418e-01
-1.737784385681152344e+00
-2.534736394882202148e-01
-1.970543622970581055e+00
-3.914043605327606201e-01
7.275911569595336914e-01
-2.613498866558074951e-01
-7.848756313323974609e-01
-1.252571582794189453e+00
-3.256050944328308105e-01
-8.003718405961990356e-02
8.796789646148681641e-01
-1.552306175231933594e+00
-5.790618062019348145e-01
-2.450423389673233032e-01
-1.076290488243103027e+00
4.182200729846954346e-01
2.279599905014038086e-01
-5.542355179786682129e-01
-4.487209022045135498e-01
-3.473885953426361084e-01
4.521659314632415771e-01
-1.121518492698669434e+00
4.449385702610015869e-01
7.889857888221740723e-01
9.087876975536346436e-02
2.442458868026733398e+00
1.202290773391723633e+00
-1.258610606193542480e+00
1.566988229751586914e+00
1.025299549102783203e+00
1.001478791236877441e+00
-8.193209767341613770e-01
-1.692387223243713379e+00
-5.517188906669616699e-01
4.473651349544525146e-01
1.746837139129638672e+00
1.641467094421386719e+00
6.635541319847106934e-01
1.305187940597534180e+00
-1.377019882202148438e-01
-8.990524411201477051e-01
2.456159144639968872e-01
2.140876531600952148e+00
-3.151503577828407288e-02
-1.540364742279052734e+00
-5.331668853759765625e-01
-8.728731274604797363e-01
1.705091476440429688e+00
-8.471580743789672852e-01
-1.871311515569686890e-01
1.488433241844177246e+00
-4.314901530742645264e-01
-1.463788390159606934e+00
7.073547244071960449e-01
-1.274866312742233276e-01
-2.190289497375488281e+00
-6.133434176445007324e-01
2.510905265808105469e+00
-5.983642935752868652e-01
4.254912137985229492e-01
-3.802526295185089111e-01
1.202367544174194336e+00
-9.001384377479553223e-01
8.042694926261901855e-01
5.560851693153381348e-01
-4.972492158412933350e-01
4.054804444313049316e-01
-2.911179661750793457e-01
7.459131479263305664e-01
-1.291190505027770996e+00
-4.905556738376617432e-01
9.434150457382202148e-01
1.664354205131530762e+00
1.023388385772705078e+00
7.541954517364501953e-01
6.217167377471923828e-01
1.256918609142303467e-01
4.644784331321716309e-01
4.017663747072219849e-02
1.677426457405090332e+00
1.259089946746826172e+00
-6.525925993919372559e-01
-2.897946238517761230e-01
-1.294916510581970215e+00
-1.265320301055908203e+00
8.673264086246490479e-02
-1.659253239631652832e+00
5.473461151123046875e-01
2.928632795810699463e-01
1.360718846321105957e+00
6.034967303276062012e-01
-8.012683391571044922e-01
1.615765690803527832e+00
4.979013204574584961e-01
-4.618331789970397949e-02
9.052224159240722656e-01
-1.219310879707336426e+00
-1.050394535064697266e+00
-7.776668667793273926e-01
1.380013108253479004e+00
-1.699564933776855469e+00
2.353195250034332275e-01
4.630137681961059570e-01
-2.483675479888916016e-01
-2.023773431777954102e+00
-4.456366896629333496e-01
-1.247199535369873047e+00
1.302663087844848633e+00
-1.161242127418518066e+00
3.849683701992034912e-01
2.296578139066696167e-01
-1.105760335922241211e+00
2.648112475872039795e-01
-7.304413318634033203e-01
4.842613339424133301e-01
-7.631221413612365723e-01
1.213252782821655273e+00
1.116708278656005859e+00
-2.318585872650146484e+00
-5.936053767800331116e-02
8.803501129150390625e-01
4.730078577995300293e-01
1.395121574401855469e+00
-8.429016470909118652e-01
-1.821336269378662109e+00
1.601207733154296875e+00
9.156268835067749023e-01
2.303136289119720459e-01
-1.123711585998535156e+00
6.037366390228271484e-01
-9.311407804489135742e-01
-9.660091996192932129e-01
4.393184483051300049e-01
2.031087398529052734e+00
2.794211804866790771e-01
-1.335658550262451172e+00
-1.422581374645233154e-01
2.354390732944011688e-02
6.978825926780700684e-01
4.731976985931396484e-01
7.653778791427612305e-01
-2.152472734451293945e+00
4.718347787857055664e-01
-5.858839154243469238e-01
3.868137300014495850e-01
-1.987683176994323730e+00
-8.924501538276672363e-01
5.227496623992919922e-01
-6.515387892723083496e-01
9.623385667800903320e-01
9.361053258180618286e-02
-5.574054643511772156e-02
7.039260268211364746e-01
-2.197518646717071533e-01
-4.255028963088989258e-01
-2.026866227388381958e-01
-1.899460703134536743e-01
7.586501836776733398e-01
2.520177662372589111e-01
-1.285091191530227661e-01
3.692891895771026611e-01
7.260280251502990723e-01
5.231543779373168945e-01
1.169876575469970703e+00
5.596824288368225098e-01
9.457522630691528320e-01
9.350678920745849609e-01
8.441214561462402344e-01
-4.255493879318237305e-01
1.146091341972351074e+00
3.131574392318725586e-01
-1.117618560791015625e+00
-8.678375482559204102e-01
-1.249341964721679688e+00
3.086851835250854492e-01
-1.327121704816818237e-01
6.099399328231811523e-01
9.137521386146545410e-01
-7.052161097526550293e-01
1.270967721939086914e+00
2.283432722091674805e+00
3.284959793090820312e+00
2.231376767158508301e-01
-2.011766433715820312e+00
-3.094552755355834961e-01
-2.429074287414550781e+00
-1.061386942863464355e+00
-1.519956886768341064e-01
9.291843324899673462e-02
-7.919730246067047119e-02
-1.850771456956863403e-01
-2.351339012384414673e-01
4.144448637962341309e-01
-2.994303964078426361e-02
-1.021344900131225586e+00
-3.248344659805297852e-01
-4.972072839736938477e-01
4.591487646102905273e-01
-9.866852164268493652e-01
3.783219456672668457e-01
-4.904509782791137695e-01
1.306024909019470215e+00
2.210478633642196655e-01
-2.175054073333740234e+00
-9.531434774398803711e-01
-2.795825481414794922e+00
-4.153004586696624756e-01
-7.321875691413879395e-01
-1.094708740711212158e-01
5.728358030319213867e-01
-6.899222731590270996e-02
1.461714804172515869e-01
-4.527958855032920837e-02
-1.916843503713607788e-01
-6.929424405097961426e-01
9.602624773979187012e-01
-2.836127281188964844e+00
8.060823082923889160e-01
1.894948959350585938e+00
-1.170906066894531250e+00
-8.480855077505111694e-02
-1.170754432678222656e+00
-8.191207051277160645e-01
-1.047910675406455994e-01
-2.421493679285049438e-01
5.125493407249450684e-01
7.934205532073974609e-01
1.166339278221130371e+00
3.318966925144195557e-01
9.020661711692810059e-01
-1.128677837550640106e-02
-1.409140467643737793e+00
-7.828751206398010254e-01
5.360035896301269531e-01
-6.104273200035095215e-01
-2.902449108660221100e-02
-2.253618240356445312e-01
1.748297452926635742e+00
1.937371194362640381e-01
6.777982711791992188e-01
1.458817124366760254e+00
3.455099165439605713e-01
3.901913166046142578e-01
-8.774041533470153809e-01
5.091575980186462402e-01
-1.861262768507003784e-01
-9.860825538635253906e-01
1.656866073608398438e+00
2.426503300666809082e-01
1.559879302978515625e+00
3.641818761825561523e-01
-1.337923407554626465e+00
1.818356275558471680e+00
5.169671177864074707e-01
-3.386760056018829346e-01
1.455877661705017090e+00
8.937603235244750977e-01
-9.134161472320556641e-02
7.649841904640197754e-01
-1.653517633676528931e-01
1.650605082511901855e+00
1.852272987365722656e+00
9.918772578239440918e-01
1.172127366065979004e+00
8.145349025726318359e-01
-3.366539776325225830e-01
-3.355499505996704102e-01
-9.732710123062133789e-01
-4.109014272689819336e-01
