-6.429554224014282227e-01
-1.839465022087097168e+00
1.498966097831726074e+00
-1.886262059211730957e+00
-6.631918549537658691e-01
3.719967901706695557e-01
9.466723203659057617e-01
-8.494856953620910645e-01
9.521901607513427734e-02
3.911898136138916016e-01
7.721976637840270996e-01
-7.756624817848205566e-01
1.643911749124526978e-01
1.261022686958312988e-01
-6.929179430007934570e-01
-5.792126059532165527e-03
1.304887175559997559e+00
-1.625353813171386719e+00
-1.297241002321243286e-01
-2.893688082695007324e-01
-3.848424851894378662e-01
1.150244712829589844e+00
-1.782027125358581543e+00
1.070914268493652344e+00
8.603704571723937988e-01
1.764461636543273926e+00
1.997023820877075195e-01
-5.478879213333129883e-01
2.016288489103317261e-01
1.942203402519226074e+00
9.944547414779663086e-01
-4.286974668502807617e-01
5.292827486991882324e-01
1.243499368429183960e-01
3.632239997386932373e-01
4.991039037704467773e-01
1.440658330917358398e+00
5.900793671607971191e-01
-1.247962936758995056e-01
9.818513989448547363e-01
-1.399587988853454590e-01
-1.175525784492492676e+00
-4.971374571323394775e-01
-1.026225447654724121e+00
1.408805966377258301e+00
-3.492531776428222656e-01
5.366187691688537598e-01
-3.937269151210784912e-01
-1.557381510734558105e+00
-1.236260294914245605e+00
2.657718658447265625e-01
3.767563998699188232e-01
-1.041337251663208008e+00
5.645425319671630859e-01
8.872821927070617676e-01
-6.079368591308593750e-01
1.305429458618164062e+00
-2.217661440372467041e-01
7.072557210922241211e-01
6.179224252700805664e-01
-2.038379162549972534e-01
3.540171980857849121e-01
8.992715477943420410e-01
5.250767245888710022e-02
1.833383440971374512e+00
9.480326771736145020e-01
1.509637236595153809e+00
1.052740335464477539e+00
2.033990621566772461e+00
-1.484540700912475586e-01
-4.533892869949340820e-01
-4.808174669742584229e-01
1.196861982345581055e+00
-2.641778811812400818e-02
-7.031453847885131836e-01
-1.167837858200073242e+00
5.301491618156433105e-01
1.173015594482421875e+00
-5.659360289573669434e-01
-2.660254955291748047e+00
6.161497831344604492e-01
1.323121547698974609e+00
1.488097786903381348e+00
-4.779524803161621094e-01
-7.024059891700744629e-01
-9.638229757547378540e-02
1.595843553543090820e+00
-9.469477534294128418e-01
6.585092544555664062e-01
1.639897227287292480e+00
-3.698534667491912842e-01
-2.234347581863403320e+00
-1.129104375839233398e+00
-1.546628713607788086e+00
7.243367433547973633e-01
9.509980678558349609e-02
1.407537579536437988e+00
-6.008825451135635376e-02
-1.682449102401733398e+00
-1.702195167541503906e+00
