1.644532799720764160e+00
3.763410449028015137e-01
5.269619226455688477e-01
1.829974770545959473e+00
2.651702165603637695e+00
2.140807658433914185e-01
2.924401760101318359e-01
-1.042440891265869141e+00
1.882795333862304688e+00
-1.948505878448486328e+00
1.904220134019851685e-01
-1.576173007488250732e-01
4.782226979732513428e-01
1.780546188354492188e+00
-2.271944582462310791e-01
1.664174795150756836e+00
7.997797727584838867e-01
1.639649271965026855e+00
8.475849777460098267e-02
2.292379438877105713e-01
-2.884002402424812317e-03
-2.189634144306182861e-01
-7.405475974082946777e-01
6.925181746482849121e-01
1.539400219917297363e+00
-1.268623232841491699e+00
6.228148937225341797e-01
-7.626689076423645020e-01
-1.945887684822082520e+00
1.172354102134704590e+00
-1.533777832984924316e+00
1.040623188018798828e+00
5.291827917098999023e-01
5.545548200607299805e-01
7.019912004470825195e-01
-6.354615688323974609e-01
9.660446643829345703e-01
1.943479031324386597e-01
-1.640293240547180176e+00
5.435917526483535767e-02
-1.994265675544738770e+00
1.398103713989257812e+00
-1.590239644050598145e+00
-1.080364108085632324e+00
3.192822933197021484e+00
-1.104261755943298340e+00
1.946263551712036133e+00
-9.075496196746826172e-01
-3.146934211254119873e-01
-2.930563688278198242e-01
-4.009974896907806396e-01
-1.038260817527770996e+00
-3.055128827691078186e-02
1.369182467460632324e+00
5.722559690475463867e-01
-9.926654100418090820e-01
1.235601082444190979e-01
-7.576533555984497070e-01
2.425007373094558716e-01
-7.272471785545349121e-01
2.156723290681838989e-01
-5.623332858085632324e-01
-1.149275004863739014e-01
1.487375944852828979e-01
-7.467715740203857422e-01
-1.842046737670898438e+00
-5.679594352841377258e-02
-3.347211778163909912e-01
5.289400815963745117e-01
1.743350028991699219e-01
-4.520057141780853271e-01
-8.514238893985748291e-02
-1.519123673439025879e+00
-2.381612509489059448e-01
4.060037732124328613e-01
1.395874381065368652e+00
8.896509408950805664e-01
-5.477079153060913086e-01
1.125211358070373535e+00
-1.793452054262161255e-01
2.770737886428833008e+00
2.789851427078247070e-01
3.312126994132995605e-01
2.508397102355957031e-01
8.881140947341918945e-01
-1.176870584487915039e+00
5.821327567100524902e-01
-6.658808588981628418e-01
-2.011961936950683594e-01
-6.175485253334045410e-01
3.662428557872772217e-01
-7.969679832458496094e-01
-1.039079427719116211e-01
5.162081122398376465e-01
-2.408086955547332764e-01
-5.070061609148979187e-02
-3.049267828464508057e-01
1.103421330451965332e+00
6.563581228256225586e-01
1.253796964883804321e-01
-1.165747404098510742e+00
4.186750352382659912e-01
9.013782739639282227e-01
-7.731209993362426758e-01
-5.657351613044738770e-01
-1.915331631898880005e-01
-4.928670525550842285e-01
9.759972691535949707e-01
1.143527269363403320e+00
-1.799499273300170898e+00
-3.363385200500488281e-01
-1.261804223060607910e+00
-1.047103643417358398e+00
1.159342885017395020e+00
-2.120849370956420898e+00
-1.075808048248291016e+00
2.092215299606323242e+00
5.016003549098968506e-02
1.084034562110900879e+00
1.640570044517517090e+00
-9.519572854042053223e-01
-8.979244232177734375e-01
-9.625884890556335449e-01
-8.195735216140747070e-01
2.974434494972229004e-01
7.339251041412353516e-01
1.401903331279754639e-01
-3.270052909851074219e+00
1.131856203079223633e+00
-1.036624550819396973e+00
-6.211513280868530273e-01
-1.385909557342529297e+00
-1.761653304100036621e+00
1.986227631568908691e-01
7.992201447486877441e-01
-1.863771229982376099e-01
7.785107493400573730e-01
1.179168894886970520e-01
4.732586443424224854e-01
2.167716264724731445e+00
-1.037435293197631836e+00
-1.055800914764404297e+00
1.285943269729614258e+00
2.571711838245391846e-01
4.998902380466461182e-01
4.932965338230133057e-01
-8.995488286018371582e-01
-5.094742402434349060e-02
7.343774437904357910e-01
-1.132925271987915039e+00
9.547784924507141113e-01
4.295092225074768066e-01
-7.409852743148803711e-01
-8.145340681076049805e-01
-5.406630635261535645e-01
-1.252435088157653809e+00
6.693618744611740112e-02
-1.276395767927169800e-01
-2.062425762414932251e-01
1.084065675735473633e+00
-5.399791598320007324e-01
-3.849799036979675293e-01
9.834791719913482666e-02
-1.141492605209350586e+00
1.687249064445495605e+00
-6.886968016624450684e-01
3.779189586639404297e-01
-8.878969550132751465e-01
9.190606474876403809e-01
4.383394718170166016e-01
1.802540063858032227e+00
1.342484831809997559e+00
8.734816908836364746e-01
3.997272253036499023e-01
1.291442036628723145e+00
-2.260153144598007202e-01
-9.900711774826049805e-01
-3.883251547813415527e-01
-3.583272993564605713e-01
2.962547838687896729e-01
-2.059992551803588867e-01
-2.161164209246635437e-02
7.666062116622924805e-01
1.220006942749023438e+00
1.180629968643188477e+00
-3.455511033535003662e-01
-2.057342290878295898e+00
4.752247631549835205e-01
-4.155513644218444824e-01
1.092299818992614746e+00
-4.547250568866729736e-01
-8.126348853111267090e-01
-3.068449974060058594e+00
-1.605898439884185791e-01
-1.375374913215637207e+00
-1.269810318946838379e+00
-1.722759753465652466e-01
9.038609862327575684e-01
-8.827254772186279297e-01
-5.326056480407714844e-01
-2.635575532913208008e-01
1.073279380798339844e+00
8.923091888427734375e-01
6.432158350944519043e-01
1.921414434909820557e-01
1.984895020723342896e-01
8.958886265754699707e-01
-6.268662214279174805e-01
1.192848920822143555e+00
-4.378017485141754150e-01
-1.244456052780151367e+00
-2.534003257751464844e-01
-4.206433594226837158e-01
5.393248796463012695e-01
-4.989679455757141113e-01
1.779255747795104980e+00
-1.140484809875488281e+00
1.359394907951354980e+00
2.704284787178039551e-01
-3.068786263465881348e-01
5.575271248817443848e-01
5.072380602359771729e-02
-4.135550558567047119e-01
-3.243255317211151123e-01
1.458731889724731445e+00
-9.993144869804382324e-01
-5.752526521682739258e-01
1.385557293891906738e+00
-1.758002400398254395e+00
2.579555511474609375e+00
-2.263911664485931396e-01
-2.084595680236816406e+00
-7.263925671577453613e-01
-6.843277215957641602e-01
1.142234563827514648e+00
2.875887155532836914e-01
-1.277293443679809570e+00
-2.332593441009521484e+00
1.741819083690643311e-01
-2.408987879753112793e-01
1.798416674137115479e-01
-8.982610702514648438e-02
-7.754762768745422363e-01
-1.579313278198242188e+00
-9.652390480041503906e-01
-5.874912738800048828e-01
-5.299496650695800781e-01
-5.224487781524658203e-01
-9.381559491157531738e-01
-2.552804052829742432e-01
1.048648238182067871e+00
3.786645531654357910e-01
-1.801559925079345703e+00
1.584859728813171387e+00
-1.100045561790466309e+00
-1.899790018796920776e-01
1.526772141456604004e+00
-2.176943123340606689e-01
1.162374615669250488e+00
1.244784951210021973e+00
6.831888556480407715e-01
3.325062096118927002e-01
-1.223405122756958008e+00
-3.917941749095916748e-01
3.995651602745056152e-01
4.880532622337341309e-01
-3.328288197517395020e-01
1.863090693950653076e-01
-1.871952533721923828e+00
-4.849635809659957886e-02
7.070765495300292969e-01
-7.889927029609680176e-01
-2.648745477199554443e-01
1.956749320030212402e+00
8.559504151344299316e-01
3.332777023315429688e-01
2.478755861520767212e-01
-6.949165463447570801e-01
-6.014636754989624023e-01
1.629742622375488281e+00
-1.433821916580200195e+00
1.888026595115661621e+00
5.619831085205078125e-01
-8.134890794754028320e-01
1.666002392768859863e+00
6.070949509739875793e-02
2.517153918743133545e-01
2.427305579185485840e-01
2.321648001670837402e-01
6.258783936500549316e-01
-1.270662546157836914e+00
-2.645314931869506836e-01
2.564431726932525635e-01
-3.785319924354553223e-01
-1.509953886270523071e-01
-8.498785495758056641e-01
1.115179896354675293e+00
-1.202061623334884644e-01
4.654797017574310303e-01
-5.243917703628540039e-01
-4.966099262237548828e-01
6.364949047565460205e-02
1.220695018768310547e+00
4.525811076164245605e-01
-4.871466755867004395e-01
2.080114781856536865e-01
-3.001432120800018311e-01
-1.915654987096786499e-01
-8.277676999568939209e-03
-1.256560444831848145e+00
-7.578821182250976562e-01
-2.491837739944458008e-02
-4.208711385726928711e-01
1.157066702842712402e+00
1.343795776367187500e+00
7.174146771430969238e-01
-1.455339938402175903e-01
1.738735437393188477e-01
-9.896467924118041992e-01
1.742033958435058594e+00
1.230963230133056641e+00
-6.883886456489562988e-01
4.681421816349029541e-02
-5.175336003303527832e-01
8.668524026870727539e-02
-1.378755718469619751e-01
-3.804813623428344727e-01
-7.732426524162292480e-01
2.138623476028442383e+00
-1.621437221765518188e-01
1.556333780288696289e+00
7.537786364555358887e-01
3.216054057702422142e-03
6.972583532333374023e-01
-9.883574247360229492e-01
1.218811273574829102e+00
2.218700796365737915e-01
-4.506647959351539612e-02
-1.646995544433593750e+00
-5.622666701674461365e-02
-8.361312150955200195e-01
4.883956909179687500e-01
-1.429633378982543945e+00
4.455460608005523682e-01
-3.209037482738494873e-01
-3.694117963314056396e-01
-2.408230006694793701e-01
-2.916206791996955872e-02
-1.163536429405212402e+00
1.069944947957992554e-01
3.232647776603698730e-01
8.562535047531127930e-01
1.548345804214477539e+00
8.132405877113342285e-01
1.222085058689117432e-01
-4.284414649009704590e-01
-1.592163801193237305e+00
8.993139266967773438e-01
1.242241859436035156e+00
3.111270964145660400e-01
1.391825318336486816e+00
-2.287170171737670898e+00
5.293640494346618652e-01
4.625378176569938660e-02
1.574569046497344971e-01
-1.242793202400207520e+00
-6.862569451332092285e-01
1.803219079971313477e+00
-6.419936418533325195e-01
1.281379342079162598e+00
3.141540288925170898e-01
-1.007441997528076172e+00
-5.945366621017456055e-01
-9.094548225402832031e-02
-7.775040864944458008e-01
-1.761175394058227539e-01
-1.684424161911010742e+00
2.284549474716186523e+00
9.142019152641296387e-01
-3.181402683258056641e-01
-8.667703270912170410e-01
3.651840686798095703e-01
1.119323611259460449e+00
-4.168064892292022705e-02
-3.347868621349334717e-01
-3.507687747478485107e-01
6.356628537178039551e-01
9.715977907180786133e-01
-3.200576007366180420e-01
-5.507267117500305176e-01
8.101401925086975098e-01
1.335949897766113281e+00
2.309807538986206055e-01
1.255952715873718262e+00
5.689066648483276367e-01
1.557763814926147461e+00
6.287422776222229004e-01
-1.370877861976623535e+00
-1.128572940826416016e+00
1.394405215978622437e-01
1.317023396492004395e+00
-1.683767288923263550e-01
-1.042966246604919434e-01
-2.378936529159545898e+00
-1.027374863624572754e+00
-7.560958266258239746e-01
-3.415205329656600952e-02
3.604469001293182373e-01
-4.251239597797393799e-01
-1.630252599716186523e+00
-1.238782182335853577e-01
-7.902534306049346924e-02
-1.274192333221435547e+00
-3.187421262264251709e-01
-1.388369202613830566e-01
2.677283048629760742e+00
2.254297584295272827e-01
-1.660419851541519165e-01
-1.534528255462646484e+00
-1.172900557518005371e+00
-1.087235927581787109e+00
7.131810188293457031e-01
1.972616910934448242e-01
-1.023331046104431152e+00
-1.763215065002441406e+00
-8.290125727653503418e-01
1.602465957403182983e-01
-8.261050283908843994e-02
7.282446622848510742e-01
1.479386091232299805e+00
-2.773408293724060059e-01
-4.586412012577056885e-01
-9.986994862556457520e-01
7.302103638648986816e-01
7.864466309547424316e-01
8.988237380981445312e-01
2.327006310224533081e-01
-1.718758642673492432e-01
2.512701153755187988e-01
-6.271679997444152832e-01
-7.411854267120361328e-01
6.843555569648742676e-01
-1.637821555137634277e+00
3.264348581433296204e-02
-1.431893464177846909e-02
4.529899060726165771e-01
-8.143067955970764160e-01
-3.155415654182434082e-01
2.174591541290283203e+00
4.946099519729614258e-01
9.521245956420898438e-03
1.689619660377502441e+00
-8.958116173744201660e-01
-2.088642716407775879e-01
4.688066840171813965e-01
-4.367881715297698975e-01
-1.260948061943054199e+00
4.029560685157775879e-01
1.643005490303039551e+00
-5.842095613479614258e-01
8.183219470083713531e-03
3.649606108665466309e-01
7.057588696479797363e-01
7.840650081634521484e-01
2.853052020072937012e-01
-6.578191518783569336e-01
8.995348811149597168e-01
2.834327697753906250e+00
-4.227879345417022705e-01
4.315392076969146729e-01
7.673621177673339844e-01
6.691383719444274902e-01
-1.671080708503723145e+00
9.034637808799743652e-01
-3.819040954113006592e-02
-4.811500906944274902e-01
2.284714877605438232e-01
-6.109250783920288086e-01
4.149225354194641113e-01
1.205483555793762207e+00
-1.453219294548034668e+00
8.205184340476989746e-01
-6.631792187690734863e-01
-2.576249279081821442e-02
-2.197524547576904297e+00
1.459568738937377930e-01
1.595157265663146973e+00
-8.067206144332885742e-01
-3.187044858932495117e+00
3.868829011917114258e-01
5.027475357055664062e-01
-9.208749532699584961e-01
-1.294049322605133057e-01
-7.574929296970367432e-02
7.065623402595520020e-01
1.182155534625053406e-01
2.409577369689941406e-01
1.724836081266403198e-01
-2.818051259964704514e-03
-1.150983214378356934e+00
4.111491739749908447e-01
1.693608760833740234e+00
1.641547679901123047e+00
-2.292798161506652832e-01
8.461372256278991699e-01
-1.544819355010986328e+00
-1.235369294881820679e-01
-1.552169173955917358e-01
3.697365820407867432e-01
1.648595780134201050e-01
2.419161945581436157e-01
-1.085373401641845703e+00
-4.123209118843078613e-01
9.183295965194702148e-01
-6.438377499580383301e-01
1.061171531677246094e+00
6.019847989082336426e-01
-2.526807785034179688e-01
2.284301072359085083e-02
2.578538060188293457e-01
5.983151793479919434e-01
7.913133502006530762e-01
8.988826870918273926e-01
9.295428395271301270e-01
1.065343260765075684e+00
4.449560642242431641e-01
2.530806660652160645e-01
3.920895755290985107e-01
-1.648236662149429321e-01
-6.430220007896423340e-01
-3.238173723220825195e-01
-5.677425861358642578e-01
6.853983998298645020e-01
1.623063921928405762e+00
-3.665437176823616028e-02
-6.371082365512847900e-02
6.061789989471435547e-01
4.976006448268890381e-01
-1.661992549896240234e+00
5.382336378097534180e-01
-3.329784572124481201e-01
-3.335078954696655273e-01
-1.189043670892715454e-01
6.148225069046020508e-01
-4.188663959503173828e-01
1.610305905342102051e+00
5.468881726264953613e-01
6.831399798393249512e-01
-3.985325340181589127e-03
1.108407258987426758e+00
-2.817189395427703857e-01
6.359288934618234634e-03
1.249961555004119873e-02
-1.037599682807922363e+00
1.012683272361755371e+00
8.118942379951477051e-01
5.092729330062866211e-01
-1.443137675523757935e-01
7.060039043426513672e-01
3.110162615776062012e-01
-7.520685195922851562e-01
1.602505564689636230e+00
-8.205144405364990234e-01
6.131199598312377930e-01
-4.636424183845520020e-01
-9.394689798355102539e-01
1.391719698905944824e+00
-9.056564569473266602e-01
3.588201478123664856e-02
-3.526490032672882080e-01
9.326078295707702637e-01
2.115516066551208496e-01
-1.536961793899536133e+00
1.021522998809814453e+00
-3.925106823444366455e-01
5.702311992645263672e-01
1.948398709297180176e+00
-1.228908538818359375e+00
-9.388903379440307617e-01
-4.880082979798316956e-02
3.576267510652542114e-02
1.038359880447387695e+00
-1.372167468070983887e-01
-6.921674013137817383e-01
6.257281303405761719e-01
-1.158701300621032715e+00
-5.592243671417236328e-01
1.923822879791259766e+00
3.386922478675842285e-01
-1.677557975053787231e-01
1.182840764522552490e-01
-4.695630967617034912e-01
-8.056809902191162109e-01
-1.067582368850708008e+00
1.851078867912292480e+00
1.142552420496940613e-01
-3.000981211662292480e-01
-1.176777362823486328e+00
-5.009949207305908203e-01
9.353446364402770996e-01
1.133365511894226074e+00
-9.965894222259521484e-01
2.026650756597518921e-01
1.007089138031005859e+00
-4.043674468994140625e-01
8.522970080375671387e-01
-7.570479512214660645e-01
3.288247883319854736e-01
7.889853715896606445e-01
-1.823316335678100586e+00
1.717204451560974121e+00
-4.098469614982604980e-01
4.695431515574455261e-02
1.288714289665222168e+00
2.336337417364120483e-01
9.666361659765243530e-02
-1.076231598854064941e+00
2.770222909748554230e-02
3.259571790695190430e-01
-1.284404397010803223e+00
-6.748170256614685059e-01
1.428590416908264160e+00
5.341756939888000488e-01
-6.900697350502014160e-01
1.390392184257507324e+00
-1.361278295516967773e+00
-2.899689078330993652e-01
8.663601875305175781e-01
-3.959096372127532959e-01
8.778355717658996582e-01
-3.454531729221343994e-01
-1.372955888509750366e-01
1.385928750038146973e+00
6.457291841506958008e-01
-4.873864948749542236e-01
2.087491035461425781e+00
9.778620004653930664e-01
1.331455230712890625e+00
1.440998435020446777e+00
-3.180040717124938965e-01
5.763959884643554688e-01
-2.465839624404907227e+00
8.861097097396850586e-01
-3.703289330005645752e-01
5.063263177871704102e-01
4.483498930931091309e-01
2.925146818161010742e-01
-1.089067459106445312e+00
1.672853469848632812e+00
1.457555651664733887e+00
-1.698384881019592285e+00
-1.421277523040771484e-01
1.104663133621215820e+00
5.725896954536437988e-01
6.235988140106201172e-01
5.230144858360290527e-01
1.258230805397033691e+00
-1.570071935653686523e+00
-1.908274292945861816e-01
2.477087825536727905e-01
-1.149383544921875000e+00
-3.450171649456024170e-01
-4.753127396106719971e-01
6.829413175582885742e-01
2.592805325984954834e-01
-2.569966912269592285e-01
-5.221019387245178223e-01
-1.914775848388671875e+00
-1.881142735481262207e+00
-3.127096593379974365e-01
5.636475682258605957e-01
-2.648993432521820068e-01
7.401695847511291504e-02
1.581864058971405029e-01
1.759237170219421387e+00
-1.264583170413970947e-01
1.077866926789283752e-01
1.623054385185241699e+00
-1.800184488296508789e+00
-7.469078898429870605e-01
-1.205571532249450684e+00
-4.339567422866821289e-01
-7.769845724105834961e-01
-1.953620195388793945e+00
-4.559403955936431885e-01
3.875526189804077148e-01
2.911888957023620605e-01
8.095824718475341797e-01
-6.646854281425476074e-01
3.476818501949310303e-01
2.646269798278808594e-01
2.523744583129882812e+00
-8.199122548103332520e-01
-2.150499105453491211e+00
-5.122822523117065430e-01
-4.534400105476379395e-01
-9.537611007690429688e-01
7.229558825492858887e-01
2.309534549713134766e-01
-1.256286650896072388e-01
1.658802270889282227e+00
1.836828708648681641e+00
-3.120797500014305115e-02
8.417871594429016113e-01
-2.051105737686157227e+00
-1.281145095825195312e+00
1.640193350613117218e-02
-1.605512380599975586e+00
2.073963284492492676e-01
7.738301753997802734e-01
1.553043961524963379e+00
-9.265474677085876465e-01
-1.740461111068725586e+00
1.109822273254394531e+00
1.007695198059082031e+00
-8.121541738510131836e-01
-5.441436767578125000e-01
1.317450404167175293e+00
-4.839925169944763184e-01
-3.879755437374114990e-01
4.478182494640350342e-01
-1.313562512397766113e+00
-9.711199998855590820e-01
8.727329969406127930e-02
2.578287720680236816e-01
2.086209058761596680e+00
1.237294357270002365e-02
1.728814244270324707e-01
-1.884510993957519531e+00
2.390408217906951904e-01
-6.375582814216613770e-01
1.529158592224121094e+00
2.260538339614868164e-01
-3.600333929061889648e-01
1.021780848503112793e+00
-7.369256019592285156e-01
7.836767435073852539e-01
-1.371758460998535156e+00
1.351003170013427734e+00
3.232396543025970459e-01
-2.875661253929138184e-01
2.510513663291931152e-01
3.235943913459777832e-01
1.871011137962341309e+00
-9.768377058207988739e-03
1.488718092441558838e-01
3.862290084362030029e-01
4.656125232577323914e-02
4.079889357089996338e-01
2.981786131858825684e-01
-1.871260881423950195e+00
1.981631755828857422e+00
-2.668838500976562500e-01
1.593220233917236328e+00
1.226342916488647461e+00
2.534757554531097412e-01
3.943164944648742676e-01
-1.658204555511474609e+00
1.221002817153930664e+00
-5.690044760704040527e-01
-1.950486779212951660e+00
1.385533213615417480e+00
9.885209798812866211e-02
-3.890652656555175781e-01
-4.586474299430847168e-01
-1.219458460807800293e+00
-1.610203742980957031e+00
-2.001537084579467773e-01
1.331858336925506592e-01
7.361708879470825195e-01
7.315644621849060059e-01
-1.186911344528198242e+00
-1.790431976318359375e+00
8.909585326910018921e-02
1.633054018020629883e+00
3.905703499913215637e-02
1.371950745582580566e+00
7.368240952491760254e-01
1.108682632446289062e+00
9.911118745803833008e-01
5.732544660568237305e-01
1.022196173667907715e+00
4.166785180568695068e-01
-1.296604871749877930e+00
-9.272257685661315918e-01
-5.363778471946716309e-01
7.361065149307250977e-01
-6.342300176620483398e-01
-3.075795173645019531e+00
2.122827768325805664e+00
8.063980340957641602e-01
3.852339982986450195e-01
-7.921329140663146973e-01
1.506736129522323608e-01
-2.902619838714599609e-01
3.176886737346649170e-01
-1.414014399051666260e-01
5.476595759391784668e-01
1.626806616783142090e+00
-3.955056667327880859e-01
