-1.142892912030220032e-01 -6.118292212486267090e-01 -6.317772269248962402e-01 -1.503693461418151855e+00 2.766167223453521729e-01 -1.095677912235260010e-01 6.255596131086349487e-02 -7.258642315864562988e-01
-1.007366895675659180e+00 -4.307824969291687012e-01 -2.843062877655029297e-01 1.551171302795410156e+00 9.559824466705322266e-01 5.356907844543457031e-01 -3.399367928504943848e-01 -1.120947241783142090e+00
-7.612261772155761719e-01 5.251791477203369141e-01 9.188690781593322754e-02 -9.344283938407897949e-01 1.899684667587280273e-01 2.158186435699462891e+00 -1.226755455136299133e-01 -9.662329554557800293e-01
1.207319855690002441e+00 -1.144797325134277344e+00 1.500518918037414551e-01 2.257340699434280396e-01 -1.135115325450897217e-01 1.766160130500793457e-01 -1.778728216886520386e-01 7.755795121192932129e-01
1.428422212600708008e+00 -1.522983074188232422e+00 1.205792546272277832e+00 3.751352429389953613e-01 4.744607508182525635e-01 7.222011685371398926e-01 1.642163395881652832e+00 -6.945654749870300293e-01
1.173244357109069824e+00 8.485479950904846191e-01 2.700552046298980713e-01 -2.055669307708740234e+00 -7.860165238380432129e-01 -1.687930524349212646e-01 3.190273419022560120e-02 3.900560438632965088e-01
3.185093998908996582e-01 2.404358148574829102e+00 1.744622588157653809e-01 1.681003093719482422e+00 9.305641651153564453e-01 -8.705020300112664700e-04 -1.342982053756713867e-01 -1.758742630481719971e-01
-1.341436743736267090e+00 -3.948309719562530518e-01 1.047086954116821289e+00 9.214655756950378418e-01 7.898892164230346680e-01 2.361673265695571899e-01 3.891970962285995483e-02 -1.726537823677062988e+00
-1.173984169960021973e+00 -1.752918064594268799e-01 5.588857531547546387e-01 1.643190681934356689e-01 4.655201137065887451e-01 -5.920246839523315430e-01 7.199953198432922363e-01 -1.160717844963073730e+00
-1.398207545280456543e+00 -1.574377119541168213e-01 1.101065039634704590e+00 -3.716768920421600342e-01 2.265157997608184814e-01 4.021400585770606995e-02 1.221916303038597107e-01 4.242277443408966064e-01
-7.506953477859497070e-01 1.491325259208679199e+00 1.416280031204223633e+00 1.892869830131530762e+00 6.414127349853515625e-01 -7.702654600143432617e-01 -2.064882367849349976e-01 1.184365302324295044e-01
-1.983996033668518066e+00 9.659257531166076660e-01 -5.436733365058898926e-01 -4.099976122379302979e-01 -1.801328182220458984e+00 4.068373441696166992e-01 -1.806269526481628418e+00 -6.825233101844787598e-01
-1.816722750663757324e+00 3.785945475101470947e-01 -3.028187341988086700e-02 -1.476408004760742188e+00 -1.096850752830505371e+00 -8.761865496635437012e-01 4.063441455364227295e-01 2.500705979764461517e-02
8.703277707099914551e-01 5.699080228805541992e-01 8.112499713897705078e-01 1.490311980247497559e+00 -2.115948498249053955e-01 1.054687023162841797e+00 1.108165144920349121e+00 2.753353714942932129e-01
1.543159484863281250e+00 7.593294382095336914e-01 -1.022631645202636719e+00 6.830279827117919922e-01 -5.690665245056152344e-01 -8.327822089195251465e-01 -2.169545173645019531e+00 -1.574515581130981445e+00
4.705701395869255066e-02 6.595454216003417969e-01 5.826594829559326172e-01 1.309236232191324234e-02 2.025489091873168945e+00 6.980583071708679199e-02 -1.885100126266479492e+00 9.892938733100891113e-01
1.398129314184188843e-01 9.043526649475097656e-01 1.505404829978942871e+00 4.905391037464141846e-01 -2.726239442825317383e+00 -2.840505838394165039e-01 3.231756761670112610e-02 2.967688739299774170e-01
-8.486640453338623047e-01 7.604066282510757446e-02 1.115592047572135925e-01 -6.131445765495300293e-01 1.604162335395812988e+00 -3.481632471084594727e-01 4.446685314178466797e-01 1.472661197185516357e-01
8.286393284797668457e-01 6.793735623359680176e-01 -8.773981928825378418e-01 -7.789795398712158203e-01 -1.100020170211791992e+00 9.651343524456024170e-02 1.741928577423095703e+00 -9.326419234275817871e-01
2.690998017787933350e-01 -6.557641029357910156e-01 1.192978322505950928e-01 -4.834121465682983398e-02 2.704521715641021729e-01 9.446755796670913696e-02 -9.218883514404296875e-01 -4.396805465221405029e-01
1.727543175220489502e-01 2.887154817581176758e-01 -3.516807854175567627e-01 -1.883974671363830566e-01 -4.597845375537872314e-01 3.751424551010131836e-01 -8.121288418769836426e-01 -2.037582993507385254e-01
-3.770063221454620361e-01 -4.369946718215942383e-01 2.082149833440780640e-01 -8.234238028526306152e-01 -3.271002769470214844e-01 -1.160462051630020142e-01 -6.063078045845031738e-01 -1.185693979263305664e+00
2.177503108978271484e-01 -1.229320764541625977e+00 -9.758002161979675293e-01 -1.361429095268249512e+00 7.931918501853942871e-01 -5.062795802950859070e-02 5.449788570404052734e-01 8.054590225219726562e-01
-5.984151959419250488e-01 -1.778303980827331543e-01 -3.118149936199188232e-01 8.303644061088562012e-01 1.724603533744812012e+00 5.231415852904319763e-02 1.372527837753295898e+00 -1.326147794723510742e+00
1.917796850204467773e+00 1.675885081291198730e+00 6.543453335762023926e-01 -5.856429338455200195e-01 -1.228499710559844971e-01 1.073312163352966309e+00 1.167055964469909668e+00 1.043663740158081055e+00
9.767678976058959961e-01 1.021754622459411621e+00 -1.210552334785461426e+00 5.221066474914550781e-01 1.611473202705383301e+00 3.004443347454071045e-01 -1.277450565248727798e-02 2.920438051223754883e+00
4.598239362239837646e-01 5.733585953712463379e-01 -8.978242874145507812e-01 -5.414007976651191711e-02 5.020626187324523926e-01 7.935159802436828613e-01 -3.201951682567596436e-01 1.554796695709228516e+00
-1.140263557434082031e+00 9.966487884521484375e-01 2.675287723541259766e-01 1.209558248519897461e-01 1.348455190658569336e+00 -1.174104213714599609e-01 1.372448205947875977e-01 1.447024583816528320e+00
6.223521828651428223e-01 1.378734558820724487e-01 -1.560564994812011719e+00 -3.789439797401428223e-01 2.113021850585937500e+00 9.492937922477722168e-01 8.724436759948730469e-01 -1.287495255470275879e+00
4.894141852855682373e-01 6.582005620002746582e-01 9.814665317535400391e-01 4.553439915180206299e-01 -8.988255262374877930e-01 -9.766924381256103516e-02 2.046355754137039185e-01 1.153408512473106384e-01
-6.137318015098571777e-01 -5.759170055389404297e-01 2.764266729354858398e-01 1.393959403038024902e+00 -4.973004162311553955e-01 3.497825860977172852e-01 9.739803671836853027e-01 5.956532433629035950e-02
-8.999951481819152832e-01 2.995522227138280869e-03 -7.314347624778747559e-01 2.490689158439636230e-01 -4.167997241020202637e-01 -1.388992965221405029e-01 1.418458700180053711e+00 3.317868113517761230e-01
1.370881199836730957e+00 2.926979959011077881e-01 1.378196954727172852e+00 2.167050123214721680e+00 7.168405503034591675e-02 1.092443466186523438e+00 5.201053023338317871e-01 3.774365782737731934e-01
2.231406450271606445e+00 -1.336403131484985352e+00 3.186567425727844238e-01 -2.314596623182296753e-02 7.564589977264404297e-01 -6.478723287582397461e-01 -7.806702256202697754e-01 -7.448810152709484100e-03
-5.131163001060485840e-01 1.524922013282775879e+00 1.174110621213912964e-01 1.415071249008178711e+00 -1.840952783823013306e-01 4.469382464885711670e-01 4.747946187853813171e-02 4.152924418449401855e-01
1.634682536125183105e+00 2.851276397705078125e+00 -5.944244265556335449e-01 -2.425518780946731567e-01 -3.514579236507415771e-01 1.182097554206848145e+00 -7.434684038162231445e-02 3.678316771984100342e-01
9.443628787994384766e-02 1.013802886009216309e+00 -3.784193992614746094e-01 -1.257151365280151367e+00 -6.592136025428771973e-01 4.968817532062530518e-01 9.405357241630554199e-01 1.155431151390075684e+00
-1.265089869499206543e+00 3.885304331779479980e-01 -9.493438005447387695e-01 6.399528384208679199e-01 -1.417371153831481934e+00 -5.714460611343383789e-01 -6.269398331642150879e-01 7.063438892364501953e-01
7.577560544013977051e-01 7.738746404647827148e-01 -8.131675720214843750e-01 -5.822769999504089355e-01 3.906586207449436188e-03 -1.564018726348876953e+00 6.618867516517639160e-01 -6.446695327758789062e-01
1.587607413530349731e-01 -1.834152340888977051e-01 8.289260864257812500e-01 3.387329578399658203e-01 -1.774027466773986816e+00 -3.168461322784423828e-01 5.833765864372253418e-01 1.258679151535034180e+00
-1.481404066085815430e+00 -3.308727443218231201e-01 -8.448784947395324707e-01 -4.217559099197387695e-01 -8.184880614280700684e-01 6.386901140213012695e-01 1.393455266952514648e+00 2.383597135543823242e+00
6.378035545349121094e-01 1.405038118362426758e+00 7.030519247055053711e-01 -1.476205945014953613e+00 -4.613111019134521484e-01 -1.139015033841133118e-01 -3.251074552536010742e-01 4.327112138271331787e-01
3.409565612673759460e-02 -1.134125232696533203e+00 -1.695091962814331055e+00 -1.659452676773071289e+00 1.014923810958862305e+00 -1.186245918273925781e+00 1.721661806106567383e+00 -5.070069432258605957e-01
4.469584822654724121e-01 1.189612507820129395e+00 -6.438112258911132812e-01 1.420057378709316254e-02 -6.242659091949462891e-01 3.947588801383972168e-01 1.161528587341308594e+00 1.124656081199645996e+00
2.238387346267700195e+00 -3.231376111507415771e-01 1.685516476631164551e+00 3.059320747852325439e-01 6.554775238037109375e-01 -1.012664675712585449e+00 -2.941691279411315918e-01 6.555536985397338867e-01
-2.239899873733520508e+00 -1.975080847740173340e+00 7.238660454750061035e-01 -9.431033730506896973e-01 -4.614832699298858643e-01 2.004278182983398438e+00 -1.182522654533386230e+00 6.292991042137145996e-01
-8.637621998786926270e-01 2.420367002487182617e-01 -8.840340971946716309e-01 2.559453010559082031e+00 9.056589603424072266e-01 -7.800307869911193848e-01 -8.480316996574401855e-01 2.214303970336914062e+00
-6.348129510879516602e-01 -1.733713895082473755e-01 -3.861637413501739502e-01 4.624767005443572998e-01 3.749436140060424805e-02 1.560309767723083496e+00 1.333086729049682617e+00 1.385918736457824707e+00
-2.909683287143707275e-01 6.541884690523147583e-02 2.052450329065322876e-01 -1.630801856517791748e-01 -8.708998560905456543e-01 7.964378595352172852e-01 1.642034500837326050e-01 1.361917138099670410e+00
-1.451482295989990234e+00 9.551348090171813965e-01 7.510325908660888672e-01 -2.234618961811065674e-01 8.310584425926208496e-01 -1.353070378303527832e+00 -6.820303797721862793e-01 9.813508987426757812e-01
1.015919223427772522e-01 8.559100627899169922e-01 4.651290476322174072e-01 3.635605573654174805e-01 5.618091225624084473e-01 -1.193915963172912598e+00 -4.457422494888305664e-01 2.467679977416992188e-01
-4.740669131278991699e-01 -5.209085941314697266e-01 -2.611175775527954102e-01 -1.634939074516296387e+00 -4.580154120922088623e-01 -1.163794547319412231e-01 4.000539779663085938e-01 -8.870287537574768066e-01
-3.784380853176116943e-01 9.759255051612854004e-01 -4.488732218742370605e-01 -2.278219699859619141e+00 7.804657220840454102e-01 -8.417776823043823242e-01 8.023022413253784180e-01 -5.454071164131164551e-01
7.350099086761474609e-01 -1.809340596199035645e+00 7.936265468597412109e-01 -3.360210657119750977e-01 -7.591302506625652313e-03 -1.532836079597473145e+00 1.132150530815124512e+00 -1.204642534255981445e+00
2.037218809127807617e-01 3.541895747184753418e-01 6.727665662765502930e-02 3.692243099212646484e-01 -1.453040599822998047e+00 1.382524490356445312e+00 1.009775042533874512e+00 4.110094606876373291e-01
-4.302960336208343506e-01 1.825201988220214844e+00 1.129425287246704102e+00 -7.043528556823730469e-01 -4.411411657929420471e-02 -3.862776160240173340e-01 5.255514383316040039e-01 8.226023614406585693e-02
2.898725569248199463e-01 -2.891706466674804688e+00 1.033258914947509766e+00 1.644843667745590210e-01 -3.420774936676025391e-01 8.805260658264160156e-01 2.597587704658508301e-01 -3.949500918388366699e-01
-2.125790715217590332e-01 -1.747981429100036621e+00 3.239730596542358398e-01 3.457692861557006836e-01 8.768098950386047363e-01 1.088609218597412109e+00 9.528987407684326172e-01 -5.698547884821891785e-02
-1.645264029502868652e+00 -1.691387891769409180e-01 6.427791714668273926e-01 -5.269502997398376465e-01 1.075470685958862305e+00 9.133051037788391113e-01 -6.431837081909179688e-01 -7.583879828453063965e-01
2.074754238128662109e+00 3.281602635979652405e-02 -7.472726106643676758e-01 2.397116899490356445e+00 -2.242053300142288208e-01 -1.267121315002441406e+00 1.224394202232360840e+00 -7.363367825746536255e-02
4.793021455407142639e-02 -8.099300861358642578e-01 -7.666811347007751465e-01 -5.187138319015502930e-01 -3.747965693473815918e-01 5.847486853599548340e-01 -3.171011209487915039e-01 -5.025354027748107910e-01
5.070815682411193848e-01 5.035261511802673340e-01 7.644711136817932129e-01 2.896397709846496582e-01 1.366921544075012207e+00 -2.256133794784545898e+00 -1.569155335426330566e+00 1.295050680637359619e-01
-3.034835159778594971e-01 -5.438967347145080566e-01 5.889370441436767578e-01 6.915461421012878418e-01 6.422266960144042969e-01 5.363093018531799316e-01 8.354161381721496582e-01 -1.710299491882324219e+00
1.013400316238403320e+00 5.174225568771362305e-02 3.406927585601806641e-01 1.745164155960083008e+00 -3.449424803256988525e-01 6.131744980812072754e-01 2.032794952392578125e+00 -6.813857555389404297e-01
6.702805869281291962e-03 5.855156779289245605e-01 1.379563093185424805e+00 2.831029593944549561e-01 1.554985046386718750e+00 -2.008765697479248047e+00 1.594040751457214355e+00 6.250863671302795410e-01
1.698515176773071289e+00 3.008744120597839355e-01 1.110765218734741211e+00 1.400982439517974854e-01 -4.250443726778030396e-02 -1.083546578884124756e-01 1.552083730697631836e+00 4.079968854784965515e-02
5.323234479874372482e-03 -1.449645161628723145e+00 -4.989301264286041260e-01 -6.585589051246643066e-01 -1.240041732788085938e+00 -5.841426849365234375e-01 -7.390293478965759277e-01 -1.016422033309936523e+00
-5.598727613687515259e-02 -1.194749176502227783e-01 -6.519588232040405273e-01 9.135990738868713379e-01 2.698032855987548828e-01 7.742495536804199219e-01 -7.226194441318511963e-02 -6.473075747489929199e-01
8.551148176193237305e-01 5.568080544471740723e-01 -3.918995261192321777e-01 2.645497322082519531e-01 9.451465010643005371e-01 -1.126642346382141113e+00 2.431184053421020508e-01 -7.258082032203674316e-01
-1.726848244667053223e+00 2.231870174407958984e+00 5.809996277093887329e-02 -4.063490033149719238e-01 -9.732056260108947754e-01 -3.010391891002655029e-01 -1.778071522712707520e+00 -6.909430623054504395e-01
5.775343775749206543e-01 3.953831791877746582e-01 9.648444056510925293e-01 -2.635383307933807373e-01 1.493508666753768921e-01 1.212921857833862305e+00 8.267185837030410767e-02 -2.010280825197696686e-02
-1.173521757125854492e+00 6.523349285125732422e-01 1.710804462432861328e+00 -1.646918892860412598e+00 -1.389077901840209961e-01 2.398328781127929688e-01 -4.182920753955841064e-01 4.684609174728393555e-01
9.402853250503540039e-02 8.367185592651367188e-01 -4.845030009746551514e-01 -1.126233577728271484e+00 2.143215984106063843e-01 -4.809342920780181885e-01 -1.488348245620727539e+00 1.786059617996215820e+00
-3.192789852619171143e-01 -1.124704599380493164e+00 -6.893432140350341797e-01 4.695321619510650635e-02 1.219805955886840820e+00 -3.372628092765808105e-01 -2.054477334022521973e-01 4.595060348510742188e-01
-2.161393314599990845e-01 7.496750950813293457e-01 4.980056881904602051e-01 4.164166748523712158e-01 -3.220351180061697960e-03 3.635904937982559204e-02 6.454138755798339844e-01 -1.180662989616394043e+00
-5.111055374145507812e-01 1.914328694343566895e+00 -7.309384346008300781e-01 -9.511123597621917725e-02 -1.522405743598937988e+00 -1.667828321456909180e+00 9.445328116416931152e-01 1.319975256919860840e+00
2.589235082268714905e-02 -4.892490208148956299e-01 -8.228272944688796997e-02 -1.399737037718296051e-02 4.070076048374176025e-01 -1.314933180809020996e+00 -3.685006201267242432e-01 -2.002129077911376953e+00
1.060889244079589844e+00 1.165002226829528809e+00 4.487363249063491821e-02 1.481720209121704102e+00 -9.102674722671508789e-01 1.524467319250106812e-01 -8.893769383430480957e-01 -1.492946982383728027e+00
-2.046948194503784180e+00 4.549593925476074219e-01 -1.329689741134643555e+00 1.809484064579010010e-01 -8.190310001373291016e-02 2.095068842172622681e-01 1.883035451173782349e-01 -4.941722154617309570e-01
-1.685548424720764160e-01 1.204063057899475098e+00 5.006776452064514160e-01 -2.548131048679351807e-01 1.113697648048400879e+00 -6.362323760986328125e-01 -1.235366702079772949e+00 -3.057265579700469971e-01
4.484903812408447266e-01 1.266306161880493164e+00 -1.493807315826416016e+00 -7.572555541992187500e-01 -7.026887536048889160e-01 -6.038334369659423828e-01 5.874916315078735352e-01 -2.660258300602436066e-02
3.377380669116973877e-01 8.811941146850585938e-01 4.896337985992431641e-01 -2.214069366455078125e+00 7.114616632461547852e-01 -1.410392284393310547e+00 1.123793721199035645e+00 9.516543149948120117e-02
2.023333907127380371e-01 6.780683994293212891e-02 9.040477275848388672e-01 -1.144863009452819824e+00 -2.336849868297576904e-01 -1.176999926567077637e+00 1.067482829093933105e+00 8.901307582855224609e-01
5.795652046799659729e-02 1.360246896743774414e+00 5.801407247781753540e-02 3.690288662910461426e-01 6.334573626518249512e-01 6.172732263803482056e-02 8.839462399482727051e-01 9.917734265327453613e-01
-6.058291196823120117e-01 -1.720343589782714844e+00 1.994062542915344238e+00 -8.636849373579025269e-02 3.113180100917816162e-01 -1.853366255760192871e+00 3.956019282341003418e-01 6.241375207901000977e-01
8.909466862678527832e-01 1.398054480552673340e+00 -2.407896667718887329e-01 -8.400569558143615723e-01 -6.003159880638122559e-01 5.018214583396911621e-01 -6.677079200744628906e-01 2.361595153808593750e+00
-6.156955361366271973e-01 -3.755470514297485352e-01 -1.081101775169372559e+00 8.281404525041580200e-02 1.079022765159606934e+00 1.339559912681579590e+00 -4.356876388192176819e-02 1.561017483472824097e-01
2.966525554656982422e-01 8.429152965545654297e-01 -1.874345391988754272e-01 -1.718631505966186523e+00 -3.587634302675724030e-03 2.065251171588897705e-01 5.512974858283996582e-01 3.787726461887359619e-01
9.803154468536376953e-01 -8.933400362730026245e-02 1.409440785646438599e-01 9.183102250099182129e-01 -8.429443240165710449e-01 -1.330941915512084961e+00 -1.229506850242614746e+00 1.590228319168090820e+00
-9.000781774520874023e-01 5.789018869400024414e-01 1.552718758583068848e+00 1.697689890861511230e+00 2.149377107620239258e+00 1.601062655448913574e+00 8.148202300071716309e-01 1.214265227317810059e+00
-2.654642581939697266e+00 5.828405022621154785e-01 4.438851773738861084e-01 -1.688212513923645020e+00 7.755716443061828613e-01 2.586161196231842041e-01 -8.965232968330383301e-01 -1.698015928268432617e+00
-4.769091308116912842e-01 1.737504601478576660e+00 9.898394346237182617e-01 6.134355068206787109e-01 -1.412304401397705078e+00 -3.841795027256011963e-01 -8.532837033271789551e-01 -2.979457080364227295e-01
7.508413791656494141e-01 -5.342348217964172363e-01 -9.088612794876098633e-01 -8.960567116737365723e-01 6.482852697372436523e-01 1.363735198974609375e+00 2.818864285945892334e-01 1.865922927856445312e+00
2.434952020645141602e+00 -1.146205142140388489e-01 -2.138364076614379883e+00 -6.324116885662078857e-02 -9.389599561691284180e-01 -5.780940651893615723e-01 1.846846461296081543e+00 -1.337080597877502441e-01
-1.617885828018188477e+00 3.406699299812316895e-01 1.334816962480545044e-01 3.787775635719299316e-01 7.230193614959716797e-01 -9.650065898895263672e-01 2.942553460597991943e-01 9.278758168220520020e-01
-1.804933428764343262e+00 -1.372659921646118164e+00 2.506520785391330719e-02 3.611057102680206299e-01 9.352958202362060547e-01 -9.664569497108459473e-01 -4.141403734683990479e-01 -2.925456464290618896e-01
6.509360074996948242e-01 -1.206976294517517090e+00 1.857776641845703125e+00 2.274884700775146484e+00 9.601346254348754883e-01 1.103861093521118164e+00 1.954397885128855705e-03 -1.264727234840393066e+00
-6.774232983589172363e-01 -2.131422907114028931e-01 -5.773042440414428711e-01 -1.504084444604814053e-03 -6.985181011259555817e-03 5.518135428428649902e-01 3.399098217487335205e-01 9.893835783004760742e-01
2.702928148210048676e-02 -8.343936204910278320e-01 -9.711571037769317627e-02 2.089432328939437866e-01 -2.591728925704956055e+00 5.080680251121520996e-01 -1.196218013763427734e+00 -3.584817945957183838e-01
-9.335034489631652832e-01 -7.046580910682678223e-01 -1.467822432518005371e+00 1.855015397071838379e+00 3.208628296852111816e-01 2.407004594802856445e+00 1.613773465156555176e+00 -8.909059166908264160e-01
