1.536685824394226074e+00
1.741658687591552734e+00
6.382682919502258301e-01
1.566777467727661133e+00
1.061316490173339844e+00
-1.357086896896362305e-01
-2.998673357069492340e-03
4.139683544635772705e-01
-6.981372833251953125e-02
8.759291470050811768e-02
-6.497213840484619141e-01
8.951280713081359863e-01
-6.230487823486328125e-01
-1.404705643653869629e+00
-6.547198891639709473e-01
4.666713476181030273e-01
1.154210209846496582e+00
-5.471162199974060059e-01
1.438480615615844727e-01
-2.652261592447757721e-02
4.409498572349548340e-01
-2.670287191867828369e-01
-8.970531821250915527e-01
-1.724758267402648926e+00
1.816778659820556641e+00
-5.608857870101928711e-01
1.512514233589172363e+00
-1.459911942481994629e+00
-2.741892933845520020e-01
7.468392848968505859e-01
1.002452492713928223e+00
-6.312444061040878296e-02
1.902289152145385742e+00
6.709212064743041992e-01
6.969621181488037109e-01
3.785365223884582520e-01
1.049362540245056152e+00
-5.495336055755615234e-01
3.725811243057250977e-01
-4.531855881214141846e-01
4.030217528343200684e-01
-8.214440196752548218e-02
9.771512746810913086e-01
8.626082539558410645e-01
-1.448649764060974121e+00
-1.910908699035644531e+00
2.865643501281738281e-01
-1.063154917210340500e-02
-1.823104731738567352e-02
-5.097246766090393066e-01
5.344957113265991211e-01
1.197127938270568848e+00
2.282878458499908447e-01
7.087684273719787598e-01
8.036991953849792480e-01
-2.538429260253906250e+00
-1.383780360221862793e+00
2.880741953849792480e-01
1.336770653724670410e+00
-5.329722166061401367e-01
-2.000496149063110352e+00
7.660218477249145508e-01
-3.509303927421569824e-02
2.044367790222167969e+00
-2.773229777812957764e-01
-1.661676764488220215e+00
1.106497645378112793e-01
-9.882258176803588867e-01
3.889479637145996094e-01
-1.546147614717483521e-01
-9.889574646949768066e-01
6.880264878273010254e-01
2.516286671161651611e-01
-2.681267559528350830e-01
-3.004220724105834961e-01
-2.270898818969726562e-01
-7.411899566650390625e-01
6.456844210624694824e-01
1.844528555870056152e+00
-1.249952912330627441e-01
1.876427084207534790e-01
-1.358823776245117188e+00
-3.787683248519897461e-01
-1.759515404701232910e-01
-2.527910470962524414e+00
1.004058480262756348e+00
6.704654693603515625e-01
8.491472601890563965e-01
8.574823737144470215e-01
3.060224354267120361e-01
1.050197780132293701e-01
3.380274474620819092e-01
3.767083644866943359e+00
-1.291594468057155609e-02
-4.476862251758575439e-01
1.171293139457702637e+00
2.110256254673004150e-01
-2.041268795728683472e-01
-1.077326655387878418e+00
1.252722620964050293e+00
-3.322808444499969482e-01
-8.931413292884826660e-01
-1.039682269096374512e+00
2.572845220565795898e-01
-4.081350862979888916e-01
4.402083158493041992e-01
-1.721773028373718262e+00
3.380209207534790039e-01
3.360747098922729492e-01
-1.610641360282897949e+00
1.259143203496932983e-01
-2.050601005554199219e+00
1.370030045509338379e-01
6.241577863693237305e-01
-1.488328933715820312e+00
3.696462213993072510e-01
1.366648554801940918e+00
2.935242056846618652e-01
1.184956550598144531e+00
-7.946708798408508301e-01
-3.926073014736175537e-01
1.333058595657348633e+00
5.641913041472434998e-02
3.760060966014862061e-01
-1.577067494392395020e+00
5.500476956367492676e-01
7.821680903434753418e-01
-3.975082933902740479e-01
8.688143491744995117e-01
3.361316770315170288e-02
-9.118778258562088013e-02
-5.280356407165527344e-01
-4.690105020999908447e-01
4.704497754573822021e-01
1.237315654754638672e+00
3.728015581145882607e-03
1.852603554725646973e+00
1.888685822486877441e-01
7.737313508987426758e-01
-3.941021859645843506e-01
-4.333381056785583496e-01
1.213981509208679199e+00
-1.392056345939636230e+00
2.579304575920104980e-01
-1.013714790344238281e+00
5.416862368583679199e-01
8.224384188652038574e-01
-3.192069828510284424e-01
1.330929756164550781e+00
5.899159982800483704e-02
2.528350055217742920e-01
1.041387021541595459e-01
4.968397915363311768e-01
1.947261244058609009e-01
-5.602694153785705566e-01
-3.512506186962127686e-01
-1.381239742040634155e-01
3.507362008094787598e-01
8.460069298744201660e-01
2.579383850097656250e-01
8.848049640655517578e-01
5.086195468902587891e-01
-9.535875916481018066e-01
-8.526160120964050293e-01
1.266141682863235474e-01
-2.028987646102905273e+00
-2.390797138214111328e+00
1.528861403465270996e+00
-1.214962244033813477e+00
2.115899175405502319e-01
2.899171411991119385e-01
-6.516324281692504883e-01
-9.488199353218078613e-01
-5.203681588172912598e-01
-1.252663135528564453e+00
2.799417972564697266e-01
-1.711279273033142090e+00
5.013022422790527344e-01
1.702533960342407227e+00
-3.774673044681549072e-01
7.282733917236328125e-01
-1.273339867591857910e+00
-1.841590851545333862e-01
3.445185422897338867e-01
-1.591580748558044434e+00
1.210761815309524536e-01
2.306276410818099976e-01
-4.265997409820556641e-01
-1.627395600080490112e-01
-1.866117000579833984e+00
-5.236913561820983887e-01
-1.213897243142127991e-01
8.068822622299194336e-01
9.932303428649902344e-01
-5.351513624191284180e-01
5.023826956748962402e-01
5.306647419929504395e-01
1.022622585296630859e+00
2.162318974733352661e-01
-5.871232748031616211e-01
-5.519126653671264648e-01
4.377452433109283447e-01
-1.397867441177368164e+00
-1.149008035659790039e+00
2.227806448936462402e-01
-3.669853806495666504e-01
3.193953931331634521e-01
-7.364694029092788696e-02
4.091964066028594971e-01
1.380545854568481445e+00
4.219397604465484619e-01
-1.150449156761169434e+00
1.175059437751770020e+00
-1.307430624961853027e+00
-8.738165497779846191e-01
-2.517410516738891602e+00
1.122341156005859375e+00
-6.085200309753417969e-01
9.799128174781799316e-01
-9.191004633903503418e-01
-1.422398447990417480e+00
-1.590685009956359863e+00
1.832568526268005371e+00
1.311367154121398926e+00
-6.330395936965942383e-01
-3.215529024600982666e-01
1.468786835670471191e+00
1.073219299316406250e+00
-2.114714980125427246e-01
1.405863404273986816e+00
6.205407381057739258e-01
1.137180328369140625e+00
-1.365261077880859375e-01
2.228975743055343628e-01
3.696343004703521729e-01
1.152926087379455566e+00
2.242057174444198608e-01
1.144701004028320312e+00
-8.754738420248031616e-02
-8.301962018013000488e-01
-1.646337747573852539e+00
8.068581223487854004e-01
1.290996819734573364e-01
-6.894270777702331543e-01
-7.844115495681762695e-01
-1.293268561363220215e+00
-1.145612895488739014e-01
7.676669359207153320e-01
-3.842681050300598145e-01
2.484998852014541626e-01
7.950595021247863770e-01
7.982167601585388184e-01
-2.127314358949661255e-01
1.677245199680328369e-01
-9.824154973030090332e-01
2.317690849304199219e+00
1.242055773735046387e+00
-6.329526305198669434e-01
3.364567458629608154e-01
-9.931697845458984375e-01
1.560892224311828613e+00
2.278165370225906372e-01
4.632167518138885498e-01
-1.736341118812561035e+00
-1.569729447364807129e+00
7.801595330238342285e-01
1.203120708465576172e+00
-1.988240480422973633e+00
7.969509363174438477e-01
3.956493735313415527e-01
9.062207341194152832e-01
6.151099205017089844e-01
1.329885721206665039e-01
-1.211773395538330078e+00
-3.782003223896026611e-01
-9.238046407699584961e-01
4.470974802970886230e-01
9.050881266593933105e-01
-1.164371848106384277e+00
2.269352972507476807e-01
-2.157713323831558228e-01
1.428168773651123047e+00
8.066819608211517334e-02
-4.187813699245452881e-01
-1.050319746136665344e-01
-1.225501298904418945e+00
6.498087644577026367e-01
-9.672175645828247070e-01
-3.117756605148315430e+00
-2.345527410507202148e+00
2.398470342159271240e-01
1.799029707908630371e+00
1.534354925155639648e+00
-2.658814430236816406e+00
1.313542366027832031e+00
-3.213742673397064209e-01
1.207516193389892578e+00
2.849492132663726807e-01
-6.074872612953186035e-01
-5.514314025640487671e-02
