3.008002936840057373e-01
9.759289622306823730e-01
1.246171146631240845e-01
4.671322405338287354e-01
1.204986274242401123e-01
4.283954799175262451e-01
1.669668674468994141e+00
-2.190047875046730042e-02
6.173177361488342285e-01
6.817293167114257812e-01
2.780050039291381836e+00
-7.207510471343994141e-01
7.136110663414001465e-01
-1.312068998813629150e-01
1.710325837135314941e+00
-1.735502839088439941e+00
-1.765064001083374023e-01
-6.031416058540344238e-01
9.583209753036499023e-01
-1.044999361038208008e+00
-6.694216132164001465e-01
-1.835970044136047363e+00
-2.077074348926544189e-01
1.168279722332954407e-01
-1.019027233123779297e+00
-2.055892497301101685e-01
-1.445455074310302734e+00
5.522893741726875305e-02
-6.757536530494689941e-01
1.675232172012329102e+00
-9.414947032928466797e-01
1.946864247322082520e+00
1.164240121841430664e+00
2.565578222274780273e-01
-1.665253520011901855e+00
2.749078162014484406e-02
-4.623564779758453369e-01
-1.055583357810974121e-01
-7.041748762130737305e-01
-1.045653700828552246e+00
-1.851475238800048828e+00
1.691419363021850586e+00
-7.462948560714721680e-01
1.275805950164794922e+00
3.046336174011230469e-01
1.797592997550964355e+00
1.820930838584899902e+00
-8.394806832075119019e-02
-1.562303155660629272e-01
3.544474244117736816e-01
4.761204719543457031e-01
-4.712033551186323166e-03
-8.956952095031738281e-01
6.623492240905761719e-01
-1.133853673934936523e+00
-5.307668447494506836e-01
8.061668872833251953e-01
-6.653848290443420410e-01
2.277492433786392212e-01
6.988921761512756348e-01
-1.004688143730163574e-01
1.937113404273986816e-01
-1.045674920082092285e+00
-4.867631494998931885e-01
1.842699170112609863e+00
1.117219448089599609e+00
8.017025589942932129e-01
4.504984319210052490e-01
-6.040092185139656067e-02
1.181311488151550293e+00
1.819341897964477539e+00
5.159772634506225586e-01
3.072327375411987305e-01
-3.217502534389495850e-01
7.378219366073608398e-01
-4.736836254596710205e-01
-9.123660326004028320e-01
8.508799076080322266e-01
-7.469469904899597168e-01
-1.208158612251281738e+00
8.485551476478576660e-01
-1.890794277191162109e+00
-6.866323351860046387e-01
-2.441328525543212891e+00
-2.753718495368957520e-01
-5.964260101318359375e-01
1.316236495971679688e+00
9.544255137443542480e-01
1.848482131958007812e+00
2.466301321983337402e-01
1.732788562774658203e+00
5.327107384800910950e-02
7.176622748374938965e-02
5.748828649520874023e-01
9.445400536060333252e-02
1.142898678779602051e+00
3.305569887161254883e-01
9.821188449859619141e-02
-4.939464628696441650e-01
-5.400842428207397461e-01
-1.823398321866989136e-01
-8.162108861142769456e-05
-3.853015601634979248e-01
-1.000050067901611328e+00
-4.889025092124938965e-01
7.859715223312377930e-01
-1.241301652044057846e-02
2.573592662811279297e-01
-1.157101154327392578e+00
-1.887779235839843750e+00
2.965046763420104980e-01
1.646837890148162842e-01
-1.155554771423339844e+00
-9.541121125221252441e-01
-2.160271406173706055e+00
1.028283476829528809e+00
2.805484235286712646e-01
-1.674752384424209595e-01
-1.520255506038665771e-01
-4.342804849147796631e-01
7.742860913276672363e-01
-1.331120491027832031e+00
1.001088857650756836e+00
-7.999458909034729004e-01
-9.066089391708374023e-01
-9.575698971748352051e-01
-1.533447027206420898e+00
1.892941072583198547e-02
1.334929585456848145e+00
-1.925638169050216675e-01
1.720891892910003662e-01
1.565284252166748047e+00
-1.592805534601211548e-01
1.295877575874328613e+00
-4.045466184616088867e-01
-2.989904880523681641e-01
8.821246027946472168e-01
2.277316749095916748e-01
-1.245142668485641479e-01
-1.000035643577575684e+00
2.250538915395736694e-01
4.923645034432411194e-02
8.340722322463989258e-01
7.989743947982788086e-01
-1.618898868560791016e+00
-1.303862690925598145e+00
1.805437684059143066e+00
1.925549149513244629e+00
-7.680950760841369629e-01
-6.186197400093078613e-01
-7.110766768455505371e-01
8.977357149124145508e-01
1.117453098297119141e+00
9.420875310897827148e-01
-1.928697824478149414e+00
-2.580949366092681885e-01
3.253183364868164062e-01
1.734368652105331421e-01
2.533324062824249268e-01
-1.342357993125915527e+00
7.553465366363525391e-01
6.970261931419372559e-01
-6.069712042808532715e-01
2.676741182804107666e-01
-3.176378011703491211e-01
-1.796961069107055664e+00
-8.337280154228210449e-01
1.656620264053344727e+00
-7.549311518669128418e-01
2.193427532911300659e-01
2.025411844253540039e+00
-3.600336909294128418e-01
-1.283183574676513672e+00
-1.741512537002563477e+00
7.400882244110107422e-01
3.250766396522521973e-01
7.502211928367614746e-01
-1.617042571306228638e-01
4.732190072536468506e-01
-2.031865358352661133e+00
6.398878693580627441e-01
1.592252016067504883e+00
9.615752100944519043e-01
-6.167800426483154297e-01
9.590174555778503418e-01
1.201841831207275391e-01
4.065129756927490234e-01
2.119167804718017578e+00
1.530923366546630859e+00
-5.617695450782775879e-01
-1.305129408836364746e+00
-1.423724532127380371e+00
9.378590434789657593e-02
-1.029387950897216797e+00
-1.271069645881652832e+00
-2.869741916656494141e-01
-1.175107598304748535e+00
6.114445924758911133e-01
-8.394112586975097656e-01
-7.319537401199340820e-01
8.992286324501037598e-01
1.027725219726562500e+00
-1.402858972549438477e+00
-1.044234514236450195e+00
-1.440258741378784180e+00
7.322165966033935547e-01
9.338526129722595215e-01
-2.379961870610713959e-02
-5.708089470863342285e-01
4.835118055343627930e-01
-1.803662419319152832e+00
9.719997644424438477e-01
-4.791271388530731201e-01
1.359925031661987305e+00
2.248499393463134766e+00
-7.131071090698242188e-01
-7.269276380538940430e-01
1.496156573295593262e+00
1.019016027450561523e+00
-1.043624520301818848e+00
2.400309562683105469e+00
-8.184028863906860352e-01
-1.125987648963928223e+00
-7.636278867721557617e-01
6.768079996109008789e-01
1.514461729675531387e-02
-5.093998312950134277e-01
7.395579814910888672e-01
1.139516353607177734e+00
4.167906194925308228e-02
1.500271081924438477e+00
5.496162772178649902e-01
4.836328923702239990e-01
-3.758593201637268066e-01
1.661131381988525391e+00
2.296248972415924072e-01
-1.248072266578674316e+00
5.655132532119750977e-01
1.425723671913146973e+00
1.081779003143310547e+00
-1.212544679641723633e+00
-4.246444702148437500e-01
1.081993937492370605e+00
-2.858249545097351074e-01
-2.303796261548995972e-01
-5.708613991737365723e-01
1.105499744415283203e+00
8.572475314140319824e-01
-5.128846168518066406e-01
1.885261416435241699e+00
-2.755680978298187256e-01
-5.428872108459472656e-01
5.744665265083312988e-01
-1.351935744285583496e+00
1.207165196537971497e-01
7.890714704990386963e-02
3.536904156208038330e-01
-8.791464567184448242e-01
8.751927018165588379e-01
3.001778125762939453e+00
-1.180836558341979980e+00
-2.076884269714355469e+00
-9.485569596290588379e-01
-4.290541112422943115e-01
-1.816561937332153320e+00
1.430637538433074951e-01
1.835869908332824707e+00
-1.505638957023620605e-01
5.166458338499069214e-02
-2.069210290908813477e+00
-2.261420965194702148e+00
-1.059901475906372070e+00
1.733377695083618164e+00
-4.955852925777435303e-01
2.111046314239501953e+00
6.931686401367187500e-01
-2.777970731258392334e-01
1.366670608520507812e+00
3.615835011005401611e-01
-1.638307332992553711e+00
-9.278883934020996094e-01
-4.944365918636322021e-01
4.674052596092224121e-01
-3.148311078548431396e-01
-1.498097419738769531e+00
8.542999029159545898e-01
6.535788774490356445e-01
3.295875191688537598e-01
-3.139318823814392090e-01
3.393248021602630615e-01
-1.268105745315551758e+00
2.069769799709320068e-02
4.471315443515777588e-01
6.365195661783218384e-02
-8.152472227811813354e-02
1.667008697986602783e-01
-6.145300269126892090e-01
-1.701669454574584961e+00
-3.756321966648101807e-01
2.589229308068752289e-02
-3.151660040020942688e-02
-1.025010585784912109e+00
3.742813169956207275e-01
-1.398169755935668945e+00
-1.989783763885498047e+00
4.104659855365753174e-01
-7.043191194534301758e-01
1.389818310737609863e+00
-2.263682931661605835e-01
8.729088902473449707e-01
1.043747067451477051e+00
1.182552218437194824e+00
-2.073393106460571289e+00
-6.301186680793762207e-01
-1.167452812194824219e+00
8.477236032485961914e-01
-4.177249372005462646e-01
-1.024244785308837891e+00
-3.236191272735595703e-01
1.035706281661987305e+00
1.671811223030090332e+00
-1.812475025653839111e-01
-1.019428014755249023e+00
2.723477035760879517e-02
2.357183694839477539e-01
1.647252678871154785e+00
3.057192265987396240e-01
-1.790482401847839355e-01
5.234375000000000000e-01
-8.885561227798461914e-01
-2.348983138799667358e-01
-1.555162787437438965e+00
6.001027822494506836e-01
-3.644463121891021729e-01
-1.124567627906799316e+00
1.872346699237823486e-01
-4.524370431900024414e-01
2.288047790527343750e+00
-6.312802433967590332e-01
-1.968271136283874512e+00
8.300597071647644043e-01
1.384031414985656738e+00
1.846146821975708008e+00
-4.810775816440582275e-01
-2.453543692827224731e-01
-1.014073133468627930e+00
2.194959878921508789e+00
2.572227418422698975e-01
5.620892047882080078e-01
-8.216645568609237671e-02
1.199152350425720215e+00
7.763693928718566895e-01
6.726069450378417969e-01
1.029616594314575195e+00
-4.353610873222351074e-01
8.053935766220092773e-01
-5.797261595726013184e-01
-1.247084606438875198e-02
-4.704432487487792969e-01
-1.931669116020202637e-01
-9.901381731033325195e-01
-1.982178688049316406e+00
-1.208994612097740173e-01
-1.836434721946716309e+00
-2.517179489135742188e+00
2.330106258392333984e+00
-7.229679226875305176e-01
-3.927619457244873047e-01
-2.699668705463409424e-02
5.868304371833801270e-01
3.120991289615631104e-01
1.519305348396301270e+00
3.936552405357360840e-01
6.480836868286132812e-01
-3.703850209712982178e-01
-1.004821062088012695e+00
-8.557217121124267578e-01
7.616357877850532532e-03
1.136851236224174500e-01
-1.430771350860595703e-01
4.598444700241088867e-02
-4.353975951671600342e-01
1.034894824028015137e+00
6.846244931221008301e-01
2.020660161972045898e+00
-1.175161957740783691e+00
2.386242449283599854e-01
-1.156329587101936340e-01
-7.911568880081176758e-01
-5.063571929931640625e-01
-2.234673500061035156e+00
9.936726689338684082e-01
-6.439113020896911621e-01
-1.222687721252441406e+00
1.994205266237258911e-01
-7.788180112838745117e-01
1.455181598663330078e+00
-8.902253210544586182e-02
-1.097865328192710876e-01
2.133139371871948242e+00
