2.745558694005012512e-02
5.604996085166931152e-01
5.714622735977172852e-01
-6.811026930809020996e-01
-2.428036332130432129e-01
-9.119672904489561915e-05
4.489287137985229492e-01
3.586523234844207764e-01
-9.304149746894836426e-01
-8.420446515083312988e-01
-1.051860749721527100e-01
8.134021759033203125e-01
-9.573652744293212891e-01
9.511058926582336426e-01
6.916984170675277710e-02
4.655615091323852539e-01
1.007049605250358582e-01
-1.180910587310791016e+00
7.021276354789733887e-01
-2.334532588720321655e-01
1.377128005027770996e+00
3.115370310842990875e-02
1.519913434982299805e+00
1.756599694490432739e-01
-3.312256634235382080e-01
-9.100561738014221191e-01
1.881965845823287964e-01
1.244808435440063477e+00
8.434945344924926758e-01
-1.827666640281677246e+00
-6.244609355926513672e-01
-7.319581508636474609e-01
-1.194672703742980957e+00
-1.388618588447570801e+00
6.057661175727844238e-01
-2.305255174636840820e+00
2.125206217169761658e-02
-5.896273069083690643e-03
-2.685335278511047363e-01
-1.737161397933959961e+00
2.744234204292297363e-01
-4.110543429851531982e-01
1.223284006118774414e-01
-7.636467218399047852e-01
1.471361517906188965e+00
3.874079287052154541e-01
1.324580758810043335e-01
2.248219549655914307e-01
-7.150633335113525391e-01
-6.650800257921218872e-02
6.277424097061157227e-01
9.814485907554626465e-01
-3.942863047122955322e-01
1.640635728836059570e-01
1.201016977429389954e-01
-4.975249767303466797e-01
-5.060243606567382812e-01
-7.107918858528137207e-01
-1.537543773651123047e+00
4.109526872634887695e-01
-1.350663900375366211e+00
-1.341280698776245117e+00
-9.268619120121002197e-02
3.362737298011779785e-01
-8.282825350761413574e-01
-1.460048079490661621e+00
-2.271361500024795532e-01
-2.015301287174224854e-01
-8.775628805160522461e-01
-1.349411845207214355e+00
2.681741118431091309e-01
5.624229311943054199e-01
6.578036546707153320e-01
-9.255388379096984863e-01
-8.267703056335449219e-01
-2.167104482650756836e+00
6.354451775550842285e-01
-6.098443865776062012e-01
8.581894040107727051e-01
-2.368320226669311523e+00
-4.681519865989685059e-01
-7.489191293716430664e-01
3.669806420803070068e-01
3.444533944129943848e-01
3.494893014430999756e-01
1.849498599767684937e-01
-2.136429995298385620e-01
-5.913139581680297852e-01
1.577893376350402832e+00
-1.656117796897888184e+00
1.241374135017395020e+00
-1.737245798110961914e+00
-7.326395511627197266e-01
2.094325572252273560e-01
-1.620972878299653530e-03
3.029220402240753174e-01
2.026149988174438477e+00
-2.754535973072052002e-01
-2.168547391891479492e+00
-1.982958614826202393e-01
-1.278765797615051270e+00
8.062980175018310547e-01
-1.773793578147888184e+00
-2.400296330451965332e-01
1.621600389480590820e+00
1.795129291713237762e-02
-6.416977047920227051e-01
2.242522001266479492e+00
6.766486763954162598e-01
-1.476498484611511230e+00
1.547873497009277344e+00
1.187192559242248535e+00
1.204973697662353516e+00
1.846796423196792603e-01
2.669764757156372070e-01
-1.637062788009643555e+00
1.642006516456604004e+00
9.503506422042846680e-01
-3.572342097759246826e-01
2.028665840625762939e-01
-1.401285886764526367e+00
3.269144892692565918e-01
-2.057333707809448242e+00
7.500022649765014648e-01
-7.611979842185974121e-01
-1.211760401725769043e+00
9.192113280296325684e-01
4.982184171676635742e-01
1.223473072052001953e+00
7.993113398551940918e-01
7.828029990196228027e-02
3.224640190601348877e-01
-2.062509775161743164e+00
-9.154561161994934082e-01
-1.324321031570434570e-01
4.113022089004516602e-01
-2.577220462262630463e-02
-4.947922527790069580e-01
1.133081555366516113e+00
-1.544036507606506348e+00
6.083932891488075256e-02
1.148098826408386230e+00
5.434273481369018555e-01
1.520573496818542480e+00
-5.530418753623962402e-01
-1.522715240716934204e-01
-1.297348976135253906e+00
1.509933233261108398e+00
-7.016012072563171387e-01
-3.119135461747646332e-02
-1.799630522727966309e+00
-3.427992165088653564e-01
6.423140764236450195e-01
-2.175086736679077148e+00
3.878026008605957031e-01
1.133856296539306641e+00
-1.039527297019958496e+00
-8.265820741653442383e-01
-1.023000359535217285e+00
-2.286816835403442383e-01
-1.829004883766174316e+00
1.869062662124633789e+00
1.031250596046447754e+00
5.990371704101562500e-01
9.585117697715759277e-01
1.120100975036621094e+00
3.704867660999298096e-01
-1.264376521110534668e+00
-5.865682959556579590e-01
-2.704498171806335449e-01
-7.239011116325855255e-03
1.600491404533386230e-01
8.213739395141601562e-01
1.243968009948730469e+00
-1.161353111267089844e+00
-3.133976757526397705e-01
-9.079586863517761230e-01
8.646991252899169922e-01
-3.224282264709472656e-01
1.615010619163513184e+00
-5.543928146362304688e-01
-4.146643579006195068e-01
-1.441339552402496338e-01
-2.166981995105743408e-01
-2.623109817504882812e+00
-8.715888857841491699e-01
1.197823762893676758e+00
3.853852748870849609e-01
3.736927807331085205e-01
-1.553849339485168457e+00
-1.302666306495666504e+00
2.728303968906402588e-01
-1.396952271461486816e+00
-2.654289603233337402e-01
-6.213812828063964844e-01
-1.400005698204040527e+00
-1.084211349487304688e+00
-1.545159816741943359e+00
-1.151178240776062012e+00
-5.388006567955017090e-01
1.120263576507568359e+00
-4.811764061450958252e-01
-9.199020862579345703e-01
1.589630991220474243e-01
3.154057860374450684e-01
1.282406330108642578e+00
1.167183756828308105e+00
-9.281015992164611816e-01
-9.814973175525665283e-02
-1.126013278961181641e+00
-1.946030557155609131e-01
5.863342285156250000e-01
1.246774494647979736e-01
-4.258550107479095459e-01
3.645621240139007568e-01
-6.232275366783142090e-01
-1.752269864082336426e+00
-1.374586462974548340e+00
2.156600713729858398e+00
-2.609102487564086914e+00
1.204409599304199219e+00
-1.031588196754455566e+00
4.375849664211273193e-01
-1.835240721702575684e+00
1.591907620429992676e+00
7.459298372268676758e-01
-1.676552593708038330e-01
-2.670138776302337646e-01
1.025409340858459473e+00
-1.972544640302658081e-01
6.542418003082275391e-01
-1.029669523239135742e+00
8.035053610801696777e-01
1.400763988494873047e-01
1.453062534332275391e+00
2.505862474441528320e+00
-1.230630636215209961e+00
1.503649950027465820e+00
-4.955781400203704834e-01
3.716471493244171143e-01
-7.305857539176940918e-01
-4.327427744865417480e-01
2.058017969131469727e+00
2.000739812850952148e+00
-7.260868549346923828e-01
-4.425197839736938477e-01
8.972504138946533203e-01
-8.556148409843444824e-01
7.065160870552062988e-01
-5.067041516304016113e-01
5.538775324821472168e-01
1.340752118267118931e-03
-1.158776164054870605e+00
-2.080593585968017578e+00
3.573540449142456055e-01
-1.378209352493286133e+00
-1.166234731674194336e+00
-1.079453229904174805e+00
-3.829662799835205078e-01
-9.928214550018310547e-02
-4.638509750366210938e-01
-1.728117227554321289e+00
3.105789655819535255e-04
-3.747551143169403076e-01
-1.537787556648254395e+00
-1.405926108360290527e+00
-1.012888312339782715e+00
-5.540785193443298340e-01
1.485414266586303711e+00
1.792801380157470703e+00
-1.569431185722351074e+00
1.017125964164733887e+00
1.911209970712661743e-01
1.076539278030395508e+00
-1.325343996286392212e-01
1.922602057456970215e+00
4.390041828155517578e-01
1.222641825675964355e+00
-4.526014924049377441e-01
6.317180395126342773e-01
-6.536909937858581543e-01
8.087311983108520508e-01
1.170304715633392334e-01
5.719602108001708984e-01
-3.681153953075408936e-01
2.865596115589141846e-01
7.406336665153503418e-01
-7.788473367691040039e-01
8.825446367263793945e-01
1.089985013008117676e+00
-5.120888352394104004e-01
-1.164388418197631836e+00
-1.228250026702880859e+00
-1.401143223047256470e-01
2.522987425327301025e-01
-2.378399521112442017e-01
8.100000023841857910e-01
-9.912633895874023438e-01
4.869338870048522949e-01
1.570206999778747559e+00
7.264828085899353027e-01
-2.292176708579063416e-02
-1.719702601432800293e+00
6.398403048515319824e-01
-5.703334808349609375e-01
-1.590204358100891113e+00
-1.352376490831375122e-01
1.511931657791137695e+00
-1.681434154510498047e+00
-1.049001574516296387e+00
6.406869292259216309e-01
-5.297651886940002441e-01
1.470388174057006836e+00
-1.122107505798339844e+00
3.562458455562591553e-01
6.513427011668682098e-03
6.569227576255798340e-01
-1.165866255760192871e+00
-6.309580802917480469e-01
-1.323507905006408691e+00
5.460914373397827148e-01
8.649358153343200684e-01
-4.349817521870136261e-03
1.178875923156738281e+00
5.828909873962402344e-01
-1.424603104591369629e+00
-1.221054196357727051e-01
4.158798456192016602e-01
6.789369136095046997e-02
3.698553889989852905e-02
2.374621868133544922e+00
-1.387612700462341309e+00
4.893209934234619141e-01
-1.839568018913269043e+00
-2.976827621459960938e-01
-1.112502574920654297e+00
-1.110959410667419434e+00
-2.066857576370239258e+00
1.552671074867248535e+00
-5.935036540031433105e-01
-1.449882388114929199e+00
2.360306382179260254e-01
-1.005119442939758301e+00
9.823176264762878418e-01
-1.005390405654907227e+00
-3.048354089260101318e-01
-1.810137927532196045e-01
-8.158900737762451172e-01
4.190706312656402588e-01
-1.269638776779174805e+00
9.754565358161926270e-01
-6.241345405578613281e-01
-1.090378046035766602e+00
1.504101455211639404e-01
5.348166227340698242e-01
2.911920845508575439e-01
-1.078642249107360840e+00
-1.664722800254821777e+00
1.300241589546203613e+00
-6.635999083518981934e-01
8.988789319992065430e-01
-2.216945409774780273e+00
-3.520785272121429443e-01
2.674762904644012451e-01
-9.185112714767456055e-01
1.544850468635559082e-01
5.238187909126281738e-01
-6.260133385658264160e-01
-5.813124775886535645e-01
4.822932481765747070e-01
-1.560682773590087891e+00
-9.396786093711853027e-01
-8.480350375175476074e-01
1.038740754127502441e+00
8.475465178489685059e-01
4.176934063434600830e-01
-1.288213610649108887e+00
6.582251787185668945e-01
-7.863577008247375488e-01
-1.672248542308807373e-01
-1.201382994651794434e+00
2.989954054355621338e-01
-1.266457796096801758e+00
-8.028240203857421875e-01
6.451313495635986328e-01
1.491053581237792969e+00
8.957063555717468262e-01
8.208903074264526367e-01
-3.901757895946502686e-01
-5.391860008239746094e-01
-1.463537812232971191e+00
-8.214978575706481934e-01
1.151748657226562500e+00
1.941796839237213135e-01
1.338140249252319336e+00
-1.180708169937133789e+00
4.092555642127990723e-01
-5.119444727897644043e-01
-1.720017194747924805e+00
1.433315396308898926e+00
