8.579130172729492188e-01
4.658964574337005615e-01
-1.682446718215942383e+00
-6.237830519676208496e-01
7.721373438835144043e-01
-7.710624933242797852e-01
9.308696389198303223e-01
-2.691598236560821533e-01
-2.016769647598266602e-01
4.772050380706787109e-01
9.733716249465942383e-01
-3.295895755290985107e-01
1.204286575317382812e+00
6.840806454420089722e-02
4.792733192443847656e-01
5.388507843017578125e-01
-4.342865049839019775e-01
2.926070243120193481e-02
4.204969108104705811e-02
4.664146006107330322e-01
6.706804037094116211e-01
1.715448260307312012e+00
6.236783862113952637e-01
1.013370156288146973e+00
5.945733785629272461e-01
5.178796052932739258e-01
-1.791001111268997192e-01
4.435598850250244141e-01
-1.137002110481262207e+00
-1.499160289764404297e+00
-4.128266274929046631e-01
9.952245652675628662e-02
1.894121527671813965e+00
2.048214673995971680e+00
-6.946130394935607910e-01
1.210202574729919434e+00
-4.838113486766815186e-01
-1.489743471145629883e+00
-2.517015673220157623e-02
9.839072227478027344e-01
-4.145356118679046631e-01
1.507472753524780273e+00
6.105459332466125488e-01
-5.180933475494384766e-01
1.005870223045349121e+00
2.319223135709762573e-01
3.597093224525451660e-01
-4.794702529907226562e-01
-1.794377714395523071e-01
1.324641108512878418e+00
7.618489265441894531e-01
1.228598356246948242e+00
-1.314722597599029541e-01
6.035677194595336914e-01
-6.854425668716430664e-01
1.946509122848510742e+00
1.822535246610641479e-01
-9.948969483375549316e-01
-9.268447160720825195e-01
-2.733888328075408936e-01
1.854926705360412598e+00
1.622900813817977905e-01
-4.956744611263275146e-01
-4.385350644588470459e-01
-3.206244707107543945e-01
1.400947451591491699e+00
-9.890493154525756836e-01
-1.816361904144287109e+00
-1.419208288192749023e+00
2.903534770011901855e-01
-1.083209037780761719e+00
2.063601016998291016e+00
-1.816459298133850098e-01
-1.345313191413879395e+00
8.434727191925048828e-01
-5.094410181045532227e-01
-7.659780383110046387e-01
-3.853134810924530029e-01
-1.442521333694458008e+00
8.290586471557617188e-01
4.709441065788269043e-01
-1.032951593399047852e+00
-2.794773340225219727e+00
2.862980365753173828e-01
1.176658511161804199e+00
-4.563454091548919678e-01
-1.151363402605056763e-01
5.019451975822448730e-01
1.541333198547363281e+00
1.016597032546997070e+00
5.634689331054687500e-01
-1.118307948112487793e+00
-3.441169559955596924e-01
-3.959309756755828857e-01
-3.398658037185668945e-01
6.325139999389648438e-01
9.772827625274658203e-01
5.620534420013427734e-01
1.416539549827575684e+00
-1.959605067968368530e-01
-7.733788490295410156e-01
-5.579372644424438477e-01
-1.085126519203186035e+00
-1.631243228912353516e+00
1.729420423507690430e+00
-5.673969388008117676e-01
-1.655704855918884277e+00
5.917111411690711975e-02
-1.164537906646728516e+00
-2.141228765249252319e-01
-1.091572046279907227e+00
-3.557389080524444580e-01
5.930278897285461426e-01
-3.444466888904571533e-01
9.796453118324279785e-01
-3.700471818447113037e-01
-1.499404430389404297e+00
4.512929022312164307e-01
1.127743601799011230e+00
3.463348746299743652e-01
1.152514740824699402e-01
1.098601445555686951e-01
5.175662040710449219e-01
-2.110959142446517944e-01
6.985585689544677734e-01
-1.249622941017150879e+00
-6.843323707580566406e-01
1.095295324921607971e-01
-6.443445086479187012e-01
-3.529037535190582275e-01
-1.169113516807556152e+00
-2.240915447473526001e-01
1.029466390609741211e+00
4.443055689334869385e-01
5.756394267082214355e-01
-3.152906179428100586e+00
-5.886388421058654785e-01
4.251776039600372314e-01
6.921677589416503906e-01
-1.342342615127563477e+00
5.533309578895568848e-01
-4.641088247299194336e-01
5.737591385841369629e-01
-2.325637340545654297e+00
-1.832720518112182617e+00
1.652523279190063477e+00
-7.619460225105285645e-01
-2.676530599594116211e+00
-4.242363274097442627e-01
-1.214695096015930176e+00
-1.227982878684997559e+00
5.863882899284362793e-01
1.007954239845275879e+00
-1.653760433197021484e+00
-9.815269708633422852e-01
-1.483471542596817017e-01
-8.126732707023620605e-01
1.048512339591979980e+00
-1.321476697921752930e+00
4.482296407222747803e-01
-3.578160703182220459e-02
2.114593982696533203e+00
-3.321910202503204346e-01
-4.098416268825531006e-01
5.961264669895172119e-02
6.163378357887268066e-01
-7.093453407287597656e-01
-3.709709048271179199e-01
5.939795970916748047e-01
4.769411981105804443e-01
5.322645902633666992e-01
-4.564443230628967285e-01
-9.495536684989929199e-01
2.509602308273315430e-01
-2.896379232406616211e-01
-3.489845097064971924e-01
-1.052529141306877136e-01
2.148081362247467041e-01
-7.920278906822204590e-01
2.536528348922729492e+00
-9.799882173538208008e-01
3.420873582363128662e-01
-4.667238891124725342e-01
-8.019924163818359375e-01
-1.952062964439392090e+00
-7.773713469505310059e-01
-1.151728034019470215e+00
-1.568954706192016602e+00
-5.528703927993774414e-01
-1.220116734504699707e+00
8.722522854804992676e-01
-2.787907421588897705e-01
-7.294089198112487793e-01
3.557797893881797791e-02
5.158518552780151367e-01
-1.362422943115234375e+00
2.991282343864440918e-01
5.916845202445983887e-01
-2.698048949241638184e-01
-6.220311522483825684e-01
4.549088776111602783e-01
9.917323589324951172e-01
4.426476359367370605e-01
-1.154522180557250977e+00
-8.077085018157958984e-01
5.176930427551269531e-01
8.749605417251586914e-01
3.732593655586242676e-01
1.771014690399169922e+00
-1.434550523757934570e+00
3.044733703136444092e-01
-1.224199652671813965e+00
1.340630173683166504e+00
1.636796236038208008e+00
-1.439272403717041016e+00
1.431649208068847656e+00
-8.907071948051452637e-01
5.682928487658500671e-03
-1.357352018356323242e+00
1.237767934799194336e-01
-4.290280342102050781e-01
7.902966141700744629e-01
-5.589609146118164062e-01
-2.468838393688201904e-01
-4.664108455181121826e-01
-2.972638309001922607e-01
5.762639641761779785e-01
-5.804715752601623535e-01
-7.364784479141235352e-01
-5.480055212974548340e-01
-2.460372745990753174e-01
8.080491423606872559e-01
-2.360345721244812012e-01
-2.174893319606781006e-01
4.466045498847961426e-01
1.110749006271362305e+00
1.173972785472869873e-01
-1.803338885307312012e+00
1.971984058618545532e-01
2.221128225326538086e+00
-7.116297483444213867e-01
-3.361487090587615967e-01
1.469767928123474121e+00
-1.200970172882080078e+00
-1.854341745376586914e+00
-3.961817175149917603e-02
1.839450478553771973e+00
-1.501290798187255859e-01
-7.639053463935852051e-01
-6.903518736362457275e-02
-6.796233057975769043e-01
9.606742858886718750e-01
-1.653860956430435181e-01
1.559590920805931091e-02
-8.646766841411590576e-02
1.067438840866088867e+00
-1.795876538380980492e-03
5.024933218955993652e-01
-1.808636188507080078e+00
-8.650326728820800781e-01
4.456433355808258057e-01
-1.229734539985656738e+00
2.091004610061645508e+00
-1.116943717002868652e+00
2.223162204027175903e-01
-4.608665704727172852e-01
-1.700160145759582520e+00
-2.440886259078979492e+00
1.221171319484710693e-01
-2.419997215270996094e+00
-4.898363351821899414e-01
-2.065254896879196167e-01
1.157342553138732910e+00
-1.637495756149291992e-01
7.718277573585510254e-01
-6.529197096824645996e-01
1.351131778210401535e-02
-1.370408292859792709e-02
1.723159790039062500e+00
2.924452349543571472e-02
1.667550563812255859e+00
3.110184706747531891e-02
-2.390436887741088867e+00
3.485555052757263184e-01
-1.216061472892761230e+00
-1.778997898101806641e+00
1.176235675811767578e+00
6.361559033393859863e-01
-7.890262603759765625e-01
1.056929945945739746e+00
-1.353653967380523682e-01
4.799877852201461792e-02
6.323833465576171875e-01
9.832908511161804199e-01
-5.843894481658935547e-01
-2.679444074630737305e+00
4.866609722375869751e-02
-2.496898889541625977e+00
9.568384885787963867e-01
-1.378765553236007690e-01
4.149880409240722656e-01
6.170313358306884766e-01
6.142368167638778687e-02
-3.667885959148406982e-01
1.203446388244628906e-01
-2.003234863281250000e+00
6.935656666755676270e-01
-5.034995675086975098e-01
-8.384879678487777710e-02
-4.101585224270820618e-02
-3.376271128654479980e-01
5.325971841812133789e-01
3.919718787074089050e-02
3.241590857505798340e-01
-2.046776771545410156e+00
7.037805914878845215e-01
-2.013718366622924805e+00
1.355057835578918457e+00
1.668476909399032593e-01
-1.871412843465805054e-01
5.962255597114562988e-02
4.471315443515777588e-01
3.671900928020477295e-01
6.991136074066162109e-01
-3.163834512233734131e-01
9.262055754661560059e-01
-1.124113559722900391e+00
1.718085855245590210e-01
1.707263469696044922e+00
-2.680943489074707031e+00
-9.772260785102844238e-01
-8.830551505088806152e-01
-3.294185921549797058e-02
-1.377353966236114502e-01
7.329240441322326660e-03
1.125885248184204102e-01
-1.734155714511871338e-01
-2.304025650024414062e+00
3.575512021780014038e-02
5.651209354400634766e-01
-8.812217116355895996e-01
1.609966993331909180e+00
-7.118943929672241211e-01
-2.262981653213500977e+00
-2.902480661869049072e-01
-1.698167085647583008e+00
-2.513130903244018555e-01
-1.181061148643493652e+00
-2.575986683368682861e-01
7.750286459922790527e-01
5.533800125122070312e-01
-1.226883888244628906e+00
1.346140742301940918e+00
1.904410958290100098e+00
5.954563021659851074e-01
1.403343200683593750e+00
-1.277982831001281738e+00
3.392197191715240479e-03
-3.099167346954345703e-01
-7.832267880439758301e-01
-5.316903591156005859e-01
-4.943457841873168945e-01
-8.651444315910339355e-02
7.539640665054321289e-01
3.484691679477691650e-01
-5.539993643760681152e-01
7.837913036346435547e-01
-1.897492408752441406e-01
-1.085318326950073242e+00
-1.283590197563171387e+00
-8.142195940017700195e-01
-1.442227005958557129e+00
8.349573612213134766e-01
1.995473742485046387e+00
5.559357628226280212e-02
-1.310885548591613770e+00
-1.507450103759765625e+00
-6.318423151969909668e-01
-1.486848592758178711e+00
1.148812294006347656e+00
5.457814931869506836e-01
3.884400129318237305e-01
1.037394642829895020e+00
-1.862817406654357910e+00
5.883273482322692871e-02
5.826685428619384766e-01
-1.915391206741333008e+00
4.552869796752929688e-01
-8.840013146400451660e-01
-1.370082795619964600e-01
3.205768465995788574e-01
-6.851764917373657227e-01
-4.736234545707702637e-01
-2.507205903530120850e-01
5.420333147048950195e-01
-7.818327546119689941e-01
-3.116081476211547852e+00
1.761413455009460449e+00
2.401096522808074951e-01
1.782933354377746582e+00
3.910816013813018799e-01
-9.666020274162292480e-01
-3.782794177532196045e-01
-1.028092980384826660e+00
-3.681775927543640137e-01
1.001425608992576599e-01
1.382838338613510132e-01
-9.122134447097778320e-01
8.172048628330230713e-02
3.227059245109558105e-01
-1.189957559108734131e-01
1.571739166975021362e-01
1.456318259239196777e+00
2.789059579372406006e-01
-1.011659026145935059e+00
-4.183311462402343750e-01
2.834040522575378418e-01
9.125411510467529297e-01
-2.265334576368331909e-01
-1.682317376136779785e+00
2.376424312591552734e+00
5.383011698722839355e-01
1.383838891983032227e+00
-3.918801546096801758e-01
1.249634742736816406e+00
-6.948152780532836914e-01
-4.457869231700897217e-01
5.675085186958312988e-01
-7.497529387474060059e-01
1.079167842864990234e+00
1.019829154014587402e+00
4.720489084720611572e-01
-5.643568634986877441e-01
-4.432850480079650879e-01
-3.034852147102355957e-01
1.056345224380493164e+00
-8.170480728149414062e-01
1.309502959251403809e+00
2.991401404142379761e-02
1.041539162397384644e-01
-4.809793084859848022e-02
-1.852180510759353638e-01
-5.821688771247863770e-01
-4.141342639923095703e-01
-7.427484989166259766e-01
2.205938100814819336e-01
-7.358178496360778809e-01
-1.675420641899108887e+00
3.010912835597991943e-01
-7.010523676872253418e-01
5.696118474006652832e-01
1.195846199989318848e+00
6.488957405090332031e-01
1.799079030752182007e-01
1.299060821533203125e+00
7.634685933589935303e-02
-1.866190433502197266e+00
1.631751470267772675e-02
-1.046610713005065918e+00
-4.646148085594177246e-01
-4.334882497787475586e-01
2.838696539402008057e-01
-8.170058131217956543e-01
1.805967986583709717e-01
4.443756639957427979e-01
-2.185458838939666748e-01
1.196367025375366211e+00
-4.475727379322052002e-01
1.470042347908020020e+00
1.596869587898254395e+00
2.866139076650142670e-02
1.091357588768005371e+00
4.623573124408721924e-01
9.511373639106750488e-01
5.497745871543884277e-01
-3.298728168010711670e-01
9.356111288070678711e-01
-2.246833801269531250e+00
-1.188796639442443848e+00
-1.946509256958961487e-02
1.000209245830774307e-02
-8.339460492134094238e-01
8.103849291801452637e-01
-5.852575302124023438e-01
1.102116942405700684e+00
7.471458911895751953e-01
-2.707621157169342041e-01
-1.257657289505004883e+00
8.134180307388305664e-01
1.112651944160461426e+00
1.309747695922851562e+00
-2.620515227317810059e-01
3.325620889663696289e-01
-1.923716664314270020e+00
-4.377120733261108398e-02
9.290818125009536743e-02
2.315495908260345459e-01
-2.070202112197875977e+00
-2.110581636428833008e+00
-4.076496660709381104e-01
9.347936511039733887e-01
7.978703826665878296e-02
1.911934018135070801e+00
-4.574944823980331421e-02
1.610495299100875854e-01
-4.190039634704589844e-01
-1.993570327758789062e-01
-6.778526902198791504e-01
4.423158168792724609e-01
-2.310544550418853760e-01
3.985960185527801514e-01
1.845072507858276367e+00
2.014400720596313477e+00
4.412772655487060547e-01
-1.478926777839660645e+00
-3.856047391891479492e-01
5.168443918228149414e-01
-1.859074681997299194e-01
7.929203510284423828e-01
-3.514791727066040039e-01
-3.903653025627136230e-01
-8.922586441040039062e-01
4.320899397134780884e-02
-4.336844682693481445e-01
1.507276654243469238e+00
4.495359361171722412e-01
-4.038971066474914551e-01
-1.145167231559753418e+00
-1.258735895156860352e+00
-5.088399648666381836e-01
-2.425733327865600586e+00
-1.429401636123657227e-01
-9.038774967193603516e-01
-2.037460088729858398e+00
9.311891198158264160e-01
2.454649806022644043e-01
-1.230483651161193848e+00
6.643634438514709473e-01
1.059124246239662170e-01
7.813469767570495605e-01
-1.053189516067504883e+00
7.265241146087646484e-01
1.341006278991699219e+00
1.331449389457702637e+00
1.834717512130737305e+00
3.850916624069213867e-01
6.379853487014770508e-01
2.650911919772624969e-02
-5.562540888786315918e-01
-1.890957653522491455e-01
2.101036310195922852e-01
-6.668508648872375488e-01
-1.815681010484695435e-01
-3.371390998363494873e-01
1.153720468282699585e-01
-4.102181792259216309e-01
-3.581822514533996582e-01
-1.262172460556030273e+00
2.103498876094818115e-01
-1.671532988548278809e+00
3.545883893966674805e-01
1.300452947616577148e+00
1.199833303689956665e-01
1.251671791076660156e+00
1.714749932289123535e+00
-6.940689682960510254e-01
-1.891098469495773315e-01
2.759022712707519531e-01
7.636545300483703613e-01
3.521589338779449463e-01
-2.157587260007858276e-01
-2.006165027618408203e+00
3.742315247654914856e-02
-9.674679636955261230e-01
1.467681884765625000e+00
6.830083131790161133e-01
-2.258212417364120483e-01
1.431427150964736938e-01
-2.181793153285980225e-01
-2.824522256851196289e-01
1.055565953254699707e+00
3.533035814762115479e-01
-4.374198988080024719e-02
2.789835929870605469e-01
1.291245222091674805e+00
3.289229571819305420e-01
7.788101434707641602e-01
-3.687646090984344482e-01
-8.005988597869873047e-01
-1.222035408020019531e+00
1.163375496864318848e+00
-1.367630064487457275e-01
6.392318010330200195e-01
8.459966182708740234e-01
6.087549328804016113e-01
1.784493446350097656e+00
-4.340954869985580444e-02
1.672614812850952148e-01
7.318341135978698730e-01
8.509845733642578125e-01
9.435400366783142090e-01
1.553628921508789062e+00
-3.922038376331329346e-01
-1.580706477165222168e+00
-1.435538649559020996e+00
1.005895853042602539e+00
-8.159115314483642578e-01
-1.703097522258758545e-01
-4.231464564800262451e-01
-2.126626968383789062e+00
-3.840403556823730469e-01
8.209904432296752930e-01
1.725599288940429688e+00
-3.889891803264617920e-01
1.013702988624572754e+00
-9.162915945053100586e-01
-2.138455361127853394e-01
-1.311866790056228638e-01
-2.031143903732299805e+00
-5.147272944450378418e-01
-4.774452447891235352e-01
1.049074292182922363e+00
-4.291289299726486206e-02
-7.394875884056091309e-01
2.768037915229797363e-01
3.433979153633117676e-01
-1.344388276338577271e-01
7.106872200965881348e-01
-8.821445107460021973e-01
-6.134552359580993652e-01
4.568604752421379089e-03
2.233257889747619629e-01
-6.517599821090698242e-01
1.654095292091369629e+00
6.945027709007263184e-01
8.786010742187500000e-02
-6.786063313484191895e-01
1.478137224912643433e-01
8.752131462097167969e-01
5.496346354484558105e-01
-2.611091136932373047e-01
2.057355165481567383e+00
-1.136628866195678711e+00
2.289161682128906250e-01
1.534481287002563477e+00
1.207991465926170349e-01
6.267822980880737305e-01
-3.751933276653289795e-01
-2.688474953174591064e-01
-1.722237169742584229e-01
-3.260098695755004883e-01
-1.701835751533508301e+00
1.730446517467498779e-01
2.501389682292938232e-01
9.825490117073059082e-01
-1.210811734199523926e+00
2.194174289703369141e+00
-6.480563282966613770e-01
-1.316115856170654297e-01
1.993345022201538086e+00
9.357363730669021606e-02
8.384148478507995605e-01
-3.934380114078521729e-01
-6.909406781196594238e-01
8.513568639755249023e-01
6.829200387001037598e-01
5.698261857032775879e-01
-1.023505687713623047e+00
-1.370082139968872070e+00
-2.546773433685302734e+00
-3.626196682453155518e-01
2.788678705692291260e-01
-9.530730843544006348e-01
1.267970561981201172e+00
-3.559209406375885010e-02
1.427546262741088867e+00
-1.394749879837036133e+00
-1.030808210372924805e+00
-3.438803851604461670e-01
-4.009021222591400146e-01
5.744758248329162598e-01
-4.196389913558959961e-01
5.414803624153137207e-01
-1.463217139244079590e-01
-1.018049120903015137e+00
1.879076957702636719e+00
-7.399046421051025391e-01
-1.003384828567504883e+00
-7.887654304504394531e-01
-5.917754173278808594e-01
7.599937263876199722e-03
-1.787412643432617188e+00
-1.923121362924575806e-01
1.703667879104614258e+00
1.327567696571350098e-01
-6.253253221511840820e-01
-1.859440684318542480e+00
2.818728387355804443e-01
-1.987990736961364746e+00
-1.150274395942687988e+00
-7.319760918617248535e-01
-7.039064168930053711e-01
5.926970839500427246e-01
-1.473637111485004425e-02
-1.024387124925851822e-02
-2.106253862380981445e+00
-5.839372873306274414e-01
-6.398986577987670898e-01
1.615248680114746094e+00
2.709102118387818336e-03
2.307338118553161621e-01
-7.566065192222595215e-01
2.539129368960857391e-02
-9.613563418388366699e-01
2.938995361328125000e-01
3.338656723499298096e-01
1.029288053512573242e+00
2.970790863037109375e-01
-3.430720269680023193e-01
5.668804049491882324e-01
1.526763916015625000e+00
-1.905999779701232910e+00
-1.292524039745330811e-01
5.433316826820373535e-01
2.449188679456710815e-01
6.644857525825500488e-01
-7.598128914833068848e-01
6.655272841453552246e-01
3.323270082473754883e-01
-1.095403909683227539e+00
-1.276831984519958496e+00
-3.761841356754302979e-01
-7.990179657936096191e-01
-6.340355873107910156e-01
9.179436564445495605e-01
-5.173505544662475586e-01
-1.171135187149047852e+00
-5.273211598396301270e-01
-8.885134458541870117e-01
-4.367766082286834717e-01
-6.134109571576118469e-02
-5.881294012069702148e-01
2.269119739532470703e+00
2.292178124189376831e-01
-2.204804182052612305e+00
-3.846307396888732910e-01
-4.810233786702156067e-02
5.239366292953491211e-01
-1.222119927406311035e+00
-1.566615462303161621e+00
8.909795284271240234e-01
-9.728602766990661621e-01
4.881461858749389648e-01
1.487353295087814331e-01
-4.922508597373962402e-01
1.175868391990661621e+00
1.951383352279663086e+00
4.054504036903381348e-01
-1.013733983039855957e+00
-1.880251020193099976e-01
3.334859013557434082e-01
6.581913232803344727e-01
-5.214143395423889160e-01
4.772609770298004150e-01
5.841190814971923828e-01
1.141241908073425293e+00
1.124587535858154297e+00
-2.567780315876007080e-01
1.555695533752441406e+00
1.854266643524169922e+00
5.500748753547668457e-01
-1.049499154090881348e+00
3.706002533435821533e-01
-1.911023736000061035e+00
2.183274179697036743e-01
-1.400305151939392090e+00
-6.754226684570312500e-01
-3.971284329891204834e-01
-6.736677289009094238e-01
6.402539014816284180e-01
-2.022159099578857422e+00
1.061996445059776306e-01
-6.465845555067062378e-02
-2.353280782699584961e+00
7.958744764328002930e-01
7.256565690040588379e-01
7.037911415100097656e-01
-5.337035059928894043e-01
1.352235376834869385e-01
-7.743406891822814941e-01
-3.605234250426292419e-02
-2.400832176208496094e+00
1.601748913526535034e-01
1.725160360336303711e+00
3.956032544374465942e-02
6.478898525238037109e-01
2.391202561557292938e-02
7.415775656700134277e-01
1.297712802886962891e+00
7.683507800102233887e-01
