-1.255854815244674683e-01 -1.365507125854492188e+00 1.056401371955871582e+00 1.361308991909027100e-01 -1.630883336067199707e+00 3.226079344749450684e-01 -1.188577890396118164e+00 4.653441309928894043e-01
-5.639242529869079590e-01 -2.418129444122314453e+00 3.753693699836730957e-01 9.985427260398864746e-01 -8.987655639648437500e-01 -6.226120591163635254e-01 -4.643473625183105469e-01 -2.743691504001617432e-01
-5.589150786399841309e-01 1.896428704261779785e+00 1.507979393005371094e+00 -4.082261025905609131e-01 -1.011964201927185059e+00 -1.216238856315612793e+00 -8.872750997543334961e-01 2.748755216598510742e-01
4.322532713413238525e-01 3.804098367691040039e-01 -2.568135023117065430e+00 -8.133225888013839722e-02 -9.084826111793518066e-01 -2.494478225708007812e+00 -1.463465809822082520e+00 6.438847780227661133e-01
9.401645660400390625e-01 -8.587943017482757568e-02 1.553027987480163574e+00 -6.882361769676208496e-01 5.766688585281372070e-01 1.592452168464660645e+00 1.159172058105468750e+00 -1.797681599855422974e-01
-9.134975075721740723e-01 5.632357001304626465e-01 -1.636865496635437012e+00 -1.182620406150817871e+00 -1.302734136581420898e+00 -2.181017249822616577e-01 3.891730904579162598e-01 3.105765581130981445e-01
-5.644944310188293457e-01 1.358548998832702637e+00 -8.294858932495117188e-01 -3.626959919929504395e-01 -1.493156313896179199e+00 -7.629730701446533203e-01 4.932422041893005371e-01 1.082578778266906738e+00
4.235672652721405029e-01 4.378363490104675293e-01 -1.029809489846229553e-01 -1.791955828666687012e+00 -7.945847511291503906e-01 3.218677043914794922e-01 1.249054819345474243e-01 -9.955750703811645508e-01
2.203729599714279175e-01 -5.545790791511535645e-01 3.760881125926971436e-01 3.997854292392730713e-01 1.358789563179016113e+00 8.960598111152648926e-01 8.833314478397369385e-02 -1.089688241481781006e-01
1.814768552780151367e+00 -1.367690324783325195e+00 7.715475559234619141e-01 -7.610014677047729492e-01 -1.426969289779663086e+00 1.530478715896606445e+00 4.708354473114013672e-01 -4.494092464447021484e-01
