-2.487132251262664795e-01
-3.029116988182067871e-02
4.891529679298400879e-02
9.392447471618652344e-01
-9.042461402714252472e-03
1.842057466506958008e+00
-1.106731295585632324e+00
6.501829624176025391e-02
5.781056880950927734e-01
2.647354602813720703e-01
6.544196009635925293e-01
3.037274181842803955e-01
1.916918754577636719e-01
-3.773226439952850342e-01
-6.032403707504272461e-01
-1.062836572527885437e-01
6.518371701240539551e-01
1.504131078720092773e+00
-2.309078164398670197e-02
6.627243757247924805e-01
3.954138755798339844e-01
-1.847364902496337891e+00
-1.535356163978576660e+00
6.841158866882324219e-01
9.991186857223510742e-01
1.604372143745422363e+00
-2.090309746563434601e-02
7.697065472602844238e-01
1.613883614540100098e+00
2.411636151373386383e-02
-8.413403630256652832e-01
2.217784404754638672e+00
1.001036643981933594e+00
5.848288536071777344e-01
7.020319700241088867e-01
8.962001800537109375e-01
1.198604106903076172e+00
5.875533223152160645e-01
1.713667064905166626e-02
2.329773157835006714e-01
-7.429762929677963257e-02
-1.051341652870178223e+00
9.293794631958007812e-01
-9.819476604461669922e-01
6.450602412223815918e-01
-2.497606277465820312e+00
2.007222175598144531e+00
-9.652991294860839844e-01
5.619013309478759766e-02
8.890540003776550293e-01
2.174986124038696289e+00
1.542566567659378052e-01
1.906367689371109009e-01
2.807289548218250275e-02
-2.996563315391540527e-01
2.511457681655883789e+00
1.017345786094665527e+00
-3.702645599842071533e-01
-5.539519190788269043e-01
2.548020780086517334e-01
-9.840763211250305176e-01
-1.846939802169799805e+00
1.702363610267639160e+00
8.196882009506225586e-01
-1.460274338722229004e+00
8.827203512191772461e-01
-1.962689459323883057e-01
2.067901343107223511e-01
1.141547918319702148e+00
1.191502451896667480e+00
7.210551202297210693e-02
3.651026487350463867e-01
-2.195033729076385498e-01
-1.510488748550415039e+00
-1.166146159172058105e+00
-6.924670189619064331e-02
2.495794773101806641e+00
-1.398093342781066895e+00
2.659351110458374023e+00
-1.511829257011413574e+00
1.572463154792785645e+00
-3.385095894336700439e-01
-1.416182816028594971e-01
1.285694122314453125e+00
1.484547138214111328e+00
1.238143444061279297e-01
-1.869028210639953613e-01
-1.295389086008071899e-01
2.980043888092041016e-01
-3.416704535484313965e-01
8.985909819602966309e-01
-4.218426346778869629e-01
1.891846537590026855e+00
-1.023111417889595032e-01
1.186530709266662598e+00
1.805019229650497437e-01
-1.558002829551696777e+00
-1.473184466361999512e+00
4.298081994056701660e-01
1.180879592895507812e+00
-3.466002047061920166e-01
-5.714759826660156250e-01
-5.833986997604370117e-01
-8.155485987663269043e-02
-1.099808692932128906e+00
1.558370471000671387e+00
-4.073984324932098389e-01
1.574324011802673340e+00
5.699001550674438477e-01
-1.163280963897705078e+00
-1.063438177108764648e+00
6.583361029624938965e-01
-8.108281493186950684e-01
9.231856465339660645e-01
-1.629706323146820068e-01
-6.199195384979248047e-01
3.767636716365814209e-01
-5.087748542428016663e-02
-3.483401238918304443e-01
-3.892500996589660645e-01
4.883457720279693604e-02
1.286460399627685547e+00
4.746039211750030518e-01
-7.854844927787780762e-01
3.445861339569091797e-01
-3.840441107749938965e-01
-4.898146688938140869e-01
8.480338454246520996e-01
-1.448576450347900391e+00
-1.148806363344192505e-01
1.604237437248229980e+00
6.681681275367736816e-01
-4.721234738826751709e-01
-1.188782930374145508e+00
-2.441716492176055908e-01
5.879405736923217773e-01
1.174278616905212402e+00
-9.568093419075012207e-01
-1.961639404296875000e+00
2.317610830068588257e-01
-1.366766333580017090e+00
-4.708794951438903809e-01
5.496828556060791016e-01
2.520329356193542480e-01
8.324608206748962402e-01
1.687879562377929688e-01
-4.891896843910217285e-01
1.562792539596557617e+00
4.789607524871826172e-01
-1.048379540443420410e+00
3.234689533710479736e-01
-8.394924998283386230e-01
-5.719125270843505859e-01
1.404041647911071777e+00
-1.299842000007629395e+00
-1.422477066516876221e-01
-8.977378010749816895e-01
-4.340213835239410400e-01
1.631830692291259766e+00
6.599566340446472168e-01
-2.104788273572921753e-02
2.511686325073242188e+00
2.941103279590606689e-01
8.470111489295959473e-01
-2.218298435211181641e+00
1.003609657287597656e+00
2.997323870658874512e-01
2.580401301383972168e-01
-1.215880155563354492e+00
-1.168338179588317871e+00
-8.698920011520385742e-01
-5.117523670196533203e-01
-3.005759119987487793e-01
1.087299823760986328e+00
-1.324671983718872070e+00
-2.884097993373870850e-01
-4.666564166545867920e-01
1.719279587268829346e-01
-1.089102625846862793e+00
-6.340208053588867188e-01
-6.334193944931030273e-01
-2.234756574034690857e-02
1.793173313140869141e+00
2.269313037395477295e-01
4.691363573074340820e-01
-8.485930562019348145e-01
-1.510753929615020752e-01
2.986006811261177063e-02
1.154876232147216797e+00
-8.831013441085815430e-01
6.329486370086669922e-01
-1.141868233680725098e+00
-1.419984400272369385e-01
-7.312662154436111450e-02
1.410135030746459961e+00
7.325559258460998535e-01
2.263250112533569336e+00
-2.008787393569946289e+00
1.334481835365295410e+00
-3.711973130702972412e-01
8.084405064582824707e-01
-1.420479536056518555e+00
-1.624297261238098145e+00
1.036099195480346680e+00
-3.530952334403991699e-01
-7.189394831657409668e-01
9.201643466949462891e-01
-9.797396659851074219e-01
5.113103613257408142e-02
1.529308199882507324e+00
-7.424743771553039551e-01
-1.647771120071411133e+00
1.388544589281082153e-01
1.866763353347778320e+00
1.281117498874664307e-01
4.284621477127075195e-01
-1.026668429374694824e+00
-1.605013728141784668e+00
-7.036350965499877930e-01
1.523100733757019043e+00
1.119439125061035156e+00
-9.379995614290237427e-02
-2.032671719789505005e-01
-9.533811211585998535e-01
7.658280134201049805e-01
5.940099954605102539e-01
-1.086297512054443359e+00
-9.261821508407592773e-01
-2.662960886955261230e-01
4.982982575893402100e-01
6.278863549232482910e-01
1.189356684684753418e+00
-2.666610479354858398e-01
-4.820708632469177246e-01
-1.281970620155334473e+00
-1.626936316490173340e+00
9.096779227256774902e-01
-1.173546463251113892e-01
-1.741745233535766602e+00
-3.625294268131256104e-01
-1.111908316612243652e+00
-1.213165894150733948e-01
-6.522134542465209961e-01
-9.311196804046630859e-01
1.492463946342468262e+00
2.121285915374755859e+00
-1.872826695442199707e+00
-1.242199063301086426e+00
2.414476312696933746e-02
1.782861202955245972e-01
1.140935778617858887e+00
-9.334632158279418945e-01
3.057768046855926514e-01
5.893532037734985352e-01
8.309229016304016113e-01
2.392268329858779907e-01
-5.328963398933410645e-01
4.960918724536895752e-01
1.911578297615051270e+00
-7.664752602577209473e-01
-1.372424125671386719e+00
-5.817533135414123535e-01
2.141891419887542725e-01
-3.700058534741401672e-02
6.323533505201339722e-02
1.317534893751144409e-01
-1.568859219551086426e+00
9.638333916664123535e-01
-1.216279342770576477e-01
-1.156764984130859375e+00
6.331828236579895020e-01
-2.355158567428588867e+00
-1.280623316764831543e+00
-1.419752359390258789e+00
-1.187077909708023071e-02
-4.241289496421813965e-01
2.540814161300659180e+00
-1.485897541046142578e+00
-2.060843944549560547e+00
-8.912625908851623535e-01
-4.978474676609039307e-01
6.061375141143798828e-01
-5.675590038299560547e-01
-9.648231267929077148e-01
1.502908021211624146e-01
1.921515226364135742e+00
2.594485044479370117e+00
-1.096348047256469727e+00
1.447182893753051758e+00
3.952842056751251221e-01
7.185190916061401367e-01
-6.744306087493896484e-01
-2.857056856155395508e-01
4.657627046108245850e-01
5.465944409370422363e-01
8.467860221862792969e-01
-1.609903216361999512e+00
6.673352718353271484e-01
1.789598226547241211e+00
6.232411265373229980e-01
-6.356713920831680298e-02
-2.015486955642700195e-01
-4.039430022239685059e-01
1.782582521438598633e+00
8.293275237083435059e-01
1.451510906219482422e+00
6.698603034019470215e-01
1.366256117820739746e+00
-1.686036586761474609e-01
2.297021895647048950e-01
1.144260883331298828e+00
1.015589833259582520e+00
-5.680857896804809570e-01
-1.112387776374816895e+00
-1.107710480690002441e+00
9.574730694293975830e-02
-7.508101463317871094e-01
-3.525833040475845337e-02
-3.848135471343994141e-01
-8.155867457389831543e-01
9.929422736167907715e-01
5.470985174179077148e-01
-3.013602495193481445e-01
-7.787454873323440552e-02
-1.733568906784057617e-01
7.149819284677505493e-03
7.887517213821411133e-01
-5.358252525329589844e-01
-5.199120044708251953e-01
-1.936531662940979004e+00
3.990077972412109375e-02
-1.614668965339660645e-01
8.947489261627197266e-01
3.060446307063102722e-02
1.412886738777160645e+00
-7.068970203399658203e-01
-6.953407526016235352e-01
7.874827980995178223e-01
-2.896277904510498047e-01
-4.831235408782958984e-01
-1.586297005414962769e-01
-2.257521152496337891e+00
3.990983963012695312e-01
1.984500586986541748e-01
3.529714047908782959e-01
-1.109754920005798340e+00
-1.982453584671020508e+00
1.012763619422912598e+00
-1.260172367095947266e+00
1.219807863235473633e+00
-1.027157545089721680e+00
7.538051605224609375e-01
-4.581886529922485352e-01
1.109991788864135742e+00
1.177613735198974609e-01
3.834076225757598877e-01
1.381891489028930664e+00
-1.158335089683532715e+00
3.909964263439178467e-01
1.243429422378540039e+00
-6.566513180732727051e-01
2.451308012008666992e+00
6.381957232952117920e-02
4.788089916110038757e-02
1.153267920017242432e-01
3.830274641513824463e-01
4.293598532676696777e-01
1.045312047004699707e+00
5.423354506492614746e-01
-5.798575878143310547e-01
-1.117627859115600586e+00
1.037081480026245117e+00
-6.820350885391235352e-01
1.366975665092468262e+00
6.536966562271118164e-01
9.905140995979309082e-01
-2.326458394527435303e-01
5.630449652671813965e-01
6.659346073865890503e-02
-8.470443487167358398e-01
-1.841740727424621582e+00
1.330624699592590332e+00
3.228763639926910400e-01
-6.904954314231872559e-01
-2.580180168151855469e-01
-1.583512663841247559e+00
2.715260908007621765e-02
-2.274850904941558838e-01
-1.088648915290832520e+00
-1.211418867111206055e+00
-2.587009966373443604e-01
1.177758812904357910e+00
1.247954964637756348e+00
7.797883152961730957e-01
1.140482664108276367e+00
-8.241190314292907715e-01
-1.165149569511413574e+00
-6.991951465606689453e-01
-1.037007093429565430e+00
2.661541938781738281e+00
5.243955254554748535e-01
-1.144529819488525391e+00
-1.601166427135467529e-01
6.773628592491149902e-01
8.604617416858673096e-02
-9.054237604141235352e-01
-1.319493889808654785e+00
-3.022970855236053467e-01
1.671815156936645508e+00
2.394911944866180420e-01
3.359991312026977539e-01
6.452682614326477051e-02
9.877567291259765625e-01
-1.121002957224845886e-01
-1.376666784286499023e+00
-2.082649990916252136e-02
2.078758925199508667e-01
-4.227866530418395996e-01
-1.548630595207214355e+00
1.268284916877746582e-01
-7.271065711975097656e-01
5.829621553421020508e-01
-1.212377905845642090e+00
7.349061965942382812e-01
1.589174509048461914e+00
-4.070420861244201660e-01
1.036141395568847656e+00
8.983225226402282715e-01
1.889971017837524414e+00
-1.708201169967651367e-01
-1.729345440864562988e+00
-6.112492680549621582e-01
2.343060731887817383e+00
1.047991991043090820e+00
7.560689002275466919e-02
4.825499951839447021e-01
7.597056627273559570e-01
1.850977897644042969e+00
8.963228464126586914e-01
-8.081293702125549316e-01
3.992445468902587891e-01
-9.106959700584411621e-01
1.211840867996215820e+00
7.884553670883178711e-01
-1.446772098541259766e+00
8.095592856407165527e-01
-3.804760873317718506e-01
1.332272589206695557e-01
-5.754911899566650391e-01
-8.768523931503295898e-01
1.237518042325973511e-01
1.003684043884277344e+00
1.687636375427246094e+00
9.364650249481201172e-01
-1.348218798637390137e+00
-6.245971322059631348e-01
1.914123415946960449e+00
-5.513989329338073730e-01
-3.865671455860137939e-01
7.868666648864746094e-01
-6.010836362838745117e-01
-5.857818126678466797e-01
3.091431260108947754e-01
-9.717160463333129883e-01
1.353842377662658691e+00
-4.349464774131774902e-01
-1.258710473775863647e-01
2.378684759140014648e+00
1.699088811874389648e+00
4.620732665061950684e-01
2.602373063564300537e-01
-3.915464580059051514e-01
-2.931500375270843506e-01
-1.519730925559997559e+00
2.291038274765014648e+00
-7.834952473640441895e-01
-6.247744560241699219e-01
3.690844476222991943e-01
-4.220217466354370117e-01
-8.933275938034057617e-01
7.139210104942321777e-01
1.570690870285034180e+00
-1.720792412757873535e+00
-2.311803400516510010e-01
2.057444006204605103e-01
1.510332077741622925e-01
1.013007611036300659e-01
1.388951241970062256e-01
1.124608591198921204e-01
-2.128135442733764648e+00
-8.481158018112182617e-01
2.201841324567794800e-01
-7.837746143341064453e-01
2.301219403743743896e-01
-1.102768659591674805e+00
8.989585638046264648e-01
-1.047447800636291504e+00
-9.764577150344848633e-01
-1.348315834999084473e+00
-9.514461159706115723e-01
