-1.651005625724792480e+00
-1.369975805282592773e-01
-1.354606866836547852e+00
-1.680150151252746582e+00
-3.037365674972534180e-01
-3.124583959579467773e-01
-7.916169762611389160e-01
1.113030910491943359e+00
-1.834557890892028809e+00
9.229241013526916504e-01
-4.159181416034698486e-01
-7.907928228378295898e-01
-4.934395849704742432e-01
-2.162126064300537109e+00
-5.966031551361083984e-01
5.045190453529357910e-02
-1.944100975990295410e+00
2.483503818511962891e-01
-8.837251663208007812e-01
9.776752591133117676e-01
-1.611452579498291016e+00
-3.239862620830535889e-01
9.422035217285156250e-01
8.364125490188598633e-01
-7.328831553459167480e-01
1.254698395729064941e+00
3.189890980720520020e-01
-1.355912446975708008e+00
-4.591454267501831055e-01
1.237112879753112793e+00
-1.222488641738891602e+00
1.539042294025421143e-01
5.276070833206176758e-01
1.237702965736389160e+00
-1.437386393547058105e+00
-6.049330234527587891e-01
-8.338167667388916016e-01
-1.354952812194824219e+00
-6.671074628829956055e-01
-5.521442294120788574e-01
-1.230219960212707520e+00
-1.376915574073791504e+00
3.019743859767913818e-01
1.617628216743469238e+00
9.720792174339294434e-01
7.741465568542480469e-01
-1.032812356948852539e+00
-3.805015087127685547e-01
-6.790919899940490723e-01
1.388004571199417114e-01
4.876880943775177002e-01
-2.577083706855773926e-01
1.284300565719604492e+00
-3.246308267116546631e-01
2.085413336753845215e-01
1.192035898566246033e-01
1.310888767242431641e+00
-3.024980723857879639e-01
-6.538059562444686890e-02
3.340955674648284912e-01
1.251963615417480469e+00
3.233506977558135986e-01
-2.249398946762084961e+00
6.684795767068862915e-02
1.687364459037780762e+00
1.016520429402589798e-02
-9.716143608093261719e-01
-9.522870779037475586e-01
-9.525144100189208984e-01
4.742617905139923096e-01
1.882923960685729980e+00
8.631408810615539551e-01
-9.951580166816711426e-01
-1.096377491950988770e+00
-7.407490611076354980e-01
3.262660503387451172e-01
-1.813073873519897461e+00
3.271876573562622070e-01
-1.507980942726135254e+00
-2.646785378456115723e-01
3.537651598453521729e-01
-2.719598710536956787e-01
1.214954137802124023e+00
-2.009359747171401978e-01
-1.943143725395202637e+00
-8.137095570564270020e-01
-2.523289442062377930e+00
1.621312856674194336e+00
-1.291965126991271973e+00
2.481162309646606445e+00
1.331954300403594971e-01
-1.253264844417572021e-01
-8.600365370512008667e-02
-3.609737157821655273e-01
8.392652273178100586e-01
-9.320534467697143555e-01
4.886683225631713867e-01
5.709869265556335449e-01
1.857781648635864258e+00
8.166243433952331543e-01
7.911669611930847168e-01
2.206376791000366211e-01
3.740673128049820662e-04
-8.152125775814056396e-02
-1.594202071428298950e-01
-2.312097549438476562e+00
-1.482586145401000977e+00
-4.124408960342407227e-01
2.311959743499755859e+00
6.267769932746887207e-01
1.219575762748718262e+00
9.169411845505237579e-03
-1.627103209495544434e+00
-4.879375100135803223e-01
-1.991343617439270020e+00
1.535836458206176758e-01
-5.014398694038391113e-01
1.587997823953628540e-01
1.091344594955444336e+00
2.028430402278900146e-01
-6.291176080703735352e-01
5.994212031364440918e-01
1.600353717803955078e-01
-1.440847814083099365e-01
8.227428197860717773e-01
-7.023624777793884277e-01
-4.827371537685394287e-01
1.015691399574279785e+00
1.331434369087219238e+00
-1.682385951280593872e-01
-7.754788994789123535e-01
9.226035475730895996e-01
1.538696326315402985e-02
4.818834662437438965e-01
-2.683133780956268311e-01
-9.507837295532226562e-01
4.780063331127166748e-01
1.120536804199218750e+00
2.250646501779556274e-01
-1.220320940017700195e+00
-2.326041311025619507e-01
-5.268283486366271973e-01
-1.258365988731384277e+00
9.224836528301239014e-02
-3.984436094760894775e-01
2.672581672668457031e-01
7.541776895523071289e-01
-1.758408427238464355e+00
4.243642091751098633e-01
1.402923464775085449e+00
1.152112841606140137e+00
-4.114442765712738037e-01
3.174147605895996094e+00
4.401681721210479736e-01
7.022786736488342285e-01
-1.246348619461059570e+00
-4.123663902282714844e-01
-1.019293546676635742e+00
-1.636241197586059570e+00
-3.397682607173919678e-01
-1.516179833561182022e-02
3.529996871948242188e-01
-9.907900094985961914e-01
4.399987459182739258e-01
-1.321688532829284668e+00
-5.373291969299316406e-01
5.910487771034240723e-01
-9.044180512428283691e-01
2.627742476761341095e-02
-4.009589552879333496e-01
2.381302595138549805e+00
1.039052009582519531e+00
1.485685944557189941e+00
5.970146059989929199e-01
9.216875433921813965e-01
5.819492936134338379e-01
-2.465597152709960938e+00
-5.060557723045349121e-01
-1.437484264373779297e+00
-7.442969679832458496e-01
-9.026732444763183594e-01
-2.995670735836029053e-01
1.160818524658679962e-02
8.861435651779174805e-01
-1.016655802726745605e+00
1.826025247573852539e+00
8.813636004924774170e-02
7.166604399681091309e-01
1.996508985757827759e-01
1.386361956596374512e+00
6.774613857269287109e-01
-5.562824606895446777e-01
-7.469173073768615723e-01
-2.180188149213790894e-02
-7.916270494461059570e-01
2.241674184799194336e+00
-4.512481391429901123e-02
5.742494463920593262e-01
-1.036992430686950684e+00
5.806834101676940918e-01
-1.563633084297180176e-01
4.646253883838653564e-01
-9.262316823005676270e-01
-2.361937999725341797e+00
9.433018416166305542e-02
9.465533494949340820e-01
7.840837240219116211e-01
-1.899502128362655640e-01
-1.440869808197021484e+00
9.062766432762145996e-01
6.879506707191467285e-01
-5.764812827110290527e-01
2.023935079574584961e+00
-4.194805026054382324e-01
-1.317490100860595703e+00
1.400319337844848633e+00
1.323674321174621582e+00
1.588346123695373535e+00
5.679218769073486328e-01
-5.325361341238021851e-02
1.537828147411346436e-01
1.035337328910827637e+00
2.834637403488159180e+00
-4.253632724285125732e-01
1.079772591590881348e+00
-7.466960549354553223e-01
-1.082911729812622070e+00
-1.058248639106750488e+00
1.636679768562316895e+00
-7.216513901948928833e-02
-1.791781000792980194e-02
3.464989662170410156e-01
2.220378816127777100e-01
1.550486534833908081e-01
-9.806408286094665527e-01
6.572647690773010254e-01
1.616110086441040039e+00
1.158555507659912109e+00
3.093862771987915039e+00
1.239123716950416565e-01
-1.556948423385620117e+00
2.141244411468505859e+00
2.108874082565307617e+00
-1.619439274072647095e-01
-2.657723128795623779e-01
1.172632798552513123e-01
8.433801531791687012e-01
1.089516282081604004e+00
7.523180842399597168e-01
4.858739674091339111e-01
-1.405991554260253906e+00
-3.452136218547821045e-01
-1.016077041625976562e+00
-1.259369730949401855e+00
2.941975295543670654e-01
5.527379512786865234e-01
-6.467791795730590820e-01
-6.265175342559814453e-01
-5.387755036354064941e-01
2.485922127962112427e-01
5.764749646186828613e-01
4.179337620735168457e-01
-3.347804546356201172e-01
1.293776988983154297e+00
-2.369168043136596680e+00
1.743113696575164795e-01
9.399660229682922363e-01
-9.738252162933349609e-01
1.737790256738662720e-01
-1.268812656402587891e+00
7.353987693786621094e-01
1.192705988883972168e+00
-1.992650032043457031e+00
3.303638100624084473e-01
-7.572891712188720703e-01
5.925873517990112305e-01
-5.237976312637329102e-01
1.251725792884826660e+00
2.353103607892990112e-01
9.816200733184814453e-01
-5.148121118545532227e-01
-1.144801974296569824e-01
-2.597064711153507233e-02
8.865472078323364258e-01
1.262666225433349609e+00
-2.887821793556213379e-01
-1.104076981544494629e+00
1.442389935255050659e-01
-6.589882969856262207e-01
-7.599954605102539062e-01
-4.457412660121917725e-01
2.017319679260253906e+00
6.853691935539245605e-01
1.309382677078247070e+00
3.547080233693122864e-02
-5.775699615478515625e-01
1.039429783821105957e+00
-8.626952767372131348e-01
-1.932751417160034180e+00
7.280728816986083984e-01
1.246482610702514648e+00
-7.147708535194396973e-01
-1.105839252471923828e+00
-5.086178779602050781e-01
-1.147944211959838867e+00
-7.767543792724609375e-01
7.784330844879150391e-01
-1.787624508142471313e-01
5.789291858673095703e-01
1.489552736282348633e+00
-1.099392533302307129e+00
-6.119410321116447449e-02
-3.528790771961212158e-01
1.370012760162353516e+00
9.671628475189208984e-01
-6.345282793045043945e-01
9.302640557289123535e-01
-1.558100581169128418e+00
-1.586227774620056152e+00
-2.087174177169799805e+00
7.991323471069335938e-01
3.408716619014739990e-01
5.394395589828491211e-01
-9.099040627479553223e-01
8.618680834770202637e-01
-1.215941309928894043e+00
2.382313013076782227e-01
1.570121049880981445e-01
-8.552142977714538574e-01
5.848822593688964844e-01
-1.577943921089172363e+00
-4.588360488414764404e-01
7.730457782745361328e-01
1.665217757225036621e+00
5.445356369018554688e-01
4.334406554698944092e-01
2.140417248010635376e-01
1.497880667448043823e-01
-6.720470190048217773e-01
-8.726857602596282959e-02
3.537712693214416504e-01
-1.079826503992080688e-01
9.606659412384033203e-01
2.202214717864990234e+00
3.138845264911651611e-01
-1.686495065689086914e+00
1.500112175941467285e+00
-9.531227350234985352e-01
3.109371066093444824e-01
4.524979293346405029e-01
2.236368656158447266e-01
-5.321029424667358398e-01
7.799549698829650879e-01
-7.149205207824707031e-01
5.532476305961608887e-01
-2.909320592880249023e-01
7.632580399513244629e-01
-7.492296695709228516e-01
-1.835902929306030273e-01
-1.001603715121746063e-02
-1.201871752738952637e+00
-1.074172854423522949e+00
-3.754474818706512451e-01
1.191073179244995117e+00
3.125680088996887207e-01
5.627549886703491211e-01
-9.311411380767822266e-01
-2.446157038211822510e-01
7.548134326934814453e-01
-1.483172655105590820e+00
-7.291259169578552246e-01
-1.598052620887756348e+00
-7.700645327568054199e-01
7.296499609947204590e-01
2.008546113967895508e+00
6.989698112010955811e-02
-1.033168882131576538e-01
-1.290707468986511230e+00
2.080733925104141235e-01
-2.260638028383255005e-01
-1.964899063110351562e+00
1.131168603897094727e+00
-8.211625814437866211e-01
-3.840659856796264648e-01
-9.183648228645324707e-01
8.682436943054199219e-01
-6.874557137489318848e-01
-6.899052262306213379e-01
5.668720006942749023e-01
-1.018293857574462891e+00
-4.646507799625396729e-01
9.494103789329528809e-01
-3.561550080776214600e-01
8.653656244277954102e-01
-5.657691359519958496e-01
-9.803544282913208008e-01
1.424183964729309082e+00
-9.027650952339172363e-01
-7.944039106369018555e-01
-2.093873322010040283e-01
