-1.042028307914733887e+00
4.942546486854553223e-01
-3.240718841552734375e-01
6.191482543945312500e-01
-1.199229121208190918e+00
1.423721432685852051e+00
-1.761330008506774902e+00
3.329338431358337402e-01
-6.441887617111206055e-01
-1.421554572880268097e-02
5.785334110260009766e-02
-2.995661795139312744e-01
-4.687865674495697021e-01
-1.890195965766906738e+00
-1.737312078475952148e+00
-1.983150243759155273e-01
3.751754462718963623e-01
-7.442403435707092285e-01
4.628430306911468506e-01
-1.335906833410263062e-01
8.517973870038986206e-02
1.066785693168640137e+00
-1.883175373077392578e-01
9.161493182182312012e-01
6.558286547660827637e-01
4.186126589775085449e-01
-2.264196634292602539e+00
1.892708688974380493e-01
3.593842089176177979e-01
-2.591761648654937744e-01
7.432988286018371582e-01
3.269033133983612061e-01
6.544177532196044922e-01
4.337387681007385254e-01
-4.984861314296722412e-01
1.550394058227539062e+00
-8.903713226318359375e-01
-1.735961794853210449e+00
9.007086753845214844e-01
1.527663946151733398e+00
1.162844061851501465e+00
1.050975844264030457e-01
-1.015490531921386719e+00
1.597321778535842896e-02
5.928982496261596680e-01
-1.190683841705322266e+00
5.205743312835693359e-01
-3.942695558071136475e-01
-4.572445750236511230e-01
-3.101923465728759766e-01
1.489628195762634277e+00
1.708668708801269531e+00
8.812884688377380371e-01
6.346902847290039062e-01
1.829489827156066895e+00
5.037257075309753418e-01
-2.993354499340057373e-01
7.785181999206542969e-01
3.339787423610687256e-01
-1.087205529212951660e+00
2.551612555980682373e-01
1.795214600861072540e-02
3.479975759983062744e-01
1.508388519287109375e-01
1.125100016593933105e+00
4.177034795284271240e-01
-1.796490848064422607e-01
1.027887940406799316e+00
5.050753951072692871e-01
1.251298189163208008e+00
-1.560059338808059692e-01
-7.558003067970275879e-02
-1.219655513763427734e+00
-1.908258795738220215e+00
4.464811086654663086e-01
-4.925898835062980652e-02
-1.450637131929397583e-01
-2.680702924728393555e+00
-1.147118449211120605e+00
8.462114334106445312e-01
1.882688403129577637e+00
3.121059238910675049e-01
2.681526184082031250e+00
-1.616089105606079102e+00
2.797639071941375732e-01
2.088003158569335938e+00
6.823914647102355957e-01
-1.590891331434249878e-01
9.978484362363815308e-02
-1.219908118247985840e+00
-1.468080520629882812e+00
-1.659673810005187988e+00
-2.792316973209381104e-01
8.044468164443969727e-01
7.520563006401062012e-01
1.169088363647460938e+00
-1.017609685659408569e-01
-1.107417106628417969e+00
1.383049488067626953e+00
2.159347981214523315e-01
1.005722522735595703e+00
-2.324624061584472656e-01
5.193850398063659668e-01
1.139544844627380371e+00
-8.334556221961975098e-02
-8.757251501083374023e-01
1.394339799880981445e-01
-6.144131422042846680e-01
-3.383711874485015869e-01
-1.274720072746276855e+00
-1.233704090118408203e+00
-4.470038414001464844e-01
1.195601224899291992e+00
-3.773466050624847412e-01
2.148439168930053711e+00
-1.901911646127700806e-01
9.654114246368408203e-01
1.020697951316833496e+00
6.207360625267028809e-01
7.861831784248352051e-01
-8.052430152893066406e-01
3.753529787063598633e-01
3.832066357135772705e-01
-8.005217313766479492e-01
-1.225068569183349609e+00
1.690219640731811523e-01
1.056938199326395988e-03
-1.099458456039428711e+00
-2.954992294311523438e+00
2.772555053234100342e-01
-5.775586962699890137e-01
2.374812126159667969e+00
-2.394321680068969727e+00
-1.385492682456970215e+00
7.421181201934814453e-01
-3.101720094680786133e+00
-1.422401866875588894e-03
2.917666435241699219e-01
1.701977491378784180e+00
6.590836644172668457e-01
-2.075617164373397827e-01
3.654997646808624268e-01
9.636892080307006836e-01
1.712481975555419922e+00
3.190350770950317383e+00
-5.213439464569091797e-01
6.526318788528442383e-01
4.858883321285247803e-01
-3.400726020336151123e-01
7.376902103424072266e-01
1.735009431838989258e+00
-4.034520387649536133e-01
-1.810737550258636475e-01
2.242804020643234253e-01
3.435103297233581543e-01
8.444361686706542969e-01
-3.074382841587066650e-01
2.514404296875000000e+00
4.214891195297241211e-01
3.039176464080810547e-01
2.093651592731475830e-01
-5.328483581542968750e-01
-3.277823925018310547e-01
7.297064065933227539e-01
-4.539498090744018555e-01
-2.068896144628524780e-01
3.787679970264434814e-02
7.409160733222961426e-01
-2.254108041524887085e-01
3.993009030818939209e-01
-9.801960587501525879e-01
-1.863525152206420898e+00
1.110367029905319214e-01
-1.809037685394287109e+00
4.444661363959312439e-02
-2.901052534580230713e-01
2.053836286067962646e-01
1.130562186241149902e+00
-6.675560474395751953e-01
-8.454457856714725494e-03
-5.380883216857910156e-01
-7.060041427612304688e-01
5.586495399475097656e-01
-1.781184792518615723e+00
-9.152531027793884277e-01
-2.321154624223709106e-01
8.951550722122192383e-01
-1.182550549507141113e+00
9.310564398765563965e-01
-1.232562184333801270e+00
-1.159043908119201660e+00
2.067193746566772461e+00
8.477439284324645996e-01
-4.217277467250823975e-02
9.948971271514892578e-01
1.855982184410095215e+00
6.419686675071716309e-01
2.818281948566436768e-01
-8.743259310722351074e-01
-3.208323419094085693e-01
