-4.843614995479583740e-01
-1.318463236093521118e-01
1.468623518943786621e+00
3.293169140815734863e-01
1.373128771781921387e+00
1.921717226505279541e-01
1.189021989703178406e-01
-1.413823366165161133e-01
8.551666736602783203e-01
-3.003201186656951904e-01
-1.756646275520324707e+00
5.694414377212524414e-01
-1.045510530471801758e+00
-9.687636792659759521e-02
2.684313058853149414e+00
1.145016774535179138e-01
7.928247749805450439e-02
-7.102515101432800293e-01
8.562757819890975952e-02
1.685532212257385254e+00
-3.448744490742683411e-02
1.576724201440811157e-01
1.382206320762634277e+00
3.581131622195243835e-02
-7.078707218170166016e-02
1.250029653310775757e-01
4.232767522335052490e-01
-2.357573986053466797e+00
1.242495059967041016e+00
6.708516739308834076e-03
1.268400669097900391e+00
1.829924583435058594e-01
8.431470990180969238e-01
3.676070570945739746e-01
-1.038633942604064941e+00
1.118304610252380371e+00
1.047846317291259766e+00
6.372758150100708008e-01
-6.098298430442810059e-01
-1.391677498817443848e+00
-1.584121942520141602e+00
5.700635313987731934e-01
-7.895479798316955566e-01
1.680400729179382324e+00
4.318022429943084717e-01
4.966973364353179932e-01
9.739866852760314941e-01
2.025018483400344849e-01
9.845696091651916504e-01
-7.560352087020874023e-01
-1.094852108508348465e-02
-2.785027623176574707e-01
-8.099354505538940430e-01
9.800391793251037598e-01
-3.698564469814300537e-01
-1.380436897277832031e+00
-3.074908852577209473e-01
2.586758852005004883e+00
-1.272164344787597656e+00
1.026609819382429123e-02
4.295380115509033203e-01
1.842568159103393555e+00
3.255503624677658081e-02
1.834161877632141113e+00
1.707739949226379395e+00
-8.999384641647338867e-01
-1.476649880409240723e+00
-7.063553929328918457e-01
-4.736467003822326660e-01
-2.002408802509307861e-01
-1.204440116882324219e+00
-7.041628956794738770e-01
6.468850970268249512e-01
4.241317212581634521e-01
9.687785990536212921e-03
-5.216460302472114563e-02
-1.020343780517578125e+00
7.654811739921569824e-01
-6.873641610145568848e-01
1.153343081474304199e+00
-2.329443022608757019e-02
-5.783740878105163574e-01
-3.125698268413543701e-01
-1.943992972373962402e+00
1.560239315032958984e+00
-2.601817846298217773e+00
2.281490862369537354e-01
-5.004190206527709961e-01
-1.366660371422767639e-02
5.923969149589538574e-01
-1.483183503150939941e+00
-2.645250223577022552e-02
2.916161529719829559e-02
3.059794902801513672e-01
5.783190950751304626e-02
2.618876099586486816e-01
-4.114496335387229919e-02
1.419227868318557739e-01
-4.942520558834075928e-01
-2.816911935806274414e-01
-1.136900424957275391e+00
-4.125394225120544434e-01
5.001035928726196289e-01
5.790163278579711914e-01
-3.105631470680236816e-01
3.006927967071533203e-01
1.515007734298706055e+00
-6.155698299407958984e-01
5.191797018051147461e-01
-1.594568014144897461e+00
-1.846304774284362793e+00
-9.865505099296569824e-01
-1.745206475257873535e+00
-6.978451013565063477e-01
-2.956404089927673340e-01
-1.596713185310363770e+00
6.898651123046875000e-01
-7.095654010772705078e-01
8.286264538764953613e-01
-1.647086143493652344e+00
1.568286657333374023e+00
-2.295905053615570068e-01
-4.661148190498352051e-01
7.836062312126159668e-01
8.629121184349060059e-01
4.142132699489593506e-01
7.509991526603698730e-01
-2.043761014938354492e-01
-1.843808054924011230e+00
1.982927322387695312e-01
-3.593460321426391602e-01
-1.124311804771423340e+00
-1.588723778724670410e+00
5.349761843681335449e-01
6.233153343200683594e-01
6.079033017158508301e-01
-2.195047616958618164e+00
-1.439314484596252441e+00
5.343636274337768555e-01
-1.008521556854248047e+00
1.114493846893310547e+00
-7.241386175155639648e-01
-1.356844782829284668e+00
-1.974576950073242188e+00
3.540593087673187256e-01
-1.630130559206008911e-01
3.601311743259429932e-01
-2.219652011990547180e-02
7.051544189453125000e-01
6.393060833215713501e-02
4.118118882179260254e-01
-1.412073671817779541e-01
-6.286949850618839264e-03
1.052857995033264160e+00
-1.558501958847045898e+00
7.274770140647888184e-01
1.243362426757812500e+00
-2.847612202167510986e-01
2.495589971542358398e+00
-2.562576055526733398e+00
1.357513219118118286e-01
2.323523461818695068e-01
-9.788338541984558105e-01
-3.239499032497406006e-01
-1.529897679574787617e-03
1.142734512686729431e-01
-8.885716199874877930e-01
8.828457593917846680e-01
-9.529882669448852539e-02
3.532281816005706787e-01
-8.754223585128784180e-01
-1.421410560607910156e+00
-6.143914461135864258e-01
3.946059569716453552e-02
3.150255382061004639e-01
-1.111869692802429199e+00
5.949978828430175781e-01
-5.014095306396484375e-01
4.837060570716857910e-01
5.503518506884574890e-02
-5.270257592201232910e-01
-1.910360753536224365e-01
-1.469176292419433594e+00
3.336136937141418457e-01
1.369498223066329956e-01
1.360852569341659546e-01
5.749998092651367188e-01
-7.794486880302429199e-01
4.551687538623809814e-01
6.148876547813415527e-01
-3.482396900653839111e-01
-2.494585663080215454e-01
-2.612520456314086914e-01
-2.621580064296722412e-01
1.876162886619567871e-01
-2.305321246385574341e-01
-9.037897586822509766e-01
-1.169135928153991699e+00
-2.688917219638824463e-01
9.390977025032043457e-01
-1.103589683771133423e-01
-5.181458592414855957e-01
-1.567212045192718506e-01
6.030233949422836304e-02
-7.932209968566894531e-01
-1.700483441352844238e+00
-1.271618127822875977e+00
1.242670416831970215e+00
1.798292875289916992e+00
-7.008638978004455566e-01
-6.389945149421691895e-01
1.251250743865966797e+00
-1.270482301712036133e+00
3.456409573554992676e-01
-4.047660529613494873e-01
-7.129765748977661133e-01
-8.488429337739944458e-02
2.541922926902770996e-01
1.367151737213134766e+00
8.601967096328735352e-01
8.380081057548522949e-01
-6.590093374252319336e-01
-6.293927878141403198e-02
-1.976641178131103516e+00
-9.537927806377410889e-02
-9.150630831718444824e-01
1.060172989964485168e-01
7.784690856933593750e-01
2.420433312654495239e-01
-1.197737902402877808e-01
6.431196928024291992e-01
1.091696143150329590e+00
1.180678009986877441e+00
2.358371168375015259e-01
-2.346584081649780273e+00
9.652934670448303223e-01
-2.582744359970092773e-01
2.942503988742828369e-01
-1.592082858085632324e+00
8.074123263359069824e-01
-1.440539717674255371e+00
-6.272987127304077148e-01
-1.677709341049194336e+00
8.791693449020385742e-01
-2.277039289474487305e+00
1.109757542610168457e+00
5.852004885673522949e-01
-3.031977415084838867e-01
1.113467574119567871e+00
7.888664007186889648e-01
-1.118310987949371338e-01
-9.189374744892120361e-02
-5.091188549995422363e-01
1.325431704521179199e+00
-1.880508303642272949e+00
2.921918630599975586e-01
5.353840589523315430e-01
-1.328251600265502930e+00
-1.916631221771240234e+00
-3.761661350727081299e-01
-2.122615277767181396e-01
-6.003653258085250854e-02
1.048811078071594238e+00
-9.450705647468566895e-01
-7.141188383102416992e-01
4.002865850925445557e-01
2.126669645309448242e+00
2.099517822265625000e+00
-5.714731216430664062e-01
2.664935290813446045e-01
-1.234036445617675781e+00
4.775924980640411377e-01
5.297402739524841309e-01
1.499906539916992188e+00
2.954279780387878418e-01
1.079726576805114746e+00
-3.165253996849060059e-01
1.296175122261047363e+00
1.153211355209350586e+00
1.657959580421447754e+00
-4.150618016719818115e-01
-4.994736611843109131e-01
1.039509296417236328e+00
-1.470721960067749023e+00
-5.413606017827987671e-02
-6.128429248929023743e-02
3.273963034152984619e-01
9.632291197776794434e-01
2.017182409763336182e-01
1.868924856185913086e+00
8.299272060394287109e-01
3.809917569160461426e-01
-2.685818970203399658e-01
-1.099518299102783203e+00
3.439398109912872314e-01
-3.978582620620727539e-01
4.707152768969535828e-02
-5.925974845886230469e-01
-4.674242138862609863e-01
-1.048060655593872070e+00
-7.287830114364624023e-01
-2.991268634796142578e-01
-7.881134152412414551e-01
1.234672144055366516e-01
-1.085554718971252441e+00
-6.768468618392944336e-01
-5.456404089927673340e-01
-8.272829465568065643e-03
-9.901948571205139160e-01
-5.365902185440063477e-01
-6.808216571807861328e-01
2.648062109947204590e-01
1.919327497482299805e+00
1.990890979766845703e+00
4.278273880481719971e-01
2.288414716720581055e+00
-1.014303565025329590e+00
1.979203581809997559e+00
8.382094502449035645e-01
1.588084816932678223e+00
5.347491428256034851e-02
9.101491570472717285e-01
7.094810009002685547e-01
-4.799837470054626465e-01
-1.064879775047302246e+00
-2.241771459579467773e+00
5.089339613914489746e-01
8.682087063789367676e-01
-1.968677282333374023e+00
-9.717773199081420898e-01
1.130994081497192383e+00
-5.449498295783996582e-01
-1.897429466247558594e+00
1.456737518310546875e+00
-4.534226357936859131e-01
5.510098999366164207e-04
-6.301401853561401367e-01
-1.213124275207519531e+00
5.096272230148315430e-01
1.032389044761657715e+00
2.076012641191482544e-01
2.008299112319946289e+00
1.210726857185363770e+00
-2.339596897363662720e-01
1.253176927566528320e+00
1.946386992931365967e-01
1.088147521018981934e+00
-1.587657630443572998e-01
-8.750972747802734375e-01
-5.744599103927612305e-01
9.000398516654968262e-01
-1.596014946699142456e-01
-1.249627113342285156e+00
2.546593666076660156e+00
1.231138825416564941e+00
-1.457961678504943848e+00
-1.531218290328979492e+00
5.119480490684509277e-01
4.744632244110107422e-01
-4.401889145374298096e-01
-2.095211111009120941e-02
-6.921988725662231445e-02
-1.008283138275146484e+00
-8.426023125648498535e-01
1.798393875360488892e-01
-2.222874402999877930e+00
-1.413380503654479980e+00
-6.220950484275817871e-01
9.223503470420837402e-01
-2.417284548282623291e-01
1.057659015059471130e-01
-7.166429162025451660e-01
6.987428665161132812e-01
8.628202080726623535e-01
-2.129128932952880859e+00
-1.043342947959899902e+00
2.525425255298614502e-01
-6.221218109130859375e-01
9.411129355430603027e-02
-6.646125316619873047e-01
-1.234020352363586426e+00
1.355767846107482910e+00
-3.813943266868591309e-01
6.270794272422790527e-01
6.992905735969543457e-01
1.686164855957031250e+00
5.284041762351989746e-01
8.915765881538391113e-01
5.461826324462890625e-01
-5.123382210731506348e-01
-3.938355743885040283e-01
3.657060861587524414e-01
-2.145438194274902344e+00
1.773847341537475586e+00
-8.964565396308898926e-01
-3.593790829181671143e-01
-1.115411281585693359e+00
-3.117780089378356934e-01
-1.183470010757446289e+00
-5.959747433662414551e-01
-1.684671521186828613e+00
-4.589329361915588379e-01
1.195829659700393677e-01
1.055324196815490723e+00
1.385947167873382568e-01
-1.490493774414062500e+00
3.459719717502593994e-01
2.340416312217712402e-01
-2.379583120346069336e-01
-5.139268040657043457e-01
7.444161176681518555e-01
1.160634040832519531e+00
1.203633785247802734e+00
2.719668865203857422e+00
-1.803051590919494629e+00
-3.488102257251739502e-01
-1.465705275535583496e+00
-3.419426381587982178e-01
-7.461161911487579346e-02
-1.186018586158752441e+00
5.074564218521118164e-01
2.999145090579986572e-01
-2.094662040472030640e-01
5.482551828026771545e-02
-2.100379705429077148e+00
1.308660507202148438e-01
-1.377300858497619629e+00
2.964704930782318115e-01
-4.648546278476715088e-01
-2.595714852213859558e-02
-5.473945736885070801e-01
-2.950972914695739746e-01
-3.087609708309173584e-01
-9.614650607109069824e-01
-9.254894852638244629e-01
3.042502701282501221e-01
-1.184583306312561035e+00
9.182597994804382324e-01
6.010961532592773438e-01
-1.694455385208129883e+00
-9.203761816024780273e-03
-1.626359343528747559e+00
7.239892482757568359e-01
-1.147420167922973633e+00
-1.683807969093322754e-01
-5.171529054641723633e-01
-6.013403534889221191e-01
6.342661976814270020e-01
2.143541574478149414e+00
-6.301776766777038574e-01
-8.260650932788848877e-02
-1.074059724807739258e+00
-1.582921892404556274e-01
5.135483108460903168e-03
5.761437416076660156e-01
-6.815700531005859375e-01
-3.829355239868164062e-01
-1.434980392456054688e+00
7.262458801269531250e-01
-1.134668350219726562e+00
-1.655424356460571289e+00
3.044017851352691650e-01
2.094779491424560547e+00
9.646737575531005859e-02
8.342841863632202148e-01
-1.810747146606445312e+00
-7.297977209091186523e-01
7.913885116577148438e-01
1.296687006950378418e+00
-1.165242791175842285e+00
2.100958824157714844e+00
-5.374039411544799805e-01
3.316775560379028320e-01
-1.417382717132568359e+00
-4.214227199554443359e-01
2.459491938352584839e-01
1.398272275924682617e+00
-7.525042891502380371e-01
-1.915377616882324219e+00
-1.083474993705749512e+00
-1.935953736305236816e+00
1.242696762084960938e+00
-1.545777559280395508e+00
-3.602536022663116455e-01
-4.551882147789001465e-01
-9.803047776222229004e-02
3.958819806575775146e-01
4.096962511539459229e-01
9.977527856826782227e-01
9.097791910171508789e-01
4.876686036586761475e-01
1.196654796600341797e+00
-5.155722498893737793e-01
-1.094231724739074707e+00
-1.327741384506225586e+00
7.605324983596801758e-01
-1.102454900741577148e+00
2.336440682411193848e-01
-1.130825281143188477e+00
2.410233318805694580e-01
2.565670609474182129e-01
1.309402346611022949e+00
1.163306713104248047e+00
4.184274971485137939e-01
-1.697813630104064941e+00
-1.022216200828552246e+00
1.348312497138977051e+00
5.479184985160827637e-01
-6.951469182968139648e-01
6.317993402481079102e-01
5.298131704330444336e-01
9.156931042671203613e-01
3.898409605026245117e-01
-6.666225790977478027e-01
-1.080073267221450806e-01
1.259224176406860352e+00
-1.221757650375366211e+00
7.050105333328247070e-01
6.218076348304748535e-01
-1.042579412460327148e+00
1.529250264167785645e+00
2.208458423614501953e+00
-9.958432316780090332e-01
-7.606191635131835938e-01
6.822096556425094604e-02
-5.122334361076354980e-01
-8.703752607107162476e-02
-1.242920517921447754e+00
-1.470425575971603394e-01
6.881436109542846680e-01
-1.025921583175659180e+00
-2.541296005249023438e+00
1.028619781136512756e-01
-8.259729743003845215e-01
-3.553988039493560791e-01
-1.965512633323669434e+00
-2.066473007202148438e+00
-9.737266898155212402e-01
-1.134548068046569824e+00
-5.066343545913696289e-01
6.988703012466430664e-01
1.114184379577636719e+00
7.560148835182189941e-01
1.766644597053527832e+00
-2.922333660535514355e-04
4.722519963979721069e-02
-1.051151379942893982e-01
2.412724047899246216e-01
-1.979434788227081299e-01
2.245846018195152283e-02
1.293700814247131348e+00
4.175428450107574463e-01
3.875295221805572510e-01
1.036935210227966309e+00
1.538668036460876465e+00
-1.999572992324829102e+00
-1.107846736907958984e+00
-9.479497671127319336e-01
2.021134048700332642e-01
-1.467016339302062988e+00
-4.827168583869934082e-01
1.680506348609924316e+00
-1.092723011970520020e+00
-1.422485589981079102e+00
7.229002118110656738e-01
3.257969915866851807e-01
-1.053691625595092773e+00
-5.948643013834953308e-02
5.107504725456237793e-01
-5.199658870697021484e-01
-6.776690483093261719e-01
-1.477700769901275635e-01
3.355603292584419250e-02
3.061054348945617676e-01
-1.862124651670455933e-01
-1.693749070167541504e+00
-1.563272476196289062e+00
-4.766938090324401855e-01
-3.242371380329132080e-01
-1.285850286483764648e+00
9.888646602630615234e-01
-2.713909558951854706e-02
2.704798579216003418e-01
-1.803032279014587402e+00
2.959713339805603027e-01
2.558258771896362305e-01
-1.145772710442543030e-01
1.081689476966857910e+00
-1.194969564676284790e-02
5.403663516044616699e-01
-2.412875652313232422e+00
6.444912552833557129e-01
-8.259803801774978638e-02
-1.434140086174011230e+00
8.928390741348266602e-01
1.438244879245758057e-01
-9.579846262931823730e-01
1.267602682113647461e+00
1.138687491416931152e+00
8.920014500617980957e-01
