-7.121445983648300171e-02
-1.012901544570922852e+00
3.392456471920013428e-01
2.301429748535156250e+00
1.110836505889892578e+00
-1.813929378986358643e-01
2.772231996059417725e-01
2.128447055816650391e+00
1.095107197761535645e+00
-3.808701038360595703e-01
1.189750075340270996e+00
1.431319117546081543e+00
-1.537292361259460449e+00
1.471955776214599609e-01
8.390659093856811523e-01
-9.977096319198608398e-01
-9.366324543952941895e-01
2.790843248367309570e+00
1.169512033462524414e+00
5.396333932876586914e-01
-5.110844969749450684e-01
-1.320160984992980957e+00
-7.117660045623779297e-01
6.669723987579345703e-02
8.082341551780700684e-01
1.085525035858154297e+00
3.184027969837188721e-02
1.118723034858703613e+00
-1.196760416030883789e+00
-3.628834784030914307e-01
1.172651648521423340e+00
-1.816774532198905945e-02
-7.615425586700439453e-01
-2.537979483604431152e-01
1.982015967369079590e-01
-7.906428575515747070e-01
-1.099100232124328613e+00
-1.043325185775756836e+00
1.395384788513183594e+00
-3.213441073894500732e-01
-1.727129459381103516e+00
6.018046289682388306e-03
5.194624662399291992e-01
1.347990393638610840e+00
6.141570806503295898e-01
-4.723896980285644531e-01
-1.413941383361816406e-01
6.301603913307189941e-01
9.371563196182250977e-01
1.093281269073486328e+00
6.880716979503631592e-02
2.346754312515258789e+00
-8.134909719228744507e-02
8.856737613677978516e-02
-5.057004690170288086e-01
-3.971056342124938965e-01
1.909237980842590332e+00
1.638435721397399902e-01
-1.179803848266601562e+00
1.573810428380966187e-01
5.964418649673461914e-01
-5.319995284080505371e-01
6.139039993286132812e-01
7.235938906669616699e-01
1.124151587486267090e+00
-1.062577247619628906e+00
3.288495540618896484e-01
-1.079180955886840820e+00
9.381168484687805176e-01
2.244194447994232178e-01
1.249872326850891113e+00
8.443465828895568848e-01
1.448024272918701172e+00
-1.496221542358398438e+00
-4.114381670951843262e-01
-8.419697880744934082e-01
1.322538375854492188e+00
-4.084495306015014648e-01
3.946879208087921143e-01
3.350813686847686768e-01
-9.713290631771087646e-02
2.498349428176879883e+00
-1.449758291244506836e+00
4.228161573410034180e-01
3.307155668735504150e-01
8.454100228846073151e-03
1.483105897903442383e+00
-8.502323627471923828e-01
1.486021637916564941e+00
7.472377419471740723e-01
9.600048661231994629e-01
1.112386703491210938e+00
3.939704895019531250e-01
-6.795272827148437500e-01
-2.292900085449218750e-01
-6.001666784286499023e-01
9.740399718284606934e-01
6.602271199226379395e-01
-7.040157914161682129e-01
9.212110042572021484e-01
-1.479304075241088867e+00
1.548001527786254883e+00
-1.985523551702499390e-01
-7.465439438819885254e-01
-1.247940778732299805e+00
-1.638749957084655762e+00
1.360989332199096680e+00
-7.546772360801696777e-01
-3.880005776882171631e-01
-6.279644966125488281e-01
-3.838737010955810547e-01
6.474436521530151367e-01
-5.648309588432312012e-01
-1.527084708213806152e+00
7.207497954368591309e-01
6.593851447105407715e-01
-1.770033955574035645e+00
5.502614378929138184e-01
-7.826687693595886230e-01
-1.621638387441635132e-01
4.613685309886932373e-01
4.480613470077514648e-01
-2.541816473007202148e+00
-1.925139069557189941e+00
6.846351176500320435e-02
3.137026131153106689e-01
8.220353722572326660e-02
-1.087301850318908691e+00
-2.302387654781341553e-01
1.133445501327514648e+00
-4.797717332839965820e-01
-1.316681385040283203e+00
-1.529465675354003906e+00
3.581301569938659668e-01
1.339737892150878906e+00
1.007086858153343201e-01
-8.035558462142944336e-01
8.515527844429016113e-01
-1.402686476707458496e+00
-6.014404892921447754e-01
-9.019587039947509766e-01
8.410067558288574219e-01
-1.594487547874450684e+00
-4.523408785462379456e-02
-8.293963074684143066e-01
6.500542759895324707e-01
-9.990291595458984375e-01
-2.610925734043121338e-01
-5.721535086631774902e-01
-2.374276816844940186e-01
-8.871740102767944336e-01
4.904776513576507568e-01
1.693447589874267578e+00
1.398942589759826660e+00
3.207549452781677246e-02
1.160676956176757812e+00
-8.521762490272521973e-01
3.344199955463409424e-01
-4.064509570598602295e-01
2.009868383407592773e+00
-2.994990944862365723e-01
6.443712115287780762e-01
-5.940350890159606934e-01
1.527602195739746094e+00
-1.602591276168823242e-01
5.103057026863098145e-01
-2.765804231166839600e-01
-1.766364097595214844e+00
3.512193262577056885e-01
1.545211434364318848e+00
-6.330128014087677002e-02
-1.540022343397140503e-01
-1.930811554193496704e-01
-7.757477164268493652e-01
7.891254425048828125e-01
1.228094220161437988e+00
2.821426391601562500e+00
7.685063481330871582e-01
-1.514473795890808105e+00
-5.698977708816528320e-01
-8.344264030456542969e-01
1.231004238128662109e+00
1.785319328308105469e+00
-7.253233194351196289e-01
-4.126531183719635010e-01
8.792742490768432617e-01
2.935320436954498291e-01
2.393687248229980469e+00
5.160825848579406738e-01
-1.709188699722290039e+00
7.271617054939270020e-01
1.133420228958129883e+00
-2.493735700845718384e-01
-1.847651600837707520e+00
-2.055651187896728516e+00
3.833268582820892334e-01
-3.963843882083892822e-01
1.853742823004722595e-02
-7.413014173507690430e-01
-6.694271564483642578e-01
-1.054998040199279785e+00
1.284288316965103149e-01
-3.713000714778900146e-01
8.111106157302856445e-01
4.092957451939582825e-02
-6.278064846992492676e-01
-3.831514716148376465e-01
1.620080947875976562e+00
-5.911877155303955078e-01
1.050096273422241211e+00
3.417304754257202148e-01
-1.040527939796447754e+00
-7.701363563537597656e-01
1.114886283874511719e+00
3.661129772663116455e-01
-6.990219950675964355e-01
3.349694907665252686e-01
5.399694442749023438e-01
5.206466317176818848e-01
1.430382013320922852e+00
-1.498915255069732666e-01
5.197716355323791504e-01
8.344982862472534180e-01
5.283782482147216797e-01
2.481590807437896729e-01
1.967578530311584473e-01
1.024101018905639648e+00
-2.146287918090820312e+00
1.850202560424804688e+00
-3.338688611984252930e-01
-1.670818924903869629e+00
-1.489594578742980957e-01
2.856985330581665039e-01
1.698793321847915649e-01
2.144435882568359375e+00
-1.890417695045471191e+00
-1.066477894783020020e+00
-1.002565622329711914e+00
1.276876688003540039e+00
8.693379759788513184e-01
1.415892839431762695e+00
4.685809314250946045e-01
3.069262504577636719e-01
-2.351215779781341553e-01
-9.102820754051208496e-01
-1.111513003706932068e-01
1.017702579498291016e+00
1.300670266151428223e+00
1.375813841819763184e+00
-3.412674367427825928e-01
-1.764308929443359375e+00
2.904858887195587158e-01
9.894748330116271973e-01
-1.825661659240722656e+00
7.239234447479248047e-01
9.202432632446289062e-01
2.680241167545318604e-01
-1.371669411659240723e+00
1.040729641914367676e+00
-1.145167589187622070e+00
1.822724044322967529e-01
-1.102956533432006836e+00
-5.843837857246398926e-01
3.649145066738128662e-01
-1.240729928016662598e+00
-4.335887730121612549e-01
8.619161844253540039e-01
2.037686347961425781e+00
1.676625847816467285e+00
2.456439584493637085e-01
6.993707418441772461e-01
2.868593037128448486e-01
-1.478159666061401367e+00
-7.104535102844238281e-01
2.130307912826538086e+00
-2.252354919910430908e-01
6.174523830413818359e-01
8.100385665893554688e-01
2.477228939533233643e-01
4.806120321154594421e-02
-5.121484771370887756e-02
-1.367863655090332031e+00
1.611998677253723145e+00
-1.230816394090652466e-01
-8.159621357917785645e-01
1.167796969413757324e+00
1.803771734237670898e+00
-7.095751762390136719e-01
9.143177419900894165e-02
-5.863743424415588379e-01
-1.381509423255920410e+00
-8.787549138069152832e-01
-1.201082348823547363e+00
-1.274084568023681641e+00
-1.335356384515762329e-01
-1.039269804954528809e+00
-7.387693524360656738e-01
6.209759116172790527e-01
-8.262878060340881348e-01
5.747348666191101074e-01
7.145620584487915039e-01
-9.428504109382629395e-02
7.541375160217285156e-01
-2.094466835260391235e-01
-2.265835702419281006e-01
-6.836230754852294922e-01
2.378659993410110474e-01
-7.353855371475219727e-01
9.910206198692321777e-01
1.715645752847194672e-02
1.260938167572021484e+00
-1.447531580924987793e-01
-5.378696694970130920e-02
2.176502197980880737e-01
9.403693079948425293e-01
-1.365736126899719238e+00
-7.802450656890869141e-01
9.111430644989013672e-01
-4.081490337848663330e-01
-8.110949397087097168e-01
1.391930341720581055e+00
-4.242756068706512451e-01
-2.100644111633300781e+00
1.298926949501037598e+00
6.653144359588623047e-01
2.675153017044067383e-01
1.006398558616638184e+00
7.785987257957458496e-01
4.387159645557403564e-01
-1.350247144699096680e+00
-9.911000728607177734e-01
-6.312501430511474609e-01
5.363010764122009277e-01
-6.360655426979064941e-01
-1.457261387258768082e-02
1.924542784690856934e+00
-4.830881953239440918e-01
8.372281789779663086e-01
-2.450049161911010742e+00
2.065299034118652344e+00
2.132817208766937256e-01
-9.008785486221313477e-01
-5.893174409866333008e-01
-1.753418445587158203e-01
-9.739800095558166504e-01
6.482284516096115112e-02
-3.415969386696815491e-02
1.572397947311401367e+00
-1.301253676414489746e+00
3.958363458514213562e-02
3.165490329265594482e-01
1.024247169494628906e+00
6.704665422439575195e-01
-3.179192543029785156e+00
4.142334163188934326e-01
1.649137258529663086e+00
-8.825557827949523926e-01
-4.703348875045776367e-01
-3.975975811481475830e-01
-1.643875956535339355e+00
-7.691571712493896484e-01
1.185305833816528320e+00
-1.842015504837036133e+00
8.087173700332641602e-01
5.214513540267944336e-01
-8.382019400596618652e-01
8.705842494964599609e-01
-1.160764217376708984e+00
9.452061355113983154e-02
1.316329121589660645e+00
1.543380975723266602e+00
-4.943509399890899658e-01
2.073793649673461914e+00
-1.196738600730895996e+00
-1.007595300674438477e+00
-1.606934905052185059e+00
4.426591098308563232e-01
-5.100277066230773926e-01
4.655567407608032227e-01
-1.036056399345397949e+00
-5.045186877250671387e-01
6.124954819679260254e-01
-1.108981370925903320e+00
-2.183949351310729980e-01
3.900893926620483398e-01
1.732629239559173584e-01
4.074211716651916504e-01
3.455250859260559082e-01
-2.499208748340606689e-01
9.158524274826049805e-01
4.330745935440063477e-01
-1.128541469573974609e+00
-1.250636458396911621e+00
6.069772243499755859e-01
-1.974784493446350098e+00
-1.184714436531066895e+00
5.586807131767272949e-01
-3.178376853466033936e-01
-4.363182783126831055e-01
8.404714465141296387e-01
