-1.031177282333374023e+00
1.113633275032043457e+00
-1.617505669593811035e+00
-4.048143923282623291e-01
-3.963916599750518799e-01
7.984062433242797852e-01
-4.275996983051300049e-01
6.679689288139343262e-01
-1.057964563369750977e+00
1.593133687973022461e+00
6.378690004348754883e-01
1.560545682907104492e+00
-1.216332435607910156e+00
-1.058835148811340332e+00
1.699725724756717682e-02
-1.497457265853881836e+00
5.062807798385620117e-01
-9.040164351463317871e-01
-1.344441652297973633e+00
-1.654644161462783813e-01
5.983591824769973755e-02
-1.252646923065185547e+00
2.981062233448028564e-01
-2.623116075992584229e-01
5.332096014171838760e-03
4.925476312637329102e-01
3.440976142883300781e-01
-9.066590666770935059e-02
5.386519432067871094e-01
9.716929197311401367e-01
-2.442810297012329102e+00
-8.420226573944091797e-01
8.371444940567016602e-01
8.885790109634399414e-01
-1.347329974174499512e+00
2.185071706771850586e+00
-1.892469525337219238e+00
-1.843319535255432129e+00
7.128918766975402832e-01
-4.731494784355163574e-01
-1.133492708206176758e+00
7.886803150177001953e-01
-5.803486704826354980e-01
2.576462030410766602e-01
2.034616470336914062e+00
7.413085699081420898e-01
1.284653186798095703e+00
1.120743989944458008e+00
6.406689435243606567e-02
-6.189134344458580017e-02
-3.854581713676452637e-01
1.540975451469421387e+00
5.953550338745117188e-01
9.873641729354858398e-01
1.922581046819686890e-01
-1.865223884582519531e+00
2.954805642366409302e-02
-1.242139697074890137e+00
-7.376363873481750488e-01
-1.422802567481994629e+00
5.745018124580383301e-01
-5.890821814537048340e-01
-1.127672910690307617e+00
-4.232211112976074219e-01
6.549492478370666504e-01
-1.173418402671813965e+00
2.191100597381591797e+00
2.265868186950683594e-01
-8.593817055225372314e-02
-5.421043038368225098e-01
1.872773885726928711e+00
-5.477683544158935547e-01
-1.649731844663619995e-01
4.941750466823577881e-01
2.228528410196304321e-01
-6.814928650856018066e-01
2.626042366027832031e-01
-3.624441325664520264e-01
-5.600330829620361328e-01
-7.384752482175827026e-02
4.291193932294845581e-02
1.590402841567993164e+00
1.987799882888793945e+00
-1.941195249557495117e+00
1.984612107276916504e+00
-6.428263615816831589e-03
-1.779629111289978027e+00
8.284568786621093750e-01
-5.355637073516845703e-01
-4.734126329421997070e-01
-4.015216827392578125e-01
-3.935649991035461426e-01
4.889120459556579590e-01
-3.769630193710327148e-01
-1.525255680084228516e+00
-7.117363810539245605e-01
-8.189921975135803223e-01
1.034971475601196289e+00
9.480858445167541504e-01
-9.530650973320007324e-01
4.556720554828643799e-01
-1.322772651910781860e-01
9.914244711399078369e-02
2.341970503330230713e-01
9.252950549125671387e-01
2.119709551334381104e-01
-3.035222925245761871e-02
-3.272324055433273315e-02
-2.077937602996826172e+00
1.495855212211608887e+00
-2.291519641876220703e+00
-6.020025014877319336e-01
-1.218765139579772949e+00
1.050256490707397461e+00
1.574353873729705811e-01
-6.450256705284118652e-02
8.134087324142456055e-01
-4.495791792869567871e-01
2.033936262130737305e+00
1.235527694225311279e-01
-7.260202765464782715e-01
1.568544983863830566e+00
1.617831289768218994e-01
1.169818758964538574e+00
1.360629796981811523e+00
-4.271488189697265625e-01
-6.408616155385971069e-02
6.207220554351806641e-01
-1.484743237495422363e+00
-6.155536770820617676e-01
-7.972099632024765015e-02
1.851188898086547852e+00
-8.131371736526489258e-01
4.219287037849426270e-01
1.363148570060729980e+00
1.937055587768554688e+00
3.862247467041015625e-01
2.044634580612182617e+00
-1.844624131917953491e-01
7.835994958877563477e-01
-6.765867471694946289e-01
1.729124307632446289e+00
2.967749118804931641e+00
1.432319164276123047e+00
-1.125000715255737305e+00
8.067693114280700684e-01
-3.076357953250408173e-02
1.420551419258117676e+00
-2.502468526363372803e-01
-1.227141141891479492e+00
1.668443679809570312e+00
-2.508343756198883057e-01
-7.289476394653320312e-01
2.211655676364898682e-01
-1.300691485404968262e+00
8.407102227210998535e-01
-7.648047208786010742e-01
1.466568112373352051e+00
-6.001156568527221680e-01
1.460706353187561035e+00
-3.724804222583770752e-01
-1.248102337121963501e-01
-4.823807775974273682e-01
2.901795804500579834e-01
-3.187750279903411865e-02
4.077365994453430176e-01
1.386630773544311523e+00
-5.418781191110610962e-02
1.479942947626113892e-01
1.581136226654052734e+00
1.340007424354553223e+00
1.804874241352081299e-01
3.419078290462493896e-01
-6.728356480598449707e-01
8.902722597122192383e-01
1.005998492240905762e+00
-6.193219423294067383e-01
-6.950037479400634766e-01
4.642772674560546875e-01
-6.761657595634460449e-01
5.850849151611328125e-01
2.552104473114013672e+00
-4.227268397808074951e-01
1.486266613006591797e+00
1.980102062225341797e-01
-1.216285824775695801e+00
-3.344441950321197510e-02
-5.949711203575134277e-01
-1.704378962516784668e+00
-9.626652598381042480e-01
4.121449887752532959e-01
8.512339591979980469e-01
-3.610628545284271240e-01
4.705941081047058105e-01
-4.986872673034667969e-01
1.481787413358688354e-01
9.451126307249069214e-02
3.178375586867332458e-02
-8.239005208015441895e-01
-4.332451894879341125e-02
1.293822407722473145e+00
2.372485846281051636e-01
1.694303989410400391e+00
1.724293470382690430e+00
1.194691538810729980e+00
9.749214053153991699e-01
-1.566523432731628418e+00
-9.400656223297119141e-01
2.359596043825149536e-01
-5.726012587547302246e-01
5.916602611541748047e-01
-1.148098707199096680e+00
-5.411437153816223145e-01
4.873623549938201904e-01
4.656272232532501221e-01
6.085098981857299805e-01
1.162162870168685913e-01
1.275036096572875977e+00
2.935608029365539551e-01
-1.120087623596191406e+00
7.687096595764160156e-01
-1.228685617446899414e+00
-7.825945019721984863e-01
2.228357642889022827e-02
6.566588282585144043e-01
-3.501611649990081787e-01
-9.858057498931884766e-01
-2.305443763732910156e+00
-6.349965333938598633e-01
-8.947255015373229980e-01
-5.746752619743347168e-01
1.468884646892547607e-01
-2.128584384918212891e+00
1.064564347267150879e+00
6.276531815528869629e-01
-1.290071904659271240e-01
-8.550684899091720581e-02
-4.546802341938018799e-01
-1.454957127571105957e-01
1.718937158584594727e-01
1.243466883897781372e-01
5.794230103492736816e-01
-7.386015355587005615e-02
-4.533371627330780029e-01
9.968738555908203125e-01
-9.213584065437316895e-01
1.667310476303100586e+00
-8.659788370132446289e-01
1.018098354339599609e+00
-2.255012750625610352e+00
-3.332917392253875732e-02
3.504342436790466309e-01
2.917962670326232910e-01
1.527203559875488281e+00
-1.517040133476257324e-01
-6.723440438508987427e-02
-4.110621511936187744e-01
-1.961296439170837402e+00
-8.316274881362915039e-01
1.866333782672882080e-01
6.376364827156066895e-01
-2.144975900650024414e+00
-7.111400365829467773e-02
8.970120549201965332e-01
2.049066066741943359e+00
-3.535995632410049438e-02
8.369498252868652344e-01
3.466421365737915039e-01
-1.165540814399719238e+00
-8.974124789237976074e-01
-5.520430207252502441e-01
-8.884216099977493286e-02
-3.336932361125946045e-01
-8.369576334953308105e-01
-8.455539345741271973e-01
4.954575598239898682e-01
1.462720800191164017e-02
8.920013308525085449e-01
7.433517575263977051e-01
-1.504565924406051636e-01
-4.228191077709197998e-01
-3.074051141738891602e-01
1.125655055046081543e+00
3.435362875461578369e-01
-6.043394804000854492e-01
-5.948991179466247559e-01
7.102832198143005371e-01
4.811691343784332275e-01
1.781115651130676270e+00
1.017965793609619141e+00
-1.469181180000305176e+00
-8.865779638290405273e-01
1.346796274185180664e+00
-1.453602034598588943e-02
9.299381971359252930e-01
-5.626186132431030273e-01
1.269453525543212891e+00
-6.070140004158020020e-01
-3.193030953407287598e-01
-2.526425421237945557e-01
1.201292634010314941e+00
8.383285403251647949e-01
-8.666363358497619629e-01
1.378698348999023438e+00
-3.262261748313903809e-01
-4.959631860256195068e-01
1.435165852308273315e-01
-1.870548605918884277e+00
-5.928319692611694336e-01
-1.344094991683959961e+00
-5.643419623374938965e-01
1.683192729949951172e+00
1.388046443462371826e-01
-1.675472855567932129e+00
-7.856762409210205078e-01
-2.181014269590377808e-01
5.246525406837463379e-01
-1.617027878761291504e+00
9.727382063865661621e-01
-1.143772125244140625e+00
9.338117241859436035e-01
-3.583569824695587158e-02
1.913406848907470703e+00
6.242310404777526855e-01
-4.962593019008636475e-01
-2.031225442886352539e+00
-1.269519031047821045e-01
-8.665737509727478027e-01
-2.367165172472596169e-03
-3.092115819454193115e-01
4.587818682193756104e-01
-2.728500589728355408e-02
-1.624488472938537598e+00
4.718546569347381592e-02
1.411617398262023926e+00
-2.053629755973815918e-01
8.410700559616088867e-01
-8.754745125770568848e-01
4.218029081821441650e-01
-8.793706446886062622e-02
-2.836705446243286133e-01
-3.840382099151611328e-01
6.956838369369506836e-01
-2.623049020767211914e-01
-1.755166292190551758e+00
3.004730641841888428e-01
2.410585582256317139e-01
-3.425715267658233643e-01
-6.399024128913879395e-01
-1.251237690448760986e-01
3.718307912349700928e-01
-3.232075572013854980e-01
-1.584813714027404785e+00
8.135543465614318848e-01
-3.515035808086395264e-01
9.328284263610839844e-01
8.260302543640136719e-01
-9.825995564460754395e-01
-3.314205110073089600e-01
-4.901475608348846436e-01
2.128610908985137939e-01
-1.605738878250122070e+00
-1.179848425090312958e-02
6.534525156021118164e-01
-1.191786646842956543e+00
-9.910816550254821777e-01
-1.103439092636108398e+00
8.827533721923828125e-01
-1.746952086687088013e-01
-1.244765877723693848e+00
5.136206150054931641e-01
-2.089568972587585449e-01
-1.165761612355709076e-02
1.052000284194946289e+00
-6.491749882698059082e-01
-1.041363835334777832e+00
3.850902616977691650e-02
-1.339950442314147949e+00
1.112299799919128418e+00
7.657710313796997070e-01
-4.117749333381652832e-01
-1.909853935241699219e+00
7.662624716758728027e-01
-1.885415434837341309e+00
2.274192810058593750e+00
-5.988774895668029785e-01
-1.111419200897216797e+00
-4.484369754791259766e-01
8.407365083694458008e-01
-4.644323885440826416e-01
-1.094353079795837402e+00
-6.941109299659729004e-01
9.145663380622863770e-01
-1.251120865345001221e-01
-4.104345738887786865e-01
1.950127929449081421e-01
-7.036153674125671387e-01
3.007118940353393555e+00
7.708145976066589355e-01
-7.833078503608703613e-01
