7.236240059137344360e-02
-6.408355832099914551e-01
-3.932766914367675781e-01
5.301519110798835754e-02
4.189935922622680664e-01
1.349669247865676880e-01
7.781617045402526855e-01
-3.047245740890502930e-01
-1.938477039337158203e+00
7.201730608940124512e-01
-4.576977193355560303e-01
3.792835772037506104e-01
-1.549043893814086914e+00
8.952224254608154297e-01
8.919240236282348633e-01
4.704520404338836670e-01
2.546220123767852783e-01
-9.580107927322387695e-01
4.595577120780944824e-01
-1.417130947113037109e+00
-7.742055058479309082e-01
1.710921049118041992e+00
-4.456218481063842773e-01
-5.139328837394714355e-01
-4.197531938552856445e-02
2.503034472465515137e-01
-1.677180528640747070e-01
-8.361975550651550293e-01
-1.962753534317016602e+00
-6.148021221160888672e-01
2.091327905654907227e+00
-4.755067825317382812e-01
-2.703369557857513428e-01
-2.050517052412033081e-01
7.981435060501098633e-01
-1.201813459396362305e+00
3.924407958984375000e-01
-1.186699509620666504e+00
2.045269727706909180e+00
8.229971528053283691e-01
-9.556450843811035156e-01
-7.912689447402954102e-01
6.046959161758422852e-01
-3.231728971004486084e-01
8.315916657447814941e-01
1.985939264297485352e+00
2.308553308248519897e-01
-5.706971883773803711e-01
-2.215132474899291992e+00
3.371199667453765869e-01
5.353116430342197418e-03
1.246764779090881348e+00
1.422732472419738770e+00
1.856984943151473999e-01
-4.738007485866546631e-01
2.520485639572143555e+00
-1.272317171096801758e+00
8.103492856025695801e-01
-9.534375667572021484e-01
4.706237912178039551e-01
1.033159732818603516e+00
-1.809265971183776855e+00
1.881632581353187561e-02
7.852336168289184570e-01
2.606830298900604248e-01
2.029378890991210938e+00
4.203740358352661133e-01
4.419668614864349365e-01
1.079900264739990234e+00
1.895229071378707886e-01
-1.287589371204376221e-01
3.367111086845397949e-01
1.076417326927185059e+00
1.886319965124130249e-01
1.084566354751586914e+00
-4.923717379570007324e-01
-7.114470005035400391e-01
-6.977345943450927734e-01
3.908936306834220886e-02
4.385148882865905762e-01
1.085921227931976318e-01
-6.041964888572692871e-01
-1.078808665275573730e+00
-5.637182593345642090e-01
-9.811174869537353516e-01
-4.092042148113250732e-01
3.754039108753204346e-01
1.416731595993041992e+00
2.191741317510604858e-01
-1.549806833267211914e+00
-5.399485826492309570e-01
4.187645018100738525e-01
1.279669165611267090e+00
-1.266055822372436523e+00
-2.127511501312255859e+00
1.722953796386718750e+00
1.919925957918167114e-01
-2.873094975948333740e-01
-6.418117284774780273e-01
2.125458717346191406e-01
8.465277552604675293e-01
-1.888408899307250977e+00
-3.385007858276367188e+00
-5.119409561157226562e-01
1.199288964271545410e+00
-1.221986055374145508e+00
-8.302401304244995117e-01
-1.084393501281738281e+00
-4.987131655216217041e-01
-3.887937664985656738e-01
2.818683087825775146e-01
-8.768256902694702148e-01
-3.833314478397369385e-01
9.444168806076049805e-01
-1.602083206176757812e+00
8.121779561042785645e-01
-4.425178468227386475e-01
-3.998186588287353516e-01
2.004180252552032471e-01
3.441068232059478760e-01
-1.653419882059097290e-01
-1.056718707084655762e+00
1.231295585632324219e+00
4.173851013183593750e-01
-5.637857317924499512e-01
-2.278775572776794434e-01
1.096827864646911621e+00
-2.520398497581481934e-01
7.640722990036010742e-01
-1.958668529987335205e-01
1.026627346873283386e-01
2.145647764205932617e+00
4.899243265390396118e-02
-3.298971176147460938e+00
6.161091923713684082e-01
9.756137132644653320e-01
-4.843792617321014404e-01
5.848488211631774902e-01
9.796603918075561523e-01
-1.356580257415771484e+00
-8.987739086151123047e-01
1.800776958465576172e+00
-4.762175083160400391e-01
-1.363223791122436523e+00
5.875599384307861328e-01
1.177316084504127502e-01
-1.642580032348632812e+00
9.992871284484863281e-01
-2.967692613601684570e-01
-6.676433086395263672e-01
5.359468460083007812e-01
-1.176939129829406738e+00
-9.948139786720275879e-01
1.708059906959533691e+00
5.975654125213623047e-01
1.138242363929748535e+00
1.219438791275024414e+00
8.159764409065246582e-01
-4.828584194183349609e-01
6.775553226470947266e-01
-1.284928679466247559e+00
-2.448654323816299438e-01
1.178769230842590332e+00
7.229886651039123535e-01
-1.011043071746826172e+00
-1.324146151542663574e+00
-3.744016289710998535e-01
-8.731198310852050781e-01
-1.285656571388244629e+00
-9.816957712173461914e-01
2.123388290405273438e+00
-9.225967526435852051e-02
1.816795229911804199e+00
2.374317169189453125e+00
1.133492946624755859e+00
-2.087244838476181030e-01
1.573218822479248047e+00
2.001857042312622070e+00
3.720040619373321533e-01
-1.793684363365173340e+00
-4.413626790046691895e-01
-1.437252521514892578e+00
2.329390794038772583e-01
1.205011680722236633e-01
-1.068164944648742676e+00
-1.155966162681579590e+00
-2.851903140544891357e-01
1.233631730079650879e+00
-8.552106022834777832e-01
3.861037194728851318e-01
9.543645381927490234e-02
1.385152459144592285e+00
-4.301043599843978882e-02
-3.177323341369628906e-01
-2.617407739162445068e-01
1.115058422088623047e+00
-7.246632575988769531e-01
-1.160349845886230469e+00
2.574457526206970215e-01
1.559444367885589600e-01
-7.673699855804443359e-01
2.095715761184692383e+00
-1.329401433467864990e-01
8.624226450920104980e-01
1.455031991004943848e+00
9.465472698211669922e-01
-1.517221480607986450e-01
-5.776415467262268066e-01
6.710812449455261230e-01
-3.928012251853942871e-01
-1.269173622131347656e-01
-1.371981501579284668e+00
-1.476983428001403809e-01
-1.183299064636230469e+00
1.601190805435180664e+00
-2.992680072784423828e-01
4.000726342201232910e-01
-7.777287960052490234e-01
-1.164506673812866211e+00
1.250962376594543457e+00
-1.258868813514709473e+00
-6.978538036346435547e-01
4.220122098922729492e-01
1.229132175445556641e+00
4.473457038402557373e-01
6.372263431549072266e-01
-1.353311777114868164e+00
-6.412250548601150513e-02
7.869629859924316406e-01
-4.662759900093078613e-01
9.156035184860229492e-01
-1.884001642465591431e-01
-4.222877025604248047e-01
-5.049491524696350098e-01
8.041515946388244629e-01
2.399025112390518188e-01
-1.694514870643615723e+00
1.801430940628051758e+00
-1.123861670494079590e+00
7.522150278091430664e-01
-1.127792716026306152e+00
2.575452566146850586e+00
-2.098692417144775391e+00
-1.936236739158630371e+00
-1.477141141891479492e+00
-5.504812598228454590e-01
3.198170661926269531e-02
-8.229640722274780273e-01
1.760696172714233398e-01
-1.773995518684387207e+00
-1.716936111450195312e+00
5.160900354385375977e-01
2.241577386856079102e+00
-1.309604406356811523e+00
-1.058215927332639694e-02
1.751150488853454590e+00
-3.332076668739318848e-01
6.589339375495910645e-01
6.229337453842163086e-01
-1.321625947952270508e+00
-2.228865176439285278e-01
-5.221223831176757812e-01
1.113487720489501953e+00
-2.356811761856079102e-01
-3.710032999515533447e-01
-5.117134656757116318e-03
3.759350776672363281e-01
-2.897134125232696533e-01
-2.129004895687103271e-01
-7.120776772499084473e-01
-7.163277268409729004e-01
4.071227833628654480e-02
-8.133305907249450684e-01
-4.866994619369506836e-01
-8.658942580223083496e-01
2.164656162261962891e+00
-1.187510967254638672e+00
7.398102879524230957e-01
-3.361514508724212646e-01
6.882287263870239258e-01
-8.256402015686035156e-01
5.787521004676818848e-01
-1.219296813011169434e+00
1.014055728912353516e+00
5.180648565292358398e-01
-1.422449707984924316e+00
-2.340359389781951904e-01
5.146240815520286560e-02
-4.560668766498565674e-01
-5.988397598266601562e-01
1.775634646415710449e+00
8.179084658622741699e-01
1.213883996009826660e+00
7.326427102088928223e-01
1.943155407905578613e+00
-5.260501503944396973e-01
9.399243593215942383e-01
8.132324814796447754e-01
6.656582355499267578e-01
1.306325793266296387e+00
-5.407562851905822754e-01
-7.343311309814453125e-01
4.594546183943748474e-02
2.153826951980590820e-01
-3.446448445320129395e-01
-1.028353691101074219e+00
1.913342237472534180e+00
-1.402799725532531738e+00
-1.438745617866516113e+00
-1.351536154747009277e+00
2.436600625514984131e-01
8.015506267547607422e-01
7.573420405387878418e-01
-7.724228501319885254e-01
4.664933979511260986e-01
-1.176373720169067383e+00
-3.686770498752593994e-01
1.357816576957702637e+00
-2.172945499420166016e+00
-2.208056449890136719e-01
-1.220303773880004883e-01
-6.497065424919128418e-01
-1.100675344467163086e+00
-2.042216777801513672e+00
8.888896554708480835e-02
-1.573923528194427490e-01
-1.037251591682434082e+00
4.160657525062561035e-01
-1.669150114059448242e+00
-6.302260756492614746e-01
1.497951388359069824e+00
1.283364534378051758e+00
-2.866020202636718750e-01
-1.195284128189086914e-01
4.771241843700408936e-01
-9.054532051086425781e-01
-8.694086670875549316e-01
-1.715284228324890137e+00
2.113987132906913757e-02
-9.356302618980407715e-01
-1.430938720703125000e+00
-2.805259823799133301e-02
-1.562011241912841797e-01
1.092265024781227112e-01
-6.542760729789733887e-01
-9.687855243682861328e-01
2.418889403343200684e-01
-8.168637156486511230e-01
-5.684206727892160416e-03
4.155267179012298584e-01
1.807955861091613770e+00
1.204629778861999512e+00
-8.737787604331970215e-01
-3.241208076477050781e+00
-4.580709338188171387e-01
-2.020557671785354614e-01
-2.080088853836059570e+00
6.407606005668640137e-01
-5.363762751221656799e-02
1.868931949138641357e-01
6.169446706771850586e-01
2.320324480533599854e-01
2.123862802982330322e-01
1.052329897880554199e+00
1.887605786323547363e-01
-7.278401851654052734e-01
6.059772968292236328e-01
-5.111293196678161621e-01
-3.063853681087493896e-01
5.258275270462036133e-01
1.413058340549468994e-01
-3.279974758625030518e-01
-1.172418355941772461e+00
-5.978692770004272461e-01
-5.646094083786010742e-01
1.044243454933166504e+00
1.870778560638427734e+00
1.434090971946716309e+00
1.910975694656372070e+00
-4.197409749031066895e-01
-1.053250074386596680e+00
-1.837895065546035767e-01
1.711511373519897461e+00
-1.972906664013862610e-02
-4.461235105991363525e-01
-1.095962285995483398e+00
1.106441497802734375e+00
4.546518027782440186e-01
-1.779259681701660156e+00
-4.636683166027069092e-01
-2.222070693969726562e+00
6.386926863342523575e-03
1.437098503112792969e+00
7.603936791419982910e-01
1.962502598762512207e+00
-4.958854317665100098e-01
1.414781332015991211e+00
1.404342889785766602e+00
-8.274559974670410156e-01
-6.062366813421249390e-02
-3.755187690258026123e-01
-5.400605797767639160e-01
-1.623693257570266724e-01
1.071897268295288086e+00
-1.493409425020217896e-01
-1.231519818305969238e+00
6.110906004905700684e-01
2.940953709185123444e-02
-9.421116113662719727e-01
-2.034292966127395630e-01
-1.573154926300048828e+00
6.733143329620361328e-02
-1.677828192710876465e+00
-1.626069396734237671e-01
-1.490263462066650391e+00
1.716849356889724731e-01
-2.120734155178070068e-01
-1.847966462373733521e-01
9.582639932632446289e-01
1.007132887840270996e+00
4.242507517337799072e-01
2.476007305085659027e-02
-1.086662709712982178e-01
1.496242761611938477e+00
-1.465768337249755859e+00
-9.769476056098937988e-01
-5.596996545791625977e-01
5.186414122581481934e-01
4.389938414096832275e-01
1.889525949954986572e-01
2.430867403745651245e-01
-8.464789986610412598e-01
1.857453137636184692e-01
-4.216226637363433838e-01
-4.101966619491577148e-01
5.450073480606079102e-01
2.157942533493041992e+00
-2.783793210983276367e-01
2.698724508285522461e+00
-1.078386008739471436e-01
8.053515553474426270e-01
4.707937315106391907e-02
-4.070373773574829102e-01
1.501242816448211670e-01
-1.621788024902343750e+00
-1.368127226829528809e+00
1.609509229660034180e+00
-1.926395177841186523e+00
-2.720961868762969971e-01
4.433462917804718018e-01
-9.341952204704284668e-01
3.399047851562500000e-01
2.038122653961181641e+00
8.469120860099792480e-01
-6.259307861328125000e-01
-8.347165584564208984e-01
-1.523997902870178223e+00
-1.638125479221343994e-01
-1.272081136703491211e+00
1.075536608695983887e+00
-1.399555921554565430e+00
9.326725006103515625e-01
1.038976073265075684e+00
-9.100199341773986816e-01
-9.841205477714538574e-01
4.761303365230560303e-01
1.515236854553222656e+00
1.219624996185302734e+00
3.560856729745864868e-02
-2.544248580932617188e+00
9.664434790611267090e-01
9.821953177452087402e-01
2.718508541584014893e-01
-7.291321158409118652e-01
-3.985694050788879395e-01
-1.394916892051696777e+00
5.169999599456787109e-01
-5.554797649383544922e-01
1.532153010368347168e+00
-7.412049770355224609e-01
-8.180871605873107910e-01
-1.144540071487426758e+00
-6.059542894363403320e-01
-4.947655797004699707e-01
6.499801874160766602e-01
7.001258730888366699e-01
4.309751093387603760e-02
4.133082628250122070e-01
1.607451796531677246e+00
6.639837026596069336e-01
9.097887277603149414e-01
-2.262221425771713257e-01
9.173076152801513672e-01
-2.770914137363433838e-01
1.173506259918212891e+00
1.479306817054748535e+00
-1.730196595191955566e+00
4.015188515186309814e-01
1.870594263076782227e+00
-7.180709242820739746e-01
-1.047833919525146484e+00
-1.004884123802185059e+00
-6.805424690246582031e-01
1.673546195030212402e+00
-2.364611864089965820e+00
6.085198521614074707e-01
2.113101243972778320e+00
9.658024907112121582e-01
2.142068624496459961e+00
2.247680574655532837e-01
-6.437894701957702637e-01
1.493714094161987305e+00
-4.670953750610351562e-01
-6.456538438796997070e-01
2.197511792182922363e-01
-9.495150446891784668e-01
1.340162158012390137e+00
1.608895659446716309e+00
3.622457683086395264e-01
2.168480306863784790e-01
3.012693822383880615e-01
-8.619532585144042969e-01
-5.239946246147155762e-01
-1.400079607963562012e+00
-6.168051958084106445e-01
-1.754205226898193359e-01
6.508895158767700195e-01
4.967497885227203369e-01
-6.864394545555114746e-01
4.740760028362274170e-01
-1.055776953697204590e+00
-1.358304500579833984e+00
-4.155619442462921143e-01
-6.949729919433593750e-01
-4.869928956031799316e-01
-9.271050989627838135e-02
-8.133669495582580566e-01
1.712374389171600342e-01
-1.190102458000183105e+00
1.889315247535705566e-01
-1.473786354064941406e+00
8.638154268264770508e-01
5.914770960807800293e-01
2.036403119564056396e-01
-3.079269230365753174e-01
-3.621193468570709229e-01
-1.154051423072814941e+00
1.370762348175048828e+00
7.714934945106506348e-01
-2.567167282104492188e-01
3.366717994213104248e-01
2.820684909820556641e-01
-5.868276208639144897e-02
1.559612274169921875e+00
9.942168593406677246e-01
-1.577310562133789062e+00
-2.225823402404785156e+00
-1.092306300997734070e-01
5.182399749755859375e-01
8.148564100265502930e-01
2.353097200393676758e-01
2.931930720806121826e-01
-7.716341018676757812e-01
-1.959004163742065430e+00
-2.152459144592285156e+00
-5.309101343154907227e-01
1.199976921081542969e+00
3.549786657094955444e-02
-1.177026797086000443e-02
2.001744985580444336e+00
-6.787835955619812012e-01
-3.613389134407043457e-01
1.725859642028808594e+00
1.535181164741516113e+00
9.257744550704956055e-01
5.393131375312805176e-01
1.185859560966491699e+00
5.456300973892211914e-01
-8.885944485664367676e-01
-5.828853249549865723e-01
-1.037791892886161804e-01
1.310286045074462891e+00
-7.241722941398620605e-01
-1.347037076950073242e+00
9.756503105163574219e-01
-1.736605763435363770e+00
1.927131652832031250e+00
2.070042043924331665e-01
4.020390510559082031e-01
-2.287830591201782227e+00
-5.989200472831726074e-01
1.841558367013931274e-01
-1.028024554252624512e+00
7.128778696060180664e-01
-9.617843478918075562e-02
-2.129204422235488892e-01
-1.527632623910903931e-01
-1.704387426376342773e+00
9.524606466293334961e-01
-1.920688629150390625e+00
-1.753478124737739563e-02
8.697748184204101562e-01
-5.313513875007629395e-01
-8.003677725791931152e-01
-1.441949725151062012e+00
2.482575178146362305e-02
4.121372997760772705e-01
-5.514003038406372070e-01
6.933119893074035645e-01
2.908480167388916016e-01
-9.775814414024353027e-01
-4.834644496440887451e-01
2.731645822525024414e+00
-3.815399408340454102e-01
7.721907496452331543e-01
-1.861453354358673096e-01
-3.038236856460571289e+00
-8.658110499382019043e-01
-6.874919533729553223e-01
-1.096487045288085938e+00
-4.304404556751251221e-01
2.318678200244903564e-01
-7.812395691871643066e-01
3.639332577586174011e-02
4.349172413349151611e-01
-5.202307105064392090e-01
-5.982701480388641357e-02
1.541975617408752441e+00
-1.390013337135314941e+00
-1.817130744457244873e-01
-6.098761558532714844e-01
3.023808956146240234e+00
1.720833897590637207e+00
5.473964810371398926e-01
-1.163006782531738281e+00
-9.511471390724182129e-01
1.689959168434143066e+00
-2.195510387420654297e+00
-8.164256215095520020e-01
-1.186238288879394531e+00
5.410078763961791992e-01
-1.105081081390380859e+00
-1.270659685134887695e+00
1.087100267410278320e+00
1.718022108078002930e+00
4.126546978950500488e-01
1.688026189804077148e+00
1.881293773651123047e+00
2.051879882812500000e+00
1.815177321434020996e+00
2.948909103870391846e-01
2.938723564147949219e-01
2.052136182785034180e+00
-1.635982394218444824e+00
1.712853550910949707e+00
7.310616374015808105e-01
-9.546061158180236816e-01
-1.102681398391723633e+00
-7.089107632637023926e-01
3.198512494564056396e-01
2.053870260715484619e-01
-5.809582471847534180e-01
-1.487801194190979004e+00
1.143089294433593750e+00
1.809558153152465820e+00
8.120276331901550293e-01
-9.690521955490112305e-01
-3.989900946617126465e-01
-1.585034847259521484e+00
2.474197000265121460e-02
4.544480890035629272e-02
-9.785843491554260254e-01
4.695860743522644043e-01
-6.284759044647216797e-01
-1.391499280929565430e+00
1.527522057294845581e-01
1.011525034904479980e+00
-2.020321607589721680e+00
-1.390364468097686768e-01
1.116032004356384277e+00
-1.317637681961059570e+00
4.919907748699188232e-01
5.516421794891357422e-01
-1.718804121017456055e+00
6.513936519622802734e-01
1.606396794319152832e+00
1.000395417213439941e+00
-8.417331576347351074e-01
3.523837924003601074e-01
-1.185036450624465942e-01
-1.319134831428527832e+00
-4.994210302829742432e-01
-1.092008829116821289e+00
5.756187438964843750e-01
1.220285773277282715e+00
-5.896068215370178223e-01
6.695159077644348145e-01
1.278280973434448242e+00
-2.149488776922225952e-01
-1.494758844375610352e+00
1.403481841087341309e+00
2.011321783065795898e+00
5.380659699440002441e-01
1.222338199615478516e+00
-5.583753585815429688e-01
7.286729216575622559e-01
-7.108089923858642578e-01
-9.513547420501708984e-01
1.331126093864440918e+00
-9.683215618133544922e-02
1.274934887886047363e+00
-2.347243428230285645e-01
1.598769575357437134e-01
1.132480382919311523e+00
-2.179948806762695312e+00
3.366541862487792969e-01
1.264077305793762207e+00
2.703754425048828125e+00
-8.914846181869506836e-01
-3.246605396270751953e-01
-2.679644346237182617e+00
1.304545998573303223e+00
-2.257140636444091797e+00
3.176420032978057861e-01
5.397133231163024902e-01
-4.557806551456451416e-01
-3.926523327827453613e-01
1.246320605278015137e+00
3.114676177501678467e-01
4.744550883769989014e-01
2.846805810928344727e+00
-3.631264567375183105e-01
2.127088069915771484e+00
-1.427722275257110596e-01
9.102445840835571289e-01
-8.339359164237976074e-01
-2.771492600440979004e-01
1.466362476348876953e+00
-8.986256122589111328e-01
1.124367356300354004e+00
-9.861463904380798340e-01
-9.966087937355041504e-01
-1.004934549331665039e+00
-2.325394153594970703e-01
1.229155302047729492e+00
6.114982999861240387e-03
7.940273880958557129e-01
-3.769157826900482178e-01
-1.559219837188720703e+00
-1.827753067016601562e+00
8.547699451446533203e-01
6.331123113632202148e-01
-1.044199705123901367e+00
7.826430797576904297e-01
-1.394720375537872314e-01
1.106792688369750977e-01
8.486474156379699707e-01
-2.205096036195755005e-01
-3.449731171131134033e-01
1.949383020401000977e+00
2.914538085460662842e-01
-1.122972726821899414e+00
-9.773495197296142578e-01
2.179729938507080078e-01
1.192784428596496582e+00
7.716348171234130859e-01
-2.347244322299957275e-01
-3.965496271848678589e-02
-1.479846119880676270e+00
-1.653608798980712891e+00
-2.447618246078491211e-01
-1.064587473869323730e+00
9.808650612831115723e-01
-2.019532680511474609e+00
-5.356472134590148926e-01
-5.375089645385742188e-01
1.180259108543395996e+00
-1.755962491035461426e+00
6.919003129005432129e-01
-5.621442794799804688e-01
3.472575247287750244e-01
-2.944846749305725098e-01
-1.876966953277587891e-01
6.775202751159667969e-01
-1.075209856033325195e+00
1.371688246726989746e+00
-1.103694915771484375e+00
1.659795880317687988e+00
3.509876728057861328e-01
2.000534534454345703e+00
-7.392311692237854004e-01
9.212959408760070801e-01
2.311461448669433594e+00
7.974363118410110474e-02
3.255816400051116943e-01
1.077434182167053223e+00
4.591359198093414307e-01
-2.385034322738647461e+00
9.692886471748352051e-02
1.338137745857238770e+00
