-6.551752090454101562e-01
-5.479689240455627441e-01
-1.258521914482116699e+00
5.263598263263702393e-02
4.095257520675659180e-01
6.199780702590942383e-01
1.413076162338256836e+00
7.484487295150756836e-01
6.659144759178161621e-01
3.276652395725250244e-01
8.017019629478454590e-01
2.587786614894866943e-01
-8.288415521383285522e-02
1.156116485595703125e+00
1.434180974960327148e+00
5.835566520690917969e-01
-5.226677656173706055e-01
-1.832483410835266113e-01
1.647215127944946289e+00
-3.509580194950103760e-01
-1.386518597602844238e+00
-4.019828438758850098e-01
-9.518993496894836426e-01
8.422967791557312012e-01
-3.562032580375671387e-01
-2.928681857883930206e-02
2.672940194606781006e-01
-2.073663234710693359e+00
6.038685441017150879e-01
2.020972490310668945e+00
-3.442091047763824463e-01
5.312865972518920898e-01
-8.827844262123107910e-01
-1.105084419250488281e+00
1.105687022209167480e+00
2.616247177124023438e+00
-2.294299453496932983e-01
6.208569407463073730e-01
1.901846170425415039e+00
6.236168146133422852e-01
-1.156886100769042969e+00
6.913970112800598145e-01
4.369765818119049072e-01
2.018650531768798828e+00
-2.047719806432723999e-01
-4.475754797458648682e-01
-6.577557921409606934e-01
-5.599088668823242188e-01
7.509417533874511719e-01
-2.531367063522338867e+00
-6.015604138374328613e-01
2.016774564981460571e-01
-7.560501098632812500e-01
8.186644911766052246e-01
-7.643003463745117188e-01
-1.476826786994934082e+00
-5.977174639701843262e-01
-1.094023957848548889e-01
1.047940850257873535e+00
-1.270581960678100586e+00
-1.612832993268966675e-01
-4.728063941001892090e-01
5.340030789375305176e-01
-5.642616748809814453e-02
-1.004185557365417480e+00
2.997221946716308594e-01
-7.832083106040954590e-02
2.046711742877960205e-01
-5.028722286224365234e-01
-1.962946176528930664e+00
4.087772071361541748e-01
4.475360736250877380e-02
-8.369366526603698730e-01
2.072205781936645508e+00
7.998943328857421875e-01
-3.984743952751159668e-01
-1.164284572005271912e-01
-2.570873200893402100e-01
5.848699808120727539e-01
-1.481570005416870117e+00
-1.309225201606750488e+00
1.973224431276321411e-02
-9.426324963569641113e-01
-3.090822398662567139e-01
-8.929373025894165039e-01
5.457392334938049316e-01
-3.953419625759124756e-02
-5.666952133178710938e-01
4.595448449254035950e-02
1.314489364624023438e+00
-6.902117133140563965e-01
-2.395741194486618042e-01
-1.084357500076293945e+00
2.852657735347747803e-01
-6.564128398895263672e-01
9.898952841758728027e-01
-1.122930407524108887e+00
-6.443844176828861237e-03
1.080714941024780273e+00
-1.737817406654357910e+00
1.085398197174072266e-01
-1.262280344963073730e+00
1.499649763107299805e+00
2.057009637355804443e-01
-1.195709466934204102e+00
2.583904862403869629e-01
5.065012574195861816e-01
4.654548466205596924e-01
-2.127116680145263672e+00
9.305583238601684570e-01
6.404251456260681152e-01
-1.799320220947265625e+00
-1.346190333366394043e+00
2.924545705318450928e-01
-1.427090167999267578e+00
-1.101267218589782715e+00
1.467232704162597656e+00
-1.747373193502426147e-01
-1.074241280555725098e+00
-1.727658390998840332e+00
5.486741662025451660e-01
1.059184521436691284e-01
-4.955393075942993164e-01
1.383059173822402954e-01
1.274000406265258789e+00
-2.396540880203247070e+00
1.615477353334426880e-01
1.047260999679565430e+00
2.635753631591796875e+00
-1.880779117345809937e-01
3.030909597873687744e-01
-2.662951946258544922e-01
1.982680708169937134e-02
-1.308908611536026001e-01
1.422715187072753906e-01
4.198824465274810791e-01
-1.175710707902908325e-01
7.093477845191955566e-01
1.761940866708755493e-01
-1.017088294029235840e+00
1.278080224990844727e+00
1.610487699508666992e+00
-4.402246475219726562e-01
7.008130848407745361e-02
-5.820006728172302246e-01
-7.928733825683593750e-01
4.884951412677764893e-01
1.073636054992675781e+00
1.615794152021408081e-01
2.245242334902286530e-02
-2.309248000383377075e-01
3.513116836547851562e-01
5.992647409439086914e-01
-2.980233132839202881e-01
6.145957112312316895e-01
7.845381498336791992e-01
-6.595578193664550781e-01
-5.915972590446472168e-02
-1.028599143028259277e+00
6.706163287162780762e-01
-6.023918986320495605e-01
-1.718878030776977539e+00
-5.690503399819135666e-03
1.261394739151000977e+00
-9.531635046005249023e-01
-1.136092185974121094e+00
2.946525216102600098e-01
7.341810464859008789e-01
-8.532623648643493652e-01
5.412335395812988281e-01
1.311227560043334961e+00
-1.766577601432800293e+00
1.108218550682067871e+00
2.603387832641601562e+00
-1.203323841094970703e+00
-3.893630113452672958e-03
1.628249526023864746e+00
-5.347745418548583984e-01
-1.310107469558715820e+00
4.548166692256927490e-02
-1.300805062055587769e-01
1.080526471138000488e+00
3.271504938602447510e-01
4.169241189956665039e-01
-7.657470107078552246e-01
5.056211948394775391e-01
5.217406153678894043e-01
-2.313061714172363281e+00
-1.331954151391983032e-01
-4.079897105693817139e-01
-1.228848338127136230e+00
4.168932735919952393e-01
1.192027449607849121e+00
-8.750569820404052734e-01
-6.310727000236511230e-01
3.694308996200561523e-01
-8.924116492271423340e-01
4.970477893948554993e-02
-6.359590888023376465e-01
2.534911334514617920e-01
9.472004771232604980e-01
1.867559552192687988e-01
3.933832645416259766e-01
-9.610573053359985352e-01
-1.508471667766571045e-01
1.462569355964660645e+00
-5.207762494683265686e-02
5.132985711097717285e-01
6.453396081924438477e-01
9.403362125158309937e-02
1.611789613962173462e-01
-3.326519206166267395e-02
-1.112055778503417969e+00
1.134725332260131836e+00
-1.755743175745010376e-01
5.086641311645507812e-01
6.515117287635803223e-01
1.408180236816406250e+00
-7.935365438461303711e-01
7.665134221315383911e-02
-4.274303913116455078e-01
2.168531566858291626e-01
5.756806731224060059e-01
3.426867425441741943e-01
4.277719855308532715e-01
-3.992685079574584961e-01
5.782850384712219238e-01
3.209970593452453613e-01
2.472858726978302002e-01
6.233650445938110352e-01
8.415207266807556152e-01
2.486266046762466431e-01
1.158388972282409668e+00
-1.040720820426940918e+00
1.210848927497863770e+00
-8.450205326080322266e-01
1.877524554729461670e-01
-1.360463351011276245e-01
1.896603852510452271e-01
-1.376269698143005371e+00
2.860404253005981445e-01
-6.861201524734497070e-01
-1.261495053768157959e-01
-2.284803986549377441e-01
-2.893229246139526367e+00
-1.115176081657409668e+00
-1.117389559745788574e+00
-9.303110837936401367e-02
1.670894026756286621e-01
4.579681903123855591e-03
-1.072079658508300781e+00
1.479695737361907959e-01
-1.376209378242492676e+00
-1.383191466331481934e+00
-3.341234624385833740e-01
4.627037793397903442e-02
-1.520490169525146484e+00
-9.124289155006408691e-01
-9.449673295021057129e-01
-2.357691377401351929e-01
7.524362206459045410e-01
-1.097240924835205078e+00
2.967827022075653076e-01
-6.388051062822341919e-02
-8.656654357910156250e-01
7.582464218139648438e-01
3.388948738574981689e-01
-1.278088450431823730e+00
-1.261955261230468750e+00
-9.160441756248474121e-01
-2.523683309555053711e+00
-1.847067832946777344e+00
-5.178805589675903320e-01
-1.186118051409721375e-01
4.655555188655853271e-01
-7.848179340362548828e-01
-5.633633583784103394e-02
-3.918275833129882812e-01
2.650982439517974854e-01
-1.562685817480087280e-01
3.774159848690032959e-01
5.191721916198730469e-01
-4.049397706985473633e-01
3.774664402008056641e-01
-3.064349591732025146e-01
4.904780387878417969e-01
-2.852575778961181641e-01
1.096334576606750488e+00
-1.269450061954557896e-03
9.553232192993164062e-01
2.214160114526748657e-01
-1.051600933074951172e+00
-7.781457901000976562e-01
1.581772685050964355e+00
5.953816771507263184e-01
-1.091157555580139160e+00
1.038409397006034851e-01
-1.592838525772094727e+00
-9.719406962394714355e-01
1.114054083824157715e+00
-1.055059432983398438e+00
1.788466811180114746e+00
1.172508150339126587e-01
-2.298687994480133057e-01
-5.827381014823913574e-01
-4.354940950870513916e-01
-1.436077475547790527e+00
-2.189292430877685547e+00
1.200963258743286133e+00
8.239967375993728638e-02
3.105589747428894043e-01
7.932152152061462402e-01
-1.144090890884399414e+00
-7.185067534446716309e-01
1.796575188636779785e+00
5.049911737442016602e-01
2.745123386383056641e+00
1.380614757537841797e+00
1.010035753250122070e+00
2.504509449005126953e+00
-2.550740838050842285e-01
-1.400778412818908691e+00
-2.968035042285919189e-01
-5.096866283565759659e-03
-7.367333769798278809e-02
-5.621223449707031250e-01
-1.660853266716003418e+00
-8.475026488304138184e-01
-1.018063426017761230e+00
-5.197901725769042969e-01
-1.207863017916679382e-01
6.997705698013305664e-01
-7.829430103302001953e-01
1.028070211410522461e+00
-8.448793292045593262e-01
1.613159775733947754e+00
1.475086212158203125e+00
9.277609586715698242e-01
-1.363985389471054077e-01
8.168222904205322266e-01
1.819562792778015137e+00
-1.843469291925430298e-01
-5.469346046447753906e-01
7.870469093322753906e-01
-1.487556815147399902e+00
-1.545417010784149170e-01
7.396499514579772949e-01
1.934455156326293945e+00
8.328673839569091797e-01
-9.303388595581054688e-01
1.591098785400390625e+00
9.737395644187927246e-01
-3.178189992904663086e-01
-1.221718192100524902e+00
4.796716272830963135e-01
7.708827257156372070e-01
9.928979277610778809e-01
-2.883197367191314697e-01
-1.252212524414062500e+00
2.893335342407226562e+00
1.419409155845642090e+00
3.758047819137573242e-01
4.857976734638214111e-01
-1.190260767936706543e+00
1.430273056030273438e+00
-1.653050780296325684e-01
2.461070567369461060e-01
1.318473815917968750e+00
-1.774387240409851074e+00
1.413637280464172363e+00
1.483376383781433105e+00
-1.581417322158813477e+00
-6.618596315383911133e-01
1.897478699684143066e+00
1.371465444564819336e+00
-1.821303516626358032e-01
1.151987314224243164e+00
1.207996845245361328e+00
1.731190681457519531e-01
-5.231974124908447266e-01
3.888891935348510742e-01
-2.157519608736038208e-01
-9.552958607673645020e-01
1.254659295082092285e+00
4.484364688396453857e-01
1.356077790260314941e+00
-1.137938022613525391e+00
2.241611331701278687e-01
1.189124956727027893e-02
1.190731525421142578e+00
-9.240453839302062988e-01
-1.404653787612915039e+00
-6.568130850791931152e-01
1.549774408340454102e+00
-4.308563768863677979e-01
-1.232422232627868652e+00
-4.978455603122711182e-01
7.740572690963745117e-01
7.894631624221801758e-01
-3.247258663177490234e-01
7.003617286682128906e-01
-3.661345243453979492e-01
-7.551229000091552734e-01
-1.684563308954238892e-01
7.116264700889587402e-01
6.169925332069396973e-01
1.565514504909515381e-01
-5.617340803146362305e-01
-1.657637715339660645e+00
-4.142932295799255371e-01
1.260560870170593262e+00
1.675888776779174805e+00
-2.040272504091262817e-01
6.675863265991210938e-01
-4.713585376739501953e-01
-9.639062285423278809e-01
-3.156547546386718750e-01
1.508078575134277344e+00
1.423326432704925537e-01
-1.548663616180419922e+00
-1.213411211967468262e+00
-1.143725275993347168e+00
8.533193469047546387e-01
1.343104094266891479e-01
2.757384479045867920e-01
1.015535891056060791e-01
-2.484411954879760742e+00
1.674720525741577148e+00
-6.736704707145690918e-01
5.762999057769775391e-01
-2.186073455959558487e-03
6.350463628768920898e-01
-1.176164746284484863e+00
8.131912946701049805e-01
-1.320805430412292480e+00
-2.167654335498809814e-01
2.131077945232391357e-01
-4.946783483028411865e-01
6.935529112815856934e-01
5.525332689285278320e-01
-7.763875126838684082e-01
1.059930682182312012e+00
-9.728851318359375000e-01
-1.091918110847473145e+00
8.471945524215698242e-01
6.368623673915863037e-02
-2.000633955001831055e+00
4.382027387619018555e-01
-1.178098201751708984e+00
-2.548349142074584961e+00
-1.074231743812561035e+00
2.590535581111907959e-01
1.293767094612121582e+00
2.010022550821304321e-01
-5.028275847434997559e-01
8.500953316688537598e-01
-8.149241805076599121e-01
1.356679320335388184e+00
1.453411430120468140e-01
-1.788316607475280762e+00
-1.077856540679931641e+00
-4.544970020651817322e-02
1.694566369056701660e+00
-3.156987428665161133e-01
-2.384160906076431274e-01
1.713166236877441406e+00
1.072098255157470703e+00
-1.353217512369155884e-01
-3.331927359104156494e-01
-9.362277984619140625e-01
-1.032657861709594727e+00
-2.352803945541381836e-01
-1.997183442115783691e+00
6.952431797981262207e-01
6.064834594726562500e-01
1.159942150115966797e+00
9.637973308563232422e-01
-1.488760471343994141e+00
1.967739909887313843e-01
-1.069120168685913086e+00
-5.049177408218383789e-01
1.070125818252563477e+00
-7.593314051628112793e-01
-1.683411121368408203e+00
-9.838206768035888672e-01
9.859610795974731445e-01
-8.763287067413330078e-01
6.595184803009033203e-01
-1.971957236528396606e-01
-2.470454722642898560e-01
-3.424256443977355957e-01
1.181894183158874512e+00
2.082263864576816559e-02
-1.471521973609924316e+00
7.614166140556335449e-01
-1.176392078399658203e+00
1.189143538475036621e+00
-1.543619871139526367e+00
8.353553414344787598e-01
-1.099056378006935120e-01
