7.307831197977066040e-02
1.285394430160522461e-01
6.434792280197143555e-01
7.427281737327575684e-01
-4.139795601367950439e-01
7.590937018394470215e-01
6.261134892702102661e-02
4.404504895210266113e-01
9.007663130760192871e-01
7.012879252433776855e-01
-2.516916394233703613e-01
-1.842933595180511475e-01
2.995154857635498047e-01
-1.138796567916870117e+00
-2.017213106155395508e+00
9.429896473884582520e-01
-2.275862693786621094e+00
5.319961309432983398e-01
-1.185988545417785645e+00
-1.419111847877502441e+00
9.404838085174560547e-02
-4.249413609504699707e-01
9.535251855850219727e-01
-1.075181245803833008e+00
-2.825240790843963623e-01
-3.518854826688766479e-02
-3.320734947919845581e-02
1.768285274505615234e+00
1.499155402183532715e+00
-6.679304242134094238e-01
1.242609977722167969e+00
-7.654149532318115234e-01
-1.443840861320495605e-01
5.121210217475891113e-01
4.581063091754913330e-01
-6.952411532402038574e-01
1.037135243415832520e+00
-1.406875103712081909e-01
-1.019636154174804688e+00
6.959726214408874512e-01
-1.737709164619445801e+00
1.403458356857299805e+00
1.254957914352416992e+00
1.692240685224533081e-01
-5.681198835372924805e-01
-1.253863811492919922e+00
-6.949828565120697021e-02
6.764149069786071777e-01
2.080733329057693481e-01
-1.890916585922241211e+00
-3.074099719524383545e-01
3.174031496047973633e+00
-6.712673306465148926e-01
2.139934152364730835e-01
-8.394894599914550781e-01
-4.430808722972869873e-01
1.841658830642700195e+00
1.453328371047973633e+00
-6.649673581123352051e-01
-7.278387248516082764e-02
1.420671582221984863e+00
-1.619133353233337402e-01
1.006603837013244629e+00
1.265329360961914062e+00
-1.634498357772827148e+00
-1.156324744224548340e+00
1.176071405410766602e+00
2.755084335803985596e-01
-3.843770027160644531e-01
-9.923416376113891602e-02
-2.126560658216476440e-01
-5.677648261189460754e-02
-5.074959993362426758e-01
1.727378927171230316e-02
-4.737574607133865356e-02
-2.813280820846557617e-01
-8.574732542037963867e-01
7.014666795730590820e-01
-7.023557424545288086e-01
-7.757309824228286743e-02
5.724009275436401367e-01
3.015893399715423584e-01
-4.553930461406707764e-01
1.116654872894287109e+00
-1.035614371299743652e+00
6.149196028709411621e-01
3.282790780067443848e-01
1.595797091722488403e-01
2.135505914688110352e+00
6.749200820922851562e-01
1.771480798721313477e+00
4.615823626518249512e-01
-6.023926138877868652e-01
-1.822125911712646484e+00
3.282907307147979736e-01
-1.859658837318420410e+00
-8.171033859252929688e-02
8.677439689636230469e-01
5.005266070365905762e-01
5.668054223060607910e-01
1.865386605262756348e+00
1.635454773902893066e+00
-2.933322787284851074e-01
2.534888684749603271e-01
3.406971991062164307e-01
-1.476022601127624512e+00
6.961258649826049805e-01
-4.018826484680175781e-01
-1.448054909706115723e+00
1.562250852584838867e-01
-1.308357715606689453e+00
6.040406823158264160e-01
-1.635939955711364746e+00
-1.800428152084350586e+00
-4.374576732516288757e-02
3.039378821849822998e-01
-9.522865414619445801e-01
8.528144359588623047e-01
1.197980418801307678e-01
-6.670057773590087891e-01
8.851862512528896332e-03
3.493821918964385986e-01
-1.684216707944869995e-01
-4.076748490333557129e-01
-1.686454117298126221e-01
-2.092617899179458618e-01
-8.950912356376647949e-01
1.308058142662048340e+00
-8.351432681083679199e-01
-4.920203983783721924e-01
2.306317687034606934e-01
-3.134598135948181152e-01
6.004003882408142090e-01
-2.878401875495910645e-01
8.437584638595581055e-01
2.122444659471511841e-01
-1.032248854637145996e+00
-4.727902114391326904e-01
1.293027639389038086e+00
-1.883786678314208984e+00
-2.773711919784545898e+00
-3.508094847202301025e-01
-3.791710138320922852e-01
8.784683346748352051e-01
-9.717712998390197754e-01
1.453003883361816406e+00
7.798300385475158691e-01
9.340002536773681641e-01
-6.465226411819458008e-01
-1.821567863225936890e-01
2.837793231010437012e-01
-4.541825056076049805e-01
-4.768134951591491699e-01
-7.709527611732482910e-01
7.418339848518371582e-01
6.663670539855957031e-01
4.883784800767898560e-02
-1.547807175666093826e-02
-3.134852349758148193e-01
-5.172646045684814453e-01
-5.089434385299682617e-01
-1.105227619409561157e-01
1.282787322998046875e+00
7.060091495513916016e-01
-1.641326099634170532e-01
1.801097393035888672e+00
8.325776457786560059e-01
9.394460320472717285e-01
-3.169487714767456055e-01
-7.884709835052490234e-01
-8.821565508842468262e-01
-3.962204158306121826e-01
-1.639664888381958008e+00
-6.441777944564819336e-01
-5.847449898719787598e-01
9.078699350357055664e-01
7.783199548721313477e-01
-4.916279315948486328e-01
-8.675615191459655762e-01
-1.208571553230285645e+00
1.834146827459335327e-01
8.109900355339050293e-01
-2.787012755870819092e-01
1.374265789985656738e+00
1.315691947937011719e+00
5.532178282737731934e-01
2.531107664108276367e-01
5.460011363029479980e-01
-5.281871184706687927e-02
3.624016046524047852e-01
-8.843368291854858398e-02
-4.199562668800354004e-01
3.909512758255004883e-01
9.559702277183532715e-01
8.509876728057861328e-01
-9.289103746414184570e-01
5.140066146850585938e-01
-1.750398516654968262e+00
9.097609519958496094e-01
2.417111843824386597e-01
1.361519932746887207e+00
-6.107270717620849609e-01
-1.149101376533508301e+00
-9.129052162170410156e-01
3.347701430320739746e-01
4.838806688785552979e-01
2.304933965206146240e-01
-8.964254856109619141e-01
8.310573101043701172e-01
-1.154354095458984375e+00
-5.688611268997192383e-01
1.778336763381958008e-01
8.818617463111877441e-01
9.424616098403930664e-01
-1.549509286880493164e+00
3.459030091762542725e-01
-5.526229143142700195e-01
-1.583364248275756836e+00
-3.723835945129394531e-01
1.560451090335845947e-01
-1.106420874595642090e+00
9.848787784576416016e-01
2.142888545989990234e+00
2.150957107543945312e+00
-5.084869861602783203e-01
-8.065851926803588867e-01
1.366863727569580078e+00
1.609189212322235107e-01
-9.718429446220397949e-01
6.312030553817749023e-01
-1.485091924667358398e+00
-1.047183394432067871e+00
-1.660621285438537598e+00
-1.593082547187805176e+00
-6.429628133773803711e-01
-3.152497708797454834e-01
-1.373020887374877930e+00
-5.007060766220092773e-01
-1.149025559425354004e+00
-8.361142873764038086e-01
-5.379882454872131348e-01
-6.976692080497741699e-01
2.869145870208740234e-01
2.643696404993534088e-02
1.348470211029052734e+00
-1.565161347389221191e+00
-9.802289009094238281e-01
2.131614536046981812e-01
-1.744724623858928680e-02
-2.878230810165405273e-01
-3.446700572967529297e-01
-1.509029269218444824e-01
4.341406524181365967e-01
-8.618985414505004883e-01
-1.885196715593338013e-01
-1.623322814702987671e-01
-4.169439673423767090e-01
1.065807580947875977e+00
4.031321108341217041e-01
6.524334549903869629e-01
-2.910255193710327148e-01
1.790907979011535645e+00
1.626753807067871094e+00
2.409889549016952515e-01
-1.772482275962829590e+00
-1.333964347839355469e+00
1.698035717010498047e+00
-6.819725036621093750e-01
9.166409373283386230e-01
-5.324627161026000977e-01
-6.908924132585525513e-02
-1.686097383499145508e+00
-1.044538021087646484e+00
1.043016791343688965e+00
9.912738800048828125e-01
-1.526745110750198364e-01
-6.608700156211853027e-01
-1.416147828102111816e+00
2.433200478553771973e-01
-1.089558005332946777e+00
-9.565150141716003418e-01
-4.481190443038940430e-01
3.529300689697265625e-01
1.756965041160583496e+00
-7.689119577407836914e-01
-1.964763402938842773e+00
4.537242949008941650e-01
-1.414517521858215332e+00
-1.554168462753295898e+00
-9.454067945480346680e-01
-9.811782240867614746e-01
1.972584962844848633e+00
-5.477131009101867676e-01
3.878217935562133789e-01
-6.129040718078613281e-01
2.020258426666259766e+00
1.762726187705993652e+00
-1.359706401824951172e+00
-2.957217209041118622e-02
-1.113644123077392578e+00
7.419340014457702637e-01
-5.081579685211181641e-01
6.511434316635131836e-01
-4.028008282184600830e-01
-8.298693597316741943e-02
-2.171619892120361328e+00
-5.536670684814453125e-01
-3.968723416328430176e-01
5.050543546676635742e-01
-1.426754117012023926e+00
2.411051839590072632e-01
-4.759858548641204834e-01
-1.516729116439819336e+00
1.553701043128967285e+00
-2.088431358337402344e+00
1.996957182884216309e+00
1.557313919067382812e+00
-5.927703976631164551e-01
5.665034651756286621e-01
-7.186086475849151611e-02
1.265037894248962402e+00
4.327827990055084229e-01
-1.384612202644348145e+00
-1.061052560806274414e+00
1.230820193886756897e-01
6.282244920730590820e-01
1.304419755935668945e+00
-7.114505171775817871e-01
-4.845044016838073730e-01
-5.441852211952209473e-01
-1.095947027206420898e+00
-6.256836652755737305e-01
4.543260335922241211e-01
-2.122876420617103577e-02
-1.578821897506713867e+00
-7.055667042732238770e-01
4.641169905662536621e-01
1.322249889373779297e+00
1.475466012954711914e+00
2.142508774995803833e-01
2.481431961059570312e-01
7.032922506332397461e-01
2.776113510131835938e+00
1.304351329803466797e+00
1.417482972145080566e+00
4.891001880168914795e-01
-6.877334713935852051e-01
1.890753805637359619e-01
-5.323620438575744629e-01
-1.159812688827514648e+00
9.271169304847717285e-01
-7.483872771263122559e-01
-6.892928481101989746e-01
-1.975473403930664062e+00
-3.523983478546142578e+00
2.878804802894592285e-01
1.624986648559570312e+00
-2.500000000000000000e-01
1.027843832969665527e+00
1.631366491317749023e+00
-7.587097287178039551e-01
8.221381306648254395e-01
-4.749922156333923340e-01
-1.248078584671020508e+00
-1.435289502143859863e+00
3.302552103996276855e-01
8.327699899673461914e-01
1.419215679168701172e+00
1.449412703514099121e+00
-6.574836373329162598e-01
-8.816602826118469238e-01
-1.925957918167114258e+00
3.176080286502838135e-01
1.424515485763549805e+00
1.059627234935760498e-01
-6.793144941329956055e-01
-7.270067930221557617e-01
5.896579027175903320e-01
-6.907552480697631836e-01
1.313463151454925537e-01
-2.987758219242095947e-01
2.787685394287109375e+00
-1.960920214653015137e+00
9.363031387329101562e-01
3.164813280105590820e+00
2.276001691818237305e+00
-1.382891058921813965e+00
-2.428786307573318481e-01
7.788690924644470215e-01
-1.450645923614501953e+00
-2.158212959766387939e-01
-5.997911691665649414e-01
-1.483709812164306641e+00
-6.237784028053283691e-01
-1.609265685081481934e+00
6.705776453018188477e-01
1.101630687713623047e+00
8.145040273666381836e-01
-1.163541793823242188e+00
8.237990140914916992e-01
