1.022695749998092651e-01
8.692418932914733887e-01
8.830599486827850342e-02
-1.100408077239990234e+00
-2.004064559936523438e+00
1.953133642673492432e-01
1.262211561203002930e+00
7.140202522277832031e-01
1.366462826728820801e+00
-1.251718997955322266e-01
1.062834501266479492e+00
1.293163180351257324e+00
-1.339746952056884766e+00
4.105808958411216736e-02
-4.552588760852813721e-01
-2.401580572128295898e+00
-2.629888534545898438e+00
-1.849516630172729492e-01
1.250476092100143433e-01
2.561717927455902100e-01
6.959810256958007812e-01
-9.560950398445129395e-01
-1.279356598854064941e+00
2.792592644691467285e-01
-4.500898420810699463e-01
-2.554152309894561768e-01
-3.237279951572418213e-01
-1.556917905807495117e+00
8.457437753677368164e-01
-1.372219920158386230e+00
-1.020724415779113770e+00
-1.326729178428649902e+00
-1.087754726409912109e+00
4.923895895481109619e-01
9.385274648666381836e-01
-1.330420136451721191e+00
-1.374016880989074707e+00
-1.040360629558563232e-01
-1.749635934829711914e+00
-5.657365322113037109e-01
-1.047344923019409180e+00
9.980136752128601074e-01
2.358326196670532227e+00
6.530703902244567871e-01
1.558904170989990234e+00
7.459970712661743164e-01
-1.264227867126464844e+00
7.006419897079467773e-01
1.997647404670715332e+00
9.248282313346862793e-01
-1.649666666984558105e+00
6.589908599853515625e-01
-5.313821434974670410e-01
-9.704813957214355469e-01
1.954201102256774902e+00
1.922389984130859375e+00
-1.668427944183349609e+00
2.257804721593856812e-01
8.935338258743286133e-01
-5.401779413223266602e-01
-8.780410140752792358e-02
-1.027886152267456055e+00
2.298019081354141235e-01
3.762123882770538330e-01
4.521754384040832520e-01
1.666926264762878418e+00
-6.438849568367004395e-01
-1.038537859916687012e+00
1.026672840118408203e+00
6.973026990890502930e-01
-1.583091467618942261e-01
1.444813847541809082e+00
4.301346093416213989e-02
-5.930918455123901367e-01
-2.966882586479187012e-01
5.624563097953796387e-01
-1.703322291374206543e+00
5.475524067878723145e-02
3.817540705204010010e-01
1.730624079704284668e+00
-1.041286468505859375e+00
-4.798202216625213623e-01
-1.197628378868103027e+00
-4.980656504631042480e-01
1.715378165245056152e+00
4.802010953426361084e-01
4.190605580806732178e-01
-2.283045649528503418e-01
-2.015375494956970215e-01
-2.143861651420593262e-01
-1.745692938566207886e-01
1.048701763153076172e+00
8.188748359680175781e-02
-4.272282421588897705e-01
-4.121137782931327820e-02
-9.586547017097473145e-01
-3.045935928821563721e-02
1.163918733596801758e+00
-8.090371489524841309e-01
-6.227589845657348633e-01
-8.279805183410644531e-01
1.129498004913330078e+00
1.656951427459716797e+00
6.180643439292907715e-01
-5.868934392929077148e-01
-1.014523506164550781e+00
1.000196576118469238e+00
6.816467046737670898e-01
9.393426030874252319e-02
3.664622604846954346e-01
-6.829290390014648438e-01
2.049110084772109985e-01
-2.591382980346679688e+00
-8.684015870094299316e-01
-2.217007726430892944e-01
1.151794195175170898e+00
6.009490489959716797e-01
-8.018233180046081543e-01
6.087291240692138672e-01
-2.158663511276245117e+00
-4.733248651027679443e-01
-1.740681290626525879e+00
-9.748984575271606445e-01
1.861052632331848145e+00
-8.534293770790100098e-01
-3.346959650516510010e-01
-2.723886370658874512e-01
-1.715565174818038940e-01
-3.638352751731872559e-01
-4.469946920871734619e-01
1.562159895896911621e+00
1.460294127464294434e+00
2.312201976776123047e+00
-4.316779673099517822e-01
-3.552448153495788574e-01
-3.699725270271301270e-01
5.014800429344177246e-01
-1.871318817138671875e-01
8.398330956697463989e-02
-9.887791872024536133e-01
-8.795595914125442505e-02
3.031623065471649170e-01
1.047062039375305176e+00
-2.784358561038970947e-01
6.860213875770568848e-01
1.920918107032775879e+00
-6.612379550933837891e-01
9.571433663368225098e-01
-1.791990697383880615e-01
2.743388153612613678e-02
-5.205083489418029785e-01
-1.130306601524353027e+00
2.308192729949951172e+00
-7.842401415109634399e-02
-5.126760601997375488e-01
4.883149862289428711e-01
9.460689425468444824e-01
-8.634719848632812500e-01
-4.231222569942474365e-01
6.475016474723815918e-01
5.907207727432250977e-02
1.253031611442565918e+00
6.343609839677810669e-02
9.962116181850433350e-02
-6.545839905738830566e-01
-6.414771676063537598e-01
1.661216735839843750e+00
-7.980507016181945801e-01
-4.094663858413696289e-01
-9.966022968292236328e-01
1.044321417808532715e+00
1.003098487854003906e+00
-1.455208778381347656e+00
1.090673804283142090e+00
-2.594965100288391113e-01
5.942041277885437012e-01
-2.198017947375774384e-02
-6.250073909759521484e-01
-1.535022854804992676e+00
3.002475202083587646e-01
-1.862277507781982422e+00
1.226297497749328613e+00
9.273347854614257812e-01
1.049916625022888184e+00
-4.612578451633453369e-01
-4.478266835212707520e-02
-2.334371805191040039e+00
-1.067663550376892090e+00
-7.386943101882934570e-01
-4.938707053661346436e-01
1.671005845069885254e+00
3.076178729534149170e-01
4.610397517681121826e-01
1.238627672195434570e+00
-1.985208839178085327e-01
1.561531066894531250e+00
9.593442082405090332e-01
-5.770527720451354980e-01
-1.859043002128601074e+00
-2.133533239364624023e+00
-7.851266264915466309e-01
3.769547343254089355e-01
-2.949734926223754883e-01
-1.439318656921386719e+00
1.304674983024597168e+00
6.562390923500061035e-01
-4.204467535018920898e-01
1.110064864158630371e+00
-8.392374515533447266e-01
1.116045355796813965e+00
-6.059267520904541016e-01
-3.366608023643493652e-01
1.636713147163391113e+00
1.862576246261596680e+00
1.318611018359661102e-02
4.735608771443367004e-02
-8.540232479572296143e-02
-2.818639278411865234e-01
3.176155984401702881e-01
-3.525266945362091064e-01
7.715072631835937500e-01
-1.881734609603881836e+00
5.470875501632690430e-01
-1.830988228321075439e-01
-3.471068441867828369e-01
-1.556453227996826172e+00
1.506724476814270020e+00
2.325962036848068237e-01
-4.148096740245819092e-01
1.125332117080688477e-01
1.578577876091003418e+00
7.464757561683654785e-01
9.222698807716369629e-01
3.027130067348480225e-01
-1.631024122238159180e+00
-2.572175264358520508e-01
-1.116653680801391602e+00
-6.045944094657897949e-01
-7.500128149986267090e-01
1.755564451217651367e+00
1.018570899963378906e+00
-5.992729067802429199e-01
1.619789361953735352e+00
9.846717119216918945e-01
6.888335347175598145e-01
-1.124563097953796387e+00
4.310622513294219971e-01
4.663685336709022522e-02
6.839851289987564087e-02
-1.491043269634246826e-01
-3.622862398624420166e-01
-4.836827218532562256e-01
3.915200233459472656e-01
2.689747571945190430e+00
2.315182209014892578e+00
1.048949956893920898e+00
9.675887823104858398e-01
1.101697325706481934e+00
1.623579263687133789e+00
1.857373952865600586e+00
1.235732913017272949e+00
-5.624363422393798828e-01
7.063704133033752441e-01
6.662888526916503906e-01
2.094221860170364380e-01
-1.764752417802810669e-01
1.926333069801330566e+00
4.040077626705169678e-01
1.678860336542129517e-01
-9.942229390144348145e-01
-1.014673113822937012e+00
-2.336916923522949219e+00
-8.902696967124938965e-01
1.585588216781616211e+00
-2.670677006244659424e-01
-8.205006718635559082e-01
4.920046031475067139e-01
-6.721353530883789062e-01
-1.032359719276428223e+00
1.119673132896423340e+00
1.714087605476379395e+00
2.454322099685668945e+00
4.612617939710617065e-02
8.534399867057800293e-01
-9.419997334480285645e-01
-1.179456353187561035e+00
-9.999032616615295410e-01
1.713512778282165527e+00
-6.588149666786193848e-01
1.016170978546142578e+00
2.867050766944885254e-01
-1.432986259460449219e+00
9.699885249137878418e-01
1.532259941101074219e+00
8.226730674505233765e-02
1.914043307304382324e+00
-8.881196379661560059e-01
-2.106511294841766357e-01
-3.573693335056304932e-01
1.438842504285275936e-03
1.502673268318176270e+00
-4.509486854076385498e-01
2.427899837493896484e+00
-9.595755934715270996e-01
1.333148717880249023e+00
-8.586864471435546875e-01
2.436358451843261719e+00
1.032343506813049316e+00
-3.908295631408691406e-01
5.797365307807922363e-01
-2.124778628349304199e-01
1.597450524568557739e-01
3.895929157733917236e-01
9.745250940322875977e-01
-1.026661247014999390e-01
5.683759450912475586e-01
7.401779890060424805e-01
6.992709040641784668e-01
-1.535344123840332031e-02
-2.050124883651733398e+00
-3.907929062843322754e-01
4.313862621784210205e-01
6.616234779357910156e-01
1.243378877639770508e+00
-1.568745374679565430e+00
4.796359837055206299e-01
-2.600026428699493408e-01
-2.218245267868041992e-01
-2.709108293056488037e-01
-2.459168732166290283e-01
5.216751098632812500e-01
1.966192722320556641e+00
-5.698136091232299805e-01
1.256952524185180664e+00
1.025131568312644958e-01
-1.471015334129333496e+00
-9.171800017356872559e-01
1.795368313789367676e+00
-1.178784251213073730e+00
2.897180616855621338e-01
-1.012619361281394958e-01
-4.673366546630859375e-01
5.912742018699645996e-01
-5.422831773757934570e-01
-1.105323553085327148e+00
-9.082676768302917480e-01
1.143156647682189941e+00
-7.142831087112426758e-01
6.628497838973999023e-01
1.257432699203491211e+00
4.353345334529876709e-01
-1.361821770668029785e+00
1.796525835990905762e+00
-1.016170144081115723e+00
7.184831500053405762e-01
1.021579623222351074e+00
1.389587402343750000e+00
7.242455482482910156e-01
1.557303309440612793e+00
1.385945796966552734e+00
4.271283447742462158e-01
7.051462531089782715e-01
-1.196640372276306152e+00
-5.573787093162536621e-01
5.036382079124450684e-01
6.771945953369140625e-01
-5.119095444679260254e-01
-2.351682633161544800e-01
8.354302048683166504e-01
2.114516019821166992e+00
2.726606428623199463e-01
2.189441204071044922e+00
-5.265912413597106934e-01
-8.804566860198974609e-01
-6.460279226303100586e-01
2.718421220779418945e+00
1.125927805900573730e+00
-1.276488900184631348e+00
1.134387627243995667e-01
2.377805709838867188e-01
1.301843643188476562e+00
-3.091772496700286865e-01
5.255360603332519531e-01
1.140956878662109375e+00
6.801404953002929688e-01
1.178082585334777832e+00
-1.368835568428039551e-01
-2.583045959472656250e+00
2.020838260650634766e+00
-7.993990182876586914e-01
1.403501033782958984e+00
-1.470712304115295410e+00
1.799905657768249512e+00
2.396455407142639160e-02
1.067381143569946289e+00
-6.227335929870605469e-01
2.250287532806396484e+00
-1.841288924217224121e+00
9.063888788223266602e-01
-2.157457768917083740e-01
-5.726913213729858398e-01
-1.307534694671630859e+00
-1.629433035850524902e-01
-1.421111941337585449e+00
-7.878260612487792969e-01
-6.438147276639938354e-02
2.156619071960449219e+00
-3.519290685653686523e-01
7.583026885986328125e-01
-8.211075663566589355e-01
2.495745569467544556e-01
5.853762030601501465e-01
-4.695738255977630615e-01
-1.005961179733276367e+00
3.741529881954193115e-01
2.211630105972290039e+00
-4.952549338340759277e-01
-1.120630502700805664e+00
8.430615067481994629e-01
1.227351054549217224e-01
5.655126571655273438e-01
5.915809273719787598e-01
2.174708396196365356e-01
-1.168121173977851868e-01
5.317956209182739258e-01
6.746175140142440796e-02
-3.048819601535797119e-01
8.439904451370239258e-01
-1.009128451347351074e+00
7.039731144905090332e-01
-2.266533374786376953e-01
-1.034950539469718933e-01
9.320910274982452393e-02
-2.409308999776840210e-01
6.441204547882080078e-01
1.643240332603454590e+00
-1.774193644523620605e-01
6.359679698944091797e-01
-9.730649739503860474e-02
1.163130998611450195e+00
-3.737592995166778564e-01
-9.195914268493652344e-01
5.138966441154479980e-01
3.588639795780181885e-01
1.106788665056228638e-01
-3.051363825798034668e-01
-8.291085958480834961e-01
-5.570104122161865234e-01
9.184111356735229492e-01
1.721372306346893311e-01
-9.156647324562072754e-02
-1.093690395355224609e+00
-2.428362131118774414e+00
-1.073111295700073242e+00
-3.515222966670989990e-01
-7.749113440513610840e-01
1.705807209014892578e+00
-7.431373000144958496e-01
6.024506688117980957e-01
-6.523801088333129883e-01
-3.168395161628723145e-01
-1.387615203857421875e-01
-8.928015828132629395e-01
8.310320973396301270e-02
-1.137707352638244629e+00
-9.767648577690124512e-01
-1.012288331985473633e+00
-6.606595218181610107e-02
-1.964459717273712158e-01
-2.190525531768798828e+00
1.297003865242004395e+00
3.611330389976501465e-01
-9.404776096343994141e-01
8.040574938058853149e-02
-5.492287501692771912e-02
-1.928009152412414551e+00
-1.204785108566284180e+00
9.093450307846069336e-01
-1.321439027786254883e+00
-1.630686521530151367e+00
-3.727471828460693359e-01
-3.733636140823364258e-01
2.397988885641098022e-01
3.191733956336975098e-01
5.015327334403991699e-01
1.672136425971984863e+00
-8.987110257148742676e-01
-3.108479678630828857e-01
4.298797845840454102e-01
-4.024478197097778320e-01
-6.645141243934631348e-01
5.188886523246765137e-01
5.829362869262695312e-01
6.652935743331909180e-01
-2.066045284271240234e+00
7.839808464050292969e-01
9.254090189933776855e-01
7.207807898521423340e-01
2.314383983612060547e+00
6.221966743469238281e-01
