4.133159816265106201e-01
-8.702006936073303223e-01
6.329895257949829102e-01
-5.813829973340034485e-02
1.302423357963562012e+00
7.287236452102661133e-01
3.614725768566131592e-01
1.491310261189937592e-02
-1.004750013351440430e+00
2.376588344573974609e+00
-2.505733966827392578e-01
1.777900010347366333e-01
-1.135404706001281738e-01
-2.873523533344268799e-01
1.598836854100227356e-02
8.612411022186279297e-01
2.216655462980270386e-01
1.090375110507011414e-01
-1.708191752433776855e+00
-3.045481145381927490e-01
1.301926374435424805e-01
2.719938755035400391e+00
1.106497168540954590e+00
1.505419373512268066e+00
6.253612637519836426e-01
6.421158313751220703e-01
4.195721149444580078e-01
1.813145041465759277e+00
6.833839416503906250e-01
-4.063276648521423340e-01
-9.219832420349121094e-01
-5.341534614562988281e-01
-3.389415740966796875e-01
-3.485483303666114807e-02
-5.902137160301208496e-01
-2.221580222249031067e-02
-1.049345254898071289e+00
2.028726577758789062e+00
1.594435334205627441e+00
4.376517534255981445e-01
-7.172952294349670410e-01
-6.938258409500122070e-01
3.449699580669403076e-01
-4.103384613990783691e-01
-1.355115890502929688e+00
8.274672627449035645e-01
1.811636053025722504e-02
1.005553603172302246e+00
5.457158684730529785e-01
1.303473860025405884e-01
-1.931940793991088867e+00
-4.398559778928756714e-02
7.416310906410217285e-01
-6.142966151237487793e-01
1.586938619613647461e+00
1.277119636535644531e+00
-1.050230935215950012e-01
1.277240753173828125e+00
3.411257863044738770e-01
-1.201264619827270508e+00
-2.123713493347167969e+00
8.953427076339721680e-01
-2.094738557934761047e-02
-1.368777513504028320e+00
5.726753473281860352e-01
-5.456099510192871094e-01
2.724492251873016357e-01
-4.696649312973022461e-02
2.401871830224990845e-01
9.477458596229553223e-01
-9.640340507030487061e-02
-2.119808912277221680e+00
1.905017137527465820e+00
3.208302855491638184e-01
2.241206914186477661e-02
-9.358264207839965820e-01
-6.997582912445068359e-01
2.000496387481689453e+00
1.524255871772766113e+00
-1.637351661920547485e-01
-4.090187251567840576e-01
1.148874461650848389e-01
1.758102178573608398e+00
-2.465511798858642578e+00
-2.181739509105682373e-01
9.222172498703002930e-01
1.785482883453369141e+00
4.889696240425109863e-01
2.425473034381866455e-01
6.359106302261352539e-01
1.142183661460876465e+00
-3.009697247762233019e-04
3.917057812213897705e-02
3.206745088100433350e-01
4.153026938438415527e-01
-2.323783636093139648e+00
7.259289622306823730e-01
7.333470582962036133e-01
-6.443101763725280762e-01
3.445145487785339355e-01
-2.867405712604522705e-01
1.675832748413085938e+00
1.859532356262207031e+00
-5.636659264564514160e-01
1.962090432643890381e-01
8.812230229377746582e-01
-1.756291627883911133e+00
-1.244038343429565430e+00
2.938377559185028076e-01
1.489503741264343262e+00
-5.364931225776672363e-01
6.004667878150939941e-01
-2.537772618234157562e-02
-1.956665664911270142e-01
-1.625403165817260742e-01
2.077840805053710938e+00
8.202601671218872070e-01
1.784041762351989746e+00
5.401033163070678711e-01
6.463372111320495605e-01
-3.601256608963012695e-01
-7.709652185440063477e-01
4.055347740650177002e-01
-1.058621287345886230e+00
-4.541721940040588379e-01
8.215522021055221558e-02
-1.114466667175292969e+00
-1.512127876281738281e+00
1.479145884513854980e-01
1.878301501274108887e-01
1.369879245758056641e+00
1.535256654024124146e-01
6.343767642974853516e-01
2.521466970443725586e+00
1.427701830863952637e+00
-2.766563594341278076e-01
3.037864267826080322e-01
-3.164865821599960327e-02
5.800159573554992676e-01
1.672857999801635742e+00
-1.396023750305175781e+00
-1.287722229957580566e+00
-4.145499765872955322e-01
3.813402652740478516e-01
7.439677417278289795e-02
-2.234354764223098755e-01
-1.836488962173461914e+00
-7.535117268562316895e-01
-1.111144900321960449e+00
9.087514877319335938e-01
1.178712010383605957e+00
-9.254574030637741089e-02
-1.981576979160308838e-01
3.770711719989776611e-01
1.378557085990905762e-02
1.167820811271667480e+00
1.092273831367492676e+00
3.622177839279174805e-01
-1.240346312522888184e+00
7.764205932617187500e-01
2.194211781024932861e-01
1.314731001853942871e+00
-1.168574094772338867e+00
5.993455052375793457e-01
2.353314638137817383e+00
-8.737718462944030762e-01
2.055052280426025391e+00
-2.623390436172485352e+00
1.700642347335815430e+00
1.317281007766723633e+00
-1.598334759473800659e-01
8.147872686386108398e-01
-1.043650031089782715e+00
2.225437641143798828e+00
4.934753775596618652e-01
-2.475311458110809326e-01
7.087568044662475586e-01
-1.003710031509399414e+00
8.569136857986450195e-01
5.655251741409301758e-01
6.342087388038635254e-01
-1.011094570159912109e+00
-5.017061233520507812e-01
1.234891772270202637e+00
6.767355799674987793e-01
1.160906672477722168e+00
4.065159261226654053e-01
-1.236383914947509766e+00
7.849889397621154785e-01
2.128521919250488281e+00
2.981799244880676270e-01
-1.223379895091056824e-01
-8.248042464256286621e-01
-3.420629203319549561e-01
9.491541385650634766e-01
1.354064702987670898e+00
-1.429945230484008789e-01
-1.909009665250778198e-01
9.779773950576782227e-01
-9.086957573890686035e-01
-3.170193135738372803e-01
-2.236628532409667969e-01
5.066154152154922485e-02
7.237969040870666504e-01
-4.687330499291419983e-02
-1.545080542564392090e-01
-1.799095630645751953e+00
-1.369713187217712402e+00
1.349022269248962402e+00
-8.667219281196594238e-01
9.837910532951354980e-01
-2.826064825057983398e-01
7.420844435691833496e-01
3.781919181346893311e-01
-3.347628712654113770e-01
-8.324617743492126465e-01
-9.074111580848693848e-01
-4.796683192253112793e-01
-2.742189168930053711e-01
-7.711780071258544922e-01
-9.676327109336853027e-01
-9.519439935684204102e-01
4.659777581691741943e-01
3.486879542469978333e-02
-1.627205252647399902e+00
-8.820977807044982910e-01
-4.200556576251983643e-01
7.119652628898620605e-01
-3.188208341598510742e-01
1.004090785980224609e+00
-2.276188373565673828e+00
3.662788867950439453e-01
-1.798782706260681152e+00
5.884388089179992676e-01
6.063062548637390137e-01
1.077092170715332031e+00
-8.646870255470275879e-01
-3.656835258007049561e-01
4.869492650032043457e-01
2.554931640625000000e-01
4.816505014896392822e-01
-1.996200799942016602e+00
7.655251771211624146e-02
8.689510226249694824e-01
-4.640741348266601562e-01
-7.878881096839904785e-01
-8.007085323333740234e-01
1.461283117532730103e-01
5.730755329132080078e-01
-1.523769497871398926e+00
-1.169238537549972534e-01
-1.522471308708190918e-01
-8.501199483871459961e-01
5.421561598777770996e-01
1.063631176948547363e+00
-6.392310857772827148e-01
4.903131127357482910e-01
-6.267710924148559570e-01
-1.481208682060241699e+00
-1.062660336494445801e+00
-9.525871276855468750e-01
-9.244933128356933594e-01
1.090759634971618652e+00
9.887098670005798340e-01
-3.385184407234191895e-01
-5.410211682319641113e-01
2.456796914339065552e-01
8.957122564315795898e-01
5.837858095765113831e-02
2.466861456632614136e-01
-6.790295243263244629e-01
-1.777669668197631836e+00
-1.322951018810272217e-01
-1.617032736539840698e-01
-1.827776670455932617e+00
8.623116612434387207e-01
1.285411357879638672e+00
1.176353335380554199e+00
-1.119542837142944336e+00
1.993558406829833984e+00
-7.488159835338592529e-02
-7.517628669738769531e-01
1.458198070526123047e+00
8.017469644546508789e-01
6.686800122261047363e-01
-1.061634182929992676e+00
5.147651536390185356e-04
1.586974501609802246e+00
1.209333419799804688e+00
4.823114871978759766e-01
-3.291109204292297363e-01
8.426442146301269531e-01
1.508357375860214233e-01
-1.699107646942138672e+00
3.330731093883514404e-01
4.254078865051269531e-01
6.127888560295104980e-01
1.094183921813964844e+00
2.416361808776855469e+00
-4.886158108711242676e-01
-8.744547367095947266e-01
-1.032468795776367188e+00
6.294938325881958008e-01
6.378331184387207031e-01
2.454933226108551025e-01
-4.801417291164398193e-01
-1.368339210748672485e-01
-9.991293549537658691e-01
5.530198812484741211e-01
7.398643344640731812e-02
1.722893953323364258e+00
8.258686661720275879e-01
-1.305575489997863770e+00
-9.606376886367797852e-01
9.005371928215026855e-01
8.044409155845642090e-01
-4.633468985557556152e-01
-6.034655570983886719e-01
-1.568625867366790771e-01
-8.463339805603027344e-01
-1.229547142982482910e+00
-8.768556267023086548e-02
1.625006496906280518e-01
1.261161684989929199e+00
2.701531723141670227e-02
7.933813333511352539e-01
5.603038072586059570e-01
2.011078745126724243e-01
-1.253814458847045898e+00
-1.456416845321655273e+00
-6.640767455101013184e-01
-1.566681385040283203e+00
1.251572370529174805e+00
3.707500994205474854e-01
-8.911632299423217773e-01
3.665232658386230469e-01
1.138965725898742676e+00
-2.213430881500244141e+00
1.195301175117492676e+00
-1.609892487525939941e+00
6.001160740852355957e-01
1.118180990219116211e+00
1.105405017733573914e-01
1.213696748018264771e-01
-5.289105176925659180e-01
5.430465340614318848e-01
-6.221676468849182129e-01
3.602878451347351074e-01
-1.108692526817321777e+00
-1.408399939537048340e-01
-3.064130246639251709e-01
3.856263458728790283e-01
7.697893977165222168e-01
9.307267665863037109e-01
8.522683382034301758e-01
-4.674644172191619873e-01
-5.620776414871215820e-01
-4.179501235485076904e-01
1.675413489341735840e+00
8.848446607589721680e-01
4.473568499088287354e-01
1.458855152130126953e+00
7.590444684028625488e-01
1.042895793914794922e+00
2.005611181259155273e+00
-7.443076372146606445e-02
2.137427330017089844e+00
-1.612842559814453125e+00
3.104612417519092560e-02
-5.429922342300415039e-01
-6.066783070564270020e-01
6.167409420013427734e-01
1.799492597579956055e+00
-8.645335435867309570e-01
-3.752371370792388916e-01
1.648462563753128052e-01
1.224812626838684082e+00
6.094985082745552063e-02
9.356740117073059082e-02
2.305617630481719971e-01
1.291705489158630371e+00
-1.045546084642410278e-01
6.238714456558227539e-01
-7.385793924331665039e-01
5.171352624893188477e-01
-2.439063638448715210e-01
-3.379168212413787842e-01
-1.143947720527648926e+00
4.223283529281616211e-01
1.228918433189392090e+00
-3.470220565795898438e-01
7.648280262947082520e-01
8.779489398002624512e-01
1.554868102073669434e+00
-5.229966640472412109e-01
-7.253768444061279297e-01
-8.769443035125732422e-01
-2.016713380813598633e+00
-1.233504533767700195e+00
1.701721996068954468e-01
5.261762738227844238e-01
-1.625831842422485352e+00
-1.743182063102722168e+00
2.942506074905395508e-01
-2.241117238998413086e+00
1.551666140556335449e+00
9.331755638122558594e-01
-3.081126809120178223e-01
-1.046578407287597656e+00
-2.990310788154602051e-01
-7.391784191131591797e-01
6.226202845573425293e-01
1.977718949317932129e+00
-5.673850178718566895e-01
1.294329047203063965e+00
-1.254518508911132812e+00
-3.415038287639617920e-01
-4.206808209419250488e-01
6.548361182212829590e-01
8.418796658515930176e-01
-1.020870447158813477e+00
5.435063242912292480e-01
2.997132539749145508e-01
-7.437990903854370117e-01
-3.148848414421081543e-01
5.457466840744018555e-01
6.360197067260742188e-01
3.727609217166900635e-01
-9.295902401208877563e-02
4.797165095806121826e-01
1.385040998458862305e+00
1.380359753966331482e-02
-1.238830089569091797e+00
-2.636621892452239990e-01
8.164986371994018555e-01
-5.785091519355773926e-01
-1.639194607734680176e+00
6.224060654640197754e-01
-1.109449267387390137e+00
1.809806704521179199e+00
1.023323059082031250e+00
-4.001508355140686035e-01
-2.273519039154052734e-01
7.512553930282592773e-01
-7.473524212837219238e-01
-2.533953487873077393e-01
-4.106127023696899414e-01
-2.109656095504760742e+00
8.776135444641113281e-01
-1.062310710549354553e-01
