-3.843741118907928467e-02
3.911885023117065430e-01
-1.848738044500350952e-01
-2.816964685916900635e-01
2.354819886386394501e-02
-1.139922142028808594e+00
4.118276834487915039e-01
-3.149052560329437256e-01
-8.771802186965942383e-01
-5.238376855850219727e-01
-5.992571115493774414e-01
-5.990929007530212402e-01
-1.806319653987884521e-01
-1.022042483091354370e-01
1.225245952606201172e+00
-1.524881720542907715e+00
-1.490422606468200684e+00
-7.814238667488098145e-01
-8.468334078788757324e-01
-8.293299078941345215e-01
-1.177145600318908691e+00
-1.406986594200134277e+00
-1.179268956184387207e+00
-1.228740334510803223e+00
-1.365878731012344360e-01
1.256837844848632812e+00
8.153217434883117676e-01
1.804771304130554199e+00
9.925711750984191895e-01
9.769445061683654785e-01
-1.078601598739624023e+00
5.426003336906433105e-01
2.785866558551788330e-01
-1.524568200111389160e-01
2.145154476165771484e+00
-2.278595119714736938e-01
8.452826142311096191e-01
-2.037311315536499023e+00
-1.191276073455810547e+00
-2.887099087238311768e-01
-1.155972242355346680e+00
-3.083027601242065430e-01
6.005545854568481445e-01
1.005606532096862793e+00
-1.043217554688453674e-01
1.417461991310119629e+00
4.173395037651062012e-01
3.564543128013610840e-01
-4.048249721527099609e-01
-1.929001450538635254e+00
9.202010929584503174e-02
-1.007942482829093933e-01
-1.564561277627944946e-01
-1.849683880805969238e+00
-5.275506377220153809e-01
7.709516882896423340e-01
6.976712346076965332e-01
1.086939573287963867e+00
-3.777093291282653809e-01
2.577501162886619568e-02
1.365365862846374512e+00
2.524975240230560303e-01
-1.894559502601623535e+00
-1.360967040061950684e+00
-1.730527997016906738e+00
-1.089086055755615234e+00
-2.140080928802490234e-01
-5.164999961853027344e-01
1.051313281059265137e+00
1.645168423652648926e+00
8.077512979507446289e-01
-3.547782003879547119e-01
7.302641272544860840e-01
1.291801214218139648e+00
-1.154824495315551758e+00
-9.663727879524230957e-01
-1.438717007637023926e+00
-6.982488036155700684e-01
6.267591565847396851e-02
1.050487637519836426e+00
2.627819180488586426e-01
1.580254733562469482e-01
-9.402203559875488281e-01
4.696399867534637451e-01
-2.737861499190330505e-02
1.953740864992141724e-01
7.123079895973205566e-01
-1.395749598741531372e-01
3.178397119045257568e-01
6.685234904289245605e-01
6.185092926025390625e-01
-5.402057766914367676e-01
-9.356929063796997070e-01
2.133622884750366211e+00
3.724109530448913574e-01
7.921920418739318848e-01
-1.213184833526611328e+00
-1.814191699028015137e+00
1.318404197692871094e+00
4.274584054946899414e-01
-7.858655601739883423e-02
-4.332381784915924072e-01
4.153524339199066162e-01
2.853558659553527832e-01
-1.384367704391479492e+00
-8.176113367080688477e-01
7.584478259086608887e-01
7.125092148780822754e-01
1.528199434280395508e+00
2.899156570434570312e+00
-7.730095982551574707e-01
-1.187796831130981445e+00
1.875330060720443726e-01
-9.633033275604248047e-01
1.804407715797424316e+00
-7.675890326499938965e-01
2.203226387500762939e-01
3.036288917064666748e-01
2.688338458538055420e-01
4.013673216104507446e-02
1.212823271751403809e+00
-1.609610080718994141e+00
1.236726675415411592e-04
-6.894582509994506836e-01
-8.799946904182434082e-01
-5.703977942466735840e-01
-2.695842981338500977e+00
-6.860204935073852539e-01
4.655041992664337158e-01
1.246919035911560059e+00
7.919442653656005859e-01
-1.224361181259155273e+00
1.391123533248901367e+00
-2.577845454216003418e-01
-8.403416872024536133e-01
-1.922550797462463379e+00
-1.156641244888305664e+00
-7.271000742912292480e-02
-6.347726583480834961e-01
1.066694855690002441e+00
-8.573333621025085449e-01
-2.048858404159545898e-01
8.746699094772338867e-01
1.583625078201293945e-01
-1.403149247169494629e+00
1.323429584503173828e+00
-4.240782558917999268e-01
-1.750475913286209106e-02
2.249369025230407715e-01
5.923398584127426147e-02
-8.132572174072265625e-01
-5.483376234769821167e-02
8.427678942680358887e-01
-1.031354308128356934e+00
-5.588672757148742676e-01
-8.134816884994506836e-01
-2.851002514362335205e-01
4.339084327220916748e-01
-9.522926807403564453e-01
-3.396796584129333496e-01
1.278867363929748535e+00
8.915252089500427246e-01
1.425934433937072754e-01
7.233889102935791016e-01
5.791991353034973145e-01
-6.680881977081298828e-01
-2.751554965972900391e+00
5.990293994545936584e-02
-1.281956672668457031e+00
7.209838032722473145e-01
-3.969960212707519531e-01
1.483926057815551758e+00
1.376269817352294922e+00
4.664833247661590576e-01
-1.082416415214538574e+00
6.336778998374938965e-01
-1.252121329307556152e+00
-1.525691986083984375e+00
-7.884886264801025391e-01
-5.907810926437377930e-01
5.123642086982727051e-01
-1.119139313697814941e+00
-2.787083685398101807e-01
-5.422925353050231934e-01
-8.915151953697204590e-01
1.662428826093673706e-01
1.356552362442016602e+00
1.182912349700927734e+00
3.535687923431396484e-01
5.942361950874328613e-01
1.589874625205993652e-01
-6.958616524934768677e-02
1.879701972007751465e+00
-5.818709731101989746e-01
4.910903573036193848e-01
7.918360829353332520e-01
-3.549848124384880066e-02
-3.906673491001129150e-01
8.782221674919128418e-01
-8.737939000129699707e-01
-1.714547276496887207e+00
-1.118474483489990234e+00
7.443535327911376953e-01
-4.891801178455352783e-01
1.346282839775085449e+00
-1.537623047828674316e+00
1.962866634130477905e-01
3.022626638412475586e-01
-2.278018444776535034e-01
4.068241715431213379e-01
1.561973333358764648e+00
6.297374367713928223e-01
3.449664115905761719e-01
-8.181405663490295410e-01
-1.448044776916503906e+00
-9.087306857109069824e-01
-1.590515971183776855e-01
7.077574729919433594e-01
1.589005291461944580e-01
-1.428854227066040039e+00
-4.683680832386016846e-01
9.524578452110290527e-01
-5.866185426712036133e-01
3.931894004344940186e-01
-4.347570836544036865e-01
1.328907489776611328e+00
-1.970017552375793457e+00
-8.536270856857299805e-01
-1.148295640945434570e+00
-3.827371895313262939e-01
1.951138019561767578e+00
1.266070842742919922e+00
-1.385116815567016602e+00
-5.210163593292236328e-01
4.854098260402679443e-01
6.286043524742126465e-01
1.607724547386169434e+00
-1.070105791091918945e+00
-2.049206793308258057e-01
3.158889114856719971e-01
5.969851016998291016e-01
5.366835594177246094e-01
-1.793348073959350586e+00
7.081875950098037720e-02
1.564253717660903931e-01
-1.732407450675964355e+00
9.566301107406616211e-02
-3.063479252159595490e-02
2.263106584548950195e+00
1.494299173355102539e-01
-1.074672460556030273e+00
9.229769110679626465e-01
-6.999382376670837402e-01
8.568994998931884766e-01
1.972898960113525391e+00
-1.320525288581848145e+00
7.819527983665466309e-01
-2.162496596574783325e-01
-6.472904235124588013e-02
-1.713106393814086914e+00
-6.751488447189331055e-01
-6.974973678588867188e-01
4.199026226997375488e-01
3.699235245585441589e-02
-1.026704430580139160e+00
1.563965559005737305e+00
-1.162462010979652405e-01
-6.416084766387939453e-01
-1.480407834053039551e+00
1.737058877944946289e+00
-3.428142145276069641e-02
5.917026475071907043e-02
-2.035944759845733643e-01
5.718364939093589783e-02
-7.321209907531738281e-01
-1.519533395767211914e-01
1.403521656990051270e+00
-2.017673999071121216e-01
-3.849278390407562256e-01
1.306457668542861938e-01
-1.296810150146484375e+00
-2.168716907501220703e+00
4.700562655925750732e-01
-7.146197557449340820e-01
1.944328308105468750e+00
-4.617263376712799072e-01
2.373480945825576782e-01
-1.039298415184020996e+00
-7.455130219459533691e-01
-7.248330116271972656e-01
-1.869993982836604118e-03
-1.320755600929260254e+00
-3.255964517593383789e-01
9.934836030006408691e-01
1.597987055778503418e+00
6.187687516212463379e-01
1.681929469108581543e+00
-2.626416683197021484e+00
-8.672953844070434570e-01
7.702312469482421875e-01
2.607575245201587677e-02
-1.733382105827331543e+00
1.722493171691894531e+00
3.736703395843505859e-01
-1.834011822938919067e-01
6.835414767265319824e-01
-5.950409770011901855e-01
2.102175235748291016e+00
-6.685126423835754395e-01
1.533367156982421875e+00
-1.659288167953491211e+00
-4.552678465843200684e-01
-7.124211788177490234e-01
-5.013894438743591309e-01
-1.201344057917594910e-01
-6.267153620719909668e-01
-2.223216146230697632e-01
-3.801819384098052979e-01
-1.413784027099609375e+00
1.429557681083679199e+00
1.304545879364013672e+00
-6.832783222198486328e-01
3.436749875545501709e-01
-5.555263161659240723e-01
-1.013680696487426758e+00
1.054023027420043945e+00
9.747965335845947266e-01
-6.110281944274902344e-01
-8.347004055976867676e-01
-1.361398026347160339e-02
-6.716335415840148926e-01
1.763654112815856934e+00
-8.555924296379089355e-01
1.640006154775619507e-01
-4.541541934013366699e-01
-1.169214487075805664e+00
1.033427238464355469e+00
6.854603290557861328e-01
-7.465896010398864746e-01
1.084587931632995605e+00
-1.876796595752239227e-02
-1.050114274024963379e+00
3.744337707757949829e-02
1.183511376380920410e+00
9.303478002548217773e-01
1.149739027023315430e+00
-5.906010866165161133e-01
7.329389452934265137e-02
-1.433526635169982910e+00
-2.861846089363098145e-01
-2.339197099208831787e-01
3.817153275012969971e-01
5.530670881271362305e-01
-9.053571224212646484e-01
-2.089607566595077515e-01
6.325991153717041016e-01
-1.178833484649658203e+00
2.941018044948577881e-01
-1.159443497657775879e+00
1.496115088462829590e+00
3.896307051181793213e-01
-1.350434303283691406e+00
1.120669722557067871e+00
1.324319094419479370e-01
1.044351384043693542e-01
9.244595170021057129e-01
7.528519034385681152e-01
7.617774009704589844e-01
-4.780341312289237976e-02
-6.496530175209045410e-01
-1.177155017852783203e+00
2.698079586029052734e+00
2.114591598510742188e-01
-3.933021128177642822e-01
-3.475605249404907227e-01
-6.769376993179321289e-01
-1.882204771041870117e+00
-1.424903750419616699e+00
-3.404105007648468018e-01
-1.203842759132385254e+00
1.197692871093750000e+00
1.464075684547424316e+00
2.131922990083694458e-01
-1.530630439519882202e-01
1.367944478988647461e-01
-1.590438604354858398e+00
1.325420022010803223e+00
1.053321003913879395e+00
5.592274069786071777e-01
2.739701569080352783e-01
1.863269686698913574e+00
-9.356155991554260254e-01
-2.141773939132690430e+00
7.531060278415679932e-02
-6.541722416877746582e-01
8.760693669319152832e-01
-1.574346184730529785e+00
1.388102412223815918e+00
-2.230092287063598633e-01
2.122234702110290527e-01
