6.207413673400878906e-01 -1.623503684997558594e+00 -1.352425694465637207e+00 9.155082106590270996e-01 4.577583074569702148e-01 9.107731580734252930e-01 -1.341740250587463379e+00 1.875351071357727051e+00
-1.095293283462524414e+00 -1.672288417816162109e+00 1.177934646606445312e+00 2.599945962429046631e-01 7.138241529464721680e-01 -9.813356995582580566e-01 -3.981142938137054443e-01 -9.979441761970520020e-01
4.784164726734161377e-01 -2.628118097782135010e-01 5.248110294342041016e-01 1.527986288070678711e+00 2.132838010787963867e+00 -9.585538506507873535e-01 1.028738170862197876e-01 1.357616186141967773e+00
1.689587473869323730e+00 9.077513217926025391e-02 -1.107558727264404297e+00 -3.314653411507606506e-02 2.099633067846298218e-01 3.523254990577697754e-01 1.016384840011596680e+00 -1.487167239189147949e+00
-2.377060353755950928e-01 -1.401679873466491699e+00 2.106400728225708008e+00 2.729277372360229492e+00 3.078770041465759277e-01 -2.860022187232971191e-01 -1.570400714874267578e+00 9.282429814338684082e-01
4.620152711868286133e-02 2.118812799453735352e+00 8.183568120002746582e-01 -9.715780019760131836e-01 1.026206254959106445e+00 -4.689413309097290039e-01 1.536615341901779175e-01 9.102468490600585938e-01
1.040598392486572266e+00 -1.283834129571914673e-01 -9.112498164176940918e-01 1.282477021217346191e+00 -1.783465504646301270e+00 1.745450645685195923e-01 1.514789938926696777e+00 4.139322638511657715e-01
-4.473744928836822510e-01 -7.827600240707397461e-01 1.017565250396728516e+00 -8.420005440711975098e-01 4.144214689731597900e-01 3.141110837459564209e-01 6.719736456871032715e-01 -4.116425216197967529e-01
1.099242210388183594e+00 -1.223109006881713867e+00 9.780074357986450195e-01 -4.711787104606628418e-01 -2.041980773210525513e-01 -3.171671330928802490e-01 -4.014334827661514282e-02 -1.504618972539901733e-01
6.642911583185195923e-03 2.693022489547729492e+00 -9.813468158245086670e-02 -3.700278103351593018e-01 1.347355246543884277e+00 -3.092151284217834473e-01 -3.988322019577026367e-01 1.230831503868103027e+00
-6.523477435111999512e-01 4.593196511268615723e-01 -8.330319523811340332e-01 -6.285401582717895508e-01 6.377646327018737793e-01 -4.047978222370147705e-01 -2.616537809371948242e-01 -9.400077462196350098e-01
1.297309398651123047e-01 -9.414594769477844238e-01 5.613366886973381042e-02 3.097038865089416504e-01 2.042701482772827148e+00 -3.165598213672637939e-01 4.762555360794067383e-01 2.959162592887878418e-01
-2.813178300857543945e-01 7.214269042015075684e-01 1.004302620887756348e+00 -3.818459063768386841e-02 -1.334815621376037598e+00 -1.140772938728332520e+00 6.957010626792907715e-01 4.192891716957092285e-02
2.548026442527770996e-01 6.731699109077453613e-01 -6.210448145866394043e-01 2.382008552551269531e+00 -1.080021619796752930e+00 2.723947465419769287e-01 6.031706333160400391e-01 1.128213167190551758e+00
-1.327325999736785889e-01 -4.905306100845336914e-01 4.764086902141571045e-01 -6.693603396415710449e-01 -4.226887226104736328e-01 -1.302046537399291992e+00 -4.855766594409942627e-01 -3.431444987654685974e-02
6.083537340164184570e-01 -9.910751581192016602e-01 -2.645650148391723633e+00 -8.938691616058349609e-01 4.335837662220001221e-01 -8.061681389808654785e-01 4.297389984130859375e-01 1.582339048385620117e+00
-7.219060659408569336e-01 -3.583095073699951172e-01 6.021817326545715332e-01 7.574808001518249512e-01 4.256499111652374268e-01 -6.592289805412292480e-01 -9.064490199089050293e-01 -1.983317434787750244e-01
6.691247969865798950e-02 -3.695670515298843384e-02 2.926180362701416016e-01 -6.757864952087402344e-01 -1.291502952575683594e+00 -9.622641801834106445e-01 8.369770050048828125e-01 -1.292501807212829590e+00
-1.525610592216253281e-02 5.247377753257751465e-01 -1.000921487808227539e+00 6.410095840692520142e-02 -4.335753619670867920e-01 -3.193074464797973633e-01 3.392247557640075684e-01 6.652107834815979004e-01
6.687408089637756348e-01 -1.397263884544372559e+00 -6.019588708877563477e-01 1.467689633369445801e+00 2.300629317760467529e-01 -1.989630579948425293e+00 4.464887678623199463e-01 6.430675983428955078e-01
-6.016554832458496094e-01 -6.432930827140808105e-01 7.762879133224487305e-01 2.814383208751678467e-01 -5.120917782187461853e-02 -3.795028328895568848e-01 -1.595253348350524902e-01 -4.758011102676391602e-01
-8.769261837005615234e-01 -6.233897805213928223e-01 9.090591669082641602e-01 8.312227725982666016e-01 -8.937488310039043427e-03 1.339866399765014648e+00 2.185872554779052734e+00 -3.115999102592468262e-01
2.190032750368118286e-01 9.396822005510330200e-02 -1.036361217498779297e+00 -3.432316184043884277e-01 -1.956552416086196899e-01 -1.278708696365356445e+00 2.398620694875717163e-01 4.732727408409118652e-01
-5.261359810829162598e-01 1.115971207618713379e+00 1.229728102684020996e+00 -1.575849413871765137e+00 7.731213569641113281e-01 -1.104288026690483093e-01 5.402583479881286621e-01 -3.792240917682647705e-01
-5.671640112996101379e-02 5.816002488136291504e-01 -3.355380296707153320e-01 2.041553735733032227e+00 -2.278947830200195312e+00 -5.359627008438110352e-01 -1.909967064857482910e-01 -3.816286325454711914e-01
2.993395626544952393e-01 -2.261635303497314453e+00 2.517576932907104492e+00 -1.284144401550292969e+00 -4.428847432136535645e-01 -1.683549165725708008e+00 -2.668352127075195312e-01 -1.155825972557067871e+00
1.820689797401428223e+00 1.218366995453834534e-01 2.446758031845092773e+00 -9.150088429450988770e-01 -1.199463129043579102e+00 -8.219004273414611816e-01 -1.121120691299438477e+00 -3.927437067031860352e-01
-8.594634532928466797e-01 2.496411323547363281e+00 4.138661324977874756e-01 -1.281803101301193237e-01 -2.222516059875488281e+00 1.515819787979125977e+00 -9.600169062614440918e-01 1.580104231834411621e-01
4.285037815570831299e-01 2.755704820156097412e-01 3.989475965499877930e-01 -7.385864853858947754e-01 1.397035270929336548e-01 6.691262722015380859e-01 9.876458048820495605e-01 3.397226631641387939e-01
2.326867282390594482e-01 3.446817696094512939e-01 1.588284611701965332e+00 2.330007791519165039e+00 1.131377935409545898e+00 -5.203673243522644043e-01 6.969761848449707031e-01 1.022172689437866211e+00
7.764491252601146698e-03 -1.237543463706970215e+00 8.639900088310241699e-01 -6.487301588058471680e-01 -1.088123440742492676e+00 2.197327911853790283e-01 2.555111795663833618e-02 7.480946183204650879e-01
1.272888422012329102e+00 -9.329057931900024414e-01 1.936639070510864258e+00 5.459419488906860352e-01 1.897289305925369263e-01 -1.058708190917968750e+00 1.828517615795135498e-01 -4.633746296167373657e-02
-4.544103741645812988e-01 -3.775806352496147156e-02 1.719362884759902954e-01 1.606365144252777100e-01 -5.745566487312316895e-01 -2.428839355707168579e-01 8.293795585632324219e-01 1.436828017234802246e+00
-1.587374135851860046e-02 -2.374712944030761719e+00 -1.039666756987571716e-01 9.395269155502319336e-01 1.965191245079040527e+00 -2.508962631225585938e+00 1.555227160453796387e+00 -1.049690842628479004e+00
1.995960116386413574e+00 -6.925813555717468262e-01 9.846255183219909668e-02 -4.327237606048583984e-01 6.320424079895019531e-01 -2.155223608016967773e+00 9.005982279777526855e-01 -2.340804189443588257e-01
1.704319953918457031e+00 -1.090616703033447266e+00 3.676317632198333740e-01 1.233017891645431519e-01 -2.194541931152343750e+00 1.060211732983589172e-01 -8.049584925174713135e-02 -3.405301570892333984e-01
1.740390181541442871e+00 9.836631268262863159e-02 -1.200713515281677246e+00 1.280500441789627075e-01 -3.926808834075927734e-01 3.983189538121223450e-02 -9.493964910507202148e-01 2.689923048019409180e+00
-9.039619565010070801e-01 1.652132868766784668e+00 1.521504163742065430e+00 -1.156987696886062622e-01 -8.579983711242675781e-01 1.350120306015014648e+00 -1.266716361045837402e+00 -4.734751582145690918e-01
9.866956472396850586e-01 -2.197640240192413330e-01 8.548841625452041626e-02 -2.575707435607910156e-01 -5.459882020950317383e-01 1.647668480873107910e-01 -1.224319219589233398e+00 -2.371247708797454834e-01
-7.298994809389114380e-02 -6.915677785873413086e-01 -1.864428758621215820e+00 -3.908249437808990479e-01 5.009444952011108398e-01 9.795941412448883057e-02 -5.922073125839233398e-01 1.627643823623657227e+00
-1.803632259368896484e+00 1.607053577899932861e-01 -1.032548785209655762e+00 4.065258204936981201e-01 -8.747410774230957031e-01 1.313029602169990540e-02 -3.833998441696166992e-01 -1.120715513825416565e-01
-9.934059381484985352e-01 -1.330169200897216797e+00 1.140882611274719238e+00 5.751621127128601074e-01 -7.686429619789123535e-01 -1.919012069702148438e+00 2.156698942184448242e+00 -2.449925899505615234e+00
-2.639965116977691650e-01 9.630627036094665527e-01 -2.028823137283325195e+00 1.394169211387634277e+00 -3.260128200054168701e-01 1.241120219230651855e+00 1.287917852401733398e+00 1.201027631759643555e+00
-6.759268045425415039e-01 -3.251483738422393799e-01 3.057335615158081055e+00 -1.504189491271972656e+00 -6.291391700506210327e-02 4.489319622516632080e-01 -3.874798417091369629e-01 -7.555753588676452637e-01
-5.138458609580993652e-01 -4.040381014347076416e-01 -5.976333841681480408e-02 1.461911678314208984e+00 8.020023703575134277e-01 -7.212280035018920898e-01 -1.276408433914184570e+00 3.394093215465545654e-01
-1.933065950870513916e-01 -1.031175702810287476e-01 -8.771901726722717285e-01 1.153028845787048340e+00 -8.500712513923645020e-01 -1.783798098564147949e+00 -1.293024897575378418e+00 -7.747924923896789551e-01
-2.782666683197021484e-01 7.820372581481933594e-01 -1.809114098548889160e+00 -2.245269298553466797e+00 -1.424912642687559128e-02 -1.538315713405609131e-01 6.352006196975708008e-01 -5.479317903518676758e-01
-2.950239554047584534e-02 6.077503561973571777e-01 1.138951539993286133e+00 3.084975481033325195e-01 1.281941980123519897e-01 -9.945386052131652832e-01 5.999396443367004395e-01 -5.897907018661499023e-01
8.806557655334472656e-01 -1.395060300827026367e+00 -4.878367781639099121e-01 3.454472720623016357e-01 -5.771722197532653809e-01 3.191623687744140625e-01 -2.919563651084899902e-01 2.581574320793151855e-01
-1.084825769066810608e-01 -2.637177109718322754e-01 -1.313250422477722168e+00 -3.185771703720092773e-01 -3.646060824394226074e-01 -3.004745952785015106e-02 -5.353366136550903320e-01 -2.731013298034667969e-01
9.238021969795227051e-01 4.159375131130218506e-01 5.046764612197875977e-01 -4.062658250331878662e-01 -1.582420706748962402e+00 -9.101305007934570312e-01 7.644241303205490112e-02 8.483378887176513672e-01
-6.167795062065124512e-01 2.157099246978759766e-01 6.489649415016174316e-01 -2.515436172485351562e+00 1.206981912255287170e-01 9.226673245429992676e-01 3.205747604370117188e-01 1.652967691421508789e+00
-1.330113530158996582e+00 -2.555455267429351807e-01 -9.588692188262939453e-01 9.024549275636672974e-03 1.281338930130004883e+00 -2.069475412368774414e+00 2.019096761941909790e-01 -2.713228762149810791e-01
-4.017791748046875000e-01 -3.009889125823974609e-01 -2.001665353775024414e+00 2.973670363426208496e-01 -1.094765067100524902e+00 -7.110896110534667969e-01 -2.810952067375183105e-01 6.769484281539916992e-01
-2.584897041320800781e+00 2.090294659137725830e-02 5.588340163230895996e-01 -3.715005517005920410e-01 2.291328430175781250e+00 -1.949576973915100098e+00 -2.584981322288513184e-01 1.236054420471191406e+00
-1.289503455162048340e+00 -2.046498060226440430e+00 -4.662563204765319824e-01 4.253245592117309570e-01 -1.644513726234436035e+00 -4.221962094306945801e-01 -1.667573302984237671e-01 -8.747512102127075195e-01
3.927935063838958740e-01 1.390098929405212402e+00 7.875789999961853027e-01 -1.006595730781555176e+00 1.195918917655944824e+00 6.454741358757019043e-01 1.987182050943374634e-01 -3.078575432300567627e-01
-5.562426447868347168e-01 -1.104940414428710938e+00 1.214913010597229004e+00 -5.602066516876220703e-01 5.561543703079223633e-01 -5.847723484039306641e-01 -9.411027655005455017e-03 1.712777972221374512e+00
2.121202647686004639e-02 1.287647843360900879e+00 2.226925790309906006e-01 -1.063705801963806152e+00 6.015685796737670898e-01 -1.096766442060470581e-01 2.693766951560974121e-01 4.373526871204376221e-01
5.413218736648559570e-01 2.671006880700588226e-02 -4.582245945930480957e-01 1.372939199209213257e-01 2.768092416226863861e-02 -4.832471907138824463e-02 -8.046757578849792480e-01 -2.095928341150283813e-01
-5.942855477333068848e-01 -1.919842958450317383e-01 -2.265219449996948242e+00 5.274050235748291016e-01 -1.675073623657226562e+00 -1.006765812635421753e-01 -7.840551137924194336e-01 4.643411338329315186e-01
-5.307331681251525879e-01 3.479652702808380127e-01 1.128060460090637207e+00 8.772960305213928223e-01 3.058704435825347900e-01 -2.914282977581024170e-01 -4.660692214965820312e-01 -4.372732341289520264e-01
-4.858212918043136597e-02 -2.095440775156021118e-01 9.528353214263916016e-01 -9.542582631111145020e-01 4.233180880546569824e-01 3.598253726959228516e-01 2.479698657989501953e+00 -6.479215621948242188e-01
-3.305980861186981201e-01 5.414118170738220215e-01 1.649535298347473145e+00 -6.197118759155273438e-01 -7.048354148864746094e-01 -1.768336772918701172e+00 -2.126912593841552734e+00 -9.770775437355041504e-01
1.522795762866735458e-02 1.419488191604614258e+00 1.104696869850158691e+00 1.009979963302612305e+00 8.680715560913085938e-01 -5.068566203117370605e-01 5.108387558721005917e-04 -1.958459764719009399e-01
2.840784490108489990e-01 1.477142810821533203e+00 4.550206065177917480e-01 -1.768576502799987793e-01 1.410630583763122559e+00 1.600396633148193359e+00 4.585171639919281006e-01 4.858319461345672607e-01
4.353422671556472778e-02 1.176471829414367676e+00 1.691115051507949829e-01 -1.328475356101989746e+00 4.302447736263275146e-01 -1.467078447341918945e+00 -5.039534568786621094e-01 1.276548504829406738e+00
-4.407978355884552002e-01 -1.292551159858703613e-01 6.840663403272628784e-02 -3.132202625274658203e-01 1.339758157730102539e+00 2.930971980094909668e-01 6.226837635040283203e-01 1.470360636711120605e+00
-1.378337264060974121e+00 2.401622831821441650e-01 4.350447058677673340e-01 1.452078074216842651e-01 1.110755920410156250e+00 6.413804888725280762e-01 -5.238522887229919434e-01 2.435241937637329102e-01
-4.787171185016632080e-01 -7.524642944335937500e-01 -2.080905437469482422e+00 -9.541296958923339844e-01 -5.570504069328308105e-01 1.638592362403869629e+00 6.210532784461975098e-01 -6.472046971321105957e-01
7.794978022575378418e-01 -5.562008619308471680e-01 -1.178652286529541016e+00 2.992486655712127686e-01 -3.798080384731292725e-01 3.334910571575164795e-01 5.027689039707183838e-02 5.920025110244750977e-01
-6.146317124366760254e-01 7.103829979896545410e-01 3.946552276611328125e-01 4.273749291896820068e-01 -5.061808228492736816e-01 -1.565026998519897461e+00 1.379026412963867188e+00 1.099120974540710449e+00
-7.860189080238342285e-01 3.173637092113494873e-01 3.897828459739685059e-01 9.238637238740921021e-02 -1.232170462608337402e+00 -1.017624855041503906e+00 3.853408694267272949e-01 -5.550642013549804688e-01
-2.393863648176193237e-01 -4.328498244285583496e-02 1.985640048980712891e+00 1.508300065994262695e+00 1.063251495361328125e+00 -2.093499422073364258e+00 -1.806306600570678711e+00 -1.840588569641113281e+00
5.808798074722290039e-01 8.752756118774414062e-01 -6.625332832336425781e-01 4.343351721763610840e-01 5.977365374565124512e-02 -7.444059848785400391e-02 -1.270905017852783203e+00 2.056590095162391663e-02
-2.881594300270080566e-01 -1.625530481338500977e+00 -1.034177541732788086e+00 -1.112075090408325195e+00 1.083419799804687500e+00 1.310101151466369629e-01 7.578424811363220215e-01 -7.855774760246276855e-01
-1.462509185075759888e-01 3.345653116703033447e-01 3.842748701572418213e-01 1.703486680984497070e+00 4.334119260311126709e-01 4.783827364444732666e-01 6.698556989431381226e-02 2.962582707405090332e-01
-1.295614957809448242e+00 -1.491450190544128418e+00 -1.138533949851989746e+00 -5.421257019042968750e-01 2.120861262083053589e-01 6.106623411178588867e-01 1.473420858383178711e-01 -1.307417601346969604e-01
-5.756816267967224121e-01 -7.406479120254516602e-01 4.436388015747070312e-01 1.843175739049911499e-01 4.336811229586601257e-02 1.239189386367797852e+00 -2.034907817840576172e+00 7.680497765541076660e-01
6.643094420433044434e-01 -4.849951565265655518e-01 -9.274746179580688477e-01 -7.594559788703918457e-01 -1.303816080093383789e+00 1.359492242336273193e-01 4.426406323909759521e-01 1.471671581268310547e+00
-8.621754646301269531e-01 1.882802963256835938e+00 -4.996421635150909424e-01 1.128791570663452148e+00 4.030636548995971680e-01 -6.770552992820739746e-01 2.807492017745971680e-01 -1.347665786743164062e-01
-2.752866446971893311e-01 1.006634712219238281e+00 3.814720213413238525e-01 1.878623723983764648e+00 1.029779195785522461e+00 1.331229805946350098e+00 -1.040174722671508789e+00 1.293015480041503906e-01
-1.482042372226715088e-01 -3.604516386985778809e-01 6.980335712432861328e-01 1.060646772384643555e+00 -5.442187786102294922e-01 -8.163185119628906250e-01 5.380138754844665527e-02 1.400584280490875244e-01
1.557240188121795654e-01 -1.006464481353759766e+00 -1.398261934518814087e-01 6.099423766136169434e-01 -1.814531445503234863e+00 -9.743601679801940918e-01 8.586930632591247559e-01 -1.203926086425781250e+00
7.733959704637527466e-02 -2.590907504782080650e-03 1.481598138809204102e+00 -1.072018027305603027e+00 6.163554191589355469e-01 1.403822422027587891e+00 7.237239480018615723e-01 1.080340862274169922e+00
-4.710718989372253418e-02 -1.361802935600280762e+00 1.924285888671875000e+00 -9.069179296493530273e-01 -1.507938355207443237e-01 6.451635360717773438e-01 -7.694900631904602051e-01 -1.682311892509460449e-01
-5.475194454193115234e-01 -1.844168603420257568e-01 -9.528489112854003906e-01 -1.486007690429687500e+00 4.494636654853820801e-01 -9.515336155891418457e-01 8.094614744186401367e-01 -1.195886969566345215e+00
-1.897903382778167725e-01 -6.329736709594726562e-01 4.422038495540618896e-01 -8.235376328229904175e-02 1.555927991867065430e-01 2.771919250488281250e+00 5.620396733283996582e-01 9.449793398380279541e-02
-5.559980869293212891e-01 -4.974406659603118896e-01 1.528103798627853394e-01 4.027509391307830811e-01 2.783927321434020996e-01 8.841340541839599609e-01 -2.103439718484878540e-01 2.702620029449462891e-01
-1.903069019317626953e+00 3.689020276069641113e-01 8.757520914077758789e-01 -2.167358875274658203e+00 5.598852038383483887e-01 1.053278088569641113e+00 1.392090320587158203e+00 1.462933778762817383e+00
-3.060299754142761230e-01 5.129775404930114746e-01 -1.340313315391540527e+00 -1.050387144088745117e+00 1.966456890106201172e+00 -6.851897835731506348e-01 -5.996133089065551758e-01 -8.113776445388793945e-01
-4.550604894757270813e-02 6.093760952353477478e-02 -3.487940728664398193e-01 1.343514204025268555e+00 -7.600334286689758301e-01 1.532789111137390137e+00 8.409091830253601074e-01 -3.443987369537353516e-01
-2.657957077026367188e-01 -1.093296408653259277e+00 -7.166372537612915039e-01 -8.741418123245239258e-01 1.325737982988357544e-01 -2.245224237442016602e+00 -1.428928256034851074e+00 8.684477210044860840e-01
-1.910790801048278809e+00 -5.686463117599487305e-01 1.346715390682220459e-01 1.514402985572814941e+00 -4.666367173194885254e-01 1.039437890052795410e+00 -4.489891529083251953e-01 -4.211015403270721436e-01
1.422402501106262207e+00 8.913768529891967773e-01 1.118768095970153809e+00 -1.598004102706909180e+00 -1.778046190738677979e-01 -3.712375462055206299e-01 -1.911160945892333984e-01 -1.947222352027893066e-01
-6.370562314987182617e-01 6.892518401145935059e-01 1.152070522308349609e+00 -1.617991775274276733e-01 6.753249168395996094e-01 -6.957518458366394043e-01 7.399525642395019531e-01 7.583631873130798340e-01
-1.284807801246643066e+00 9.516481161117553711e-01 -1.088048338890075684e+00 4.075161516666412354e-01 5.766792297363281250e-01 -4.612788558006286621e-01 8.550831675529479980e-01 6.274803876876831055e-01
-1.520019412040710449e+00 1.147922515869140625e+00 -1.227536678314208984e+00 -1.003957986831665039e+00 8.408543467521667480e-01 -1.435311555862426758e+00 6.754446625709533691e-01 -5.139091238379478455e-02
-2.844070792198181152e-01 -1.237377643585205078e+00 -3.253182470798492432e-01 -1.508471488952636719e+00 6.264705657958984375e-01 -6.027917265892028809e-01 4.370907321572303772e-02 -6.798865795135498047e-01
-9.309295564889907837e-02 -8.288596868515014648e-01 -1.647763699293136597e-01 -3.825435042381286621e-01 1.003371834754943848e+00 -1.768539071083068848e+00 5.615202784538269043e-01 -3.006091415882110596e-01
3.316887915134429932e-01 -3.410116136074066162e-01 -1.659515380859375000e+00 6.261489391326904297e-01 -1.848852932453155518e-01 3.093011081218719482e-01 8.862808942794799805e-01 3.580462634563446045e-01
-1.832697391510009766e+00 1.242169618606567383e+00 2.868023812770843506e-01 7.086727023124694824e-01 -1.336791813373565674e-01 -7.812940478324890137e-01 3.359572410583496094e+00 6.355347633361816406e-01
-1.192917585372924805e+00 -1.816342920064926147e-01 4.824333488941192627e-01 4.817371368408203125e-01 -2.029245138168334961e+00 -2.017590045928955078e+00 -2.438858337700366974e-02 -1.440955400466918945e+00
1.279067158699035645e+00 9.606932401657104492e-01 -9.026886224746704102e-01 6.477949619293212891e-01 1.953770816326141357e-01 -8.684329390525817871e-01 -2.140717983245849609e+00 6.757472753524780273e-01
-1.245434165000915527e+00 3.389902710914611816e-01 -3.680876016616821289e+00 1.086404323577880859e+00 2.183922052383422852e+00 -7.076172828674316406e-01 5.975407361984252930e-01 -4.379071593284606934e-01
-8.748672008514404297e-01 -3.774620592594146729e-01 8.653817772865295410e-01 2.356920540332794189e-01 -1.268782377243041992e+00 4.997366666793823242e-02 -7.209576964378356934e-01 -3.573994040489196777e-01
-1.474504947662353516e+00 -4.749267995357513428e-01 -2.276966571807861328e-01 5.259198546409606934e-01 -1.031694531440734863e+00 1.282100796699523926e+00 -1.261386513710021973e+00 -1.331094741821289062e+00
-1.113029122352600098e+00 1.914809823036193848e+00 1.108831539750099182e-01 8.150717616081237793e-01 -6.077995896339416504e-01 7.962698340415954590e-01 -1.039337158203125000e+00 4.107665121555328369e-01
-3.706851601600646973e-02 -3.015912771224975586e-01 1.930958271026611328e+00 -7.921687960624694824e-01 -9.476622343063354492e-01 -1.585031151771545410e-01 -6.777188926935195923e-02 -5.640915036201477051e-01
6.602156162261962891e-01 -3.324859142303466797e-01 -1.343004345893859863e+00 -1.544402003288269043e+00 -1.368305087089538574e+00 -1.041092038154602051e+00 9.439035058021545410e-01 -1.597024679183959961e+00
3.082364983856678009e-02 -1.115990877151489258e+00 2.325170487165451050e-01 -1.431764483451843262e+00 9.138047695159912109e-01 -1.910944879055023193e-01 -7.877280116081237793e-01 -1.491878777742385864e-01
9.320287108421325684e-01 -6.988590117543935776e-03 -5.951906442642211914e-01 2.334288597106933594e+00 -8.084193468093872070e-01 -9.862114787101745605e-01 -1.178949594497680664e+00 -2.713614702224731445e-01
-1.439220905303955078e+00 1.034432500600814819e-01 -6.085772514343261719e-01 3.720631599426269531e-01 5.832384824752807617e-01 -3.106454312801361084e-01 -1.004177451133728027e+00 -1.897832512855529785e+00
-7.486024498939514160e-01 -1.680495977401733398e+00 5.975673794746398926e-01 7.338994145393371582e-01 3.670751452445983887e-01 1.021503210067749023e+00 -1.565135955810546875e+00 -7.460207343101501465e-01
6.262193918228149414e-01 4.360305890440940857e-02 -1.129902243614196777e+00 -5.601016879081726074e-01 -1.964183807373046875e+00 1.044578790664672852e+00 1.235843226313591003e-01 9.700276702642440796e-02
-9.880245327949523926e-01 -1.474585413932800293e+00 1.275675058364868164e+00 -1.103147864341735840e+00 1.263022065162658691e+00 -1.009755253791809082e+00 -2.654013633728027344e-01 -4.993753135204315186e-01
-3.540136516094207764e-01 5.919510722160339355e-01 -7.110043764114379883e-01 -8.097321391105651855e-01 -2.953166067600250244e-01 5.553698539733886719e-01 4.838243126869201660e-01 -2.899852953851222992e-02
4.987529218196868896e-01 4.349051117897033691e-01 4.995377659797668457e-01 5.233651027083396912e-03 9.957837462425231934e-01 1.467349380254745483e-01 -2.186589241027832031e+00 -1.586378067731857300e-01
5.763695016503334045e-02 2.538006007671356201e-01 6.310868263244628906e-01 1.296778082847595215e+00 -4.470062553882598877e-01 -1.906233787536621094e+00 -2.826388180255889893e-02 -2.937748469412326813e-02
5.189346075057983398e-01 3.244814276695251465e-01 2.387942790985107422e+00 -1.024323105812072754e+00 8.030217289924621582e-01 -1.337030172348022461e+00 1.716241836547851562e-01 -1.469158828258514404e-01
-2.341846942901611328e+00 2.965269684791564941e-01 -1.491116166114807129e+00 -1.832013726234436035e-01 -1.741660475730895996e+00 -9.019455909729003906e-01 -6.348158121109008789e-01 5.990266203880310059e-01
-1.452696919441223145e+00 -1.305415749549865723e+00 8.319740295410156250e-01 1.103700026869773865e-01 2.015379905700683594e+00 1.269749104976654053e-01 -3.974153995513916016e-01 1.550306826829910278e-01
1.084843516349792480e+00 -1.448996514081954956e-01 -1.623719334602355957e+00 -5.029332041740417480e-01 2.453254938125610352e+00 -6.399688124656677246e-01 7.205193638801574707e-01 -1.013482809066772461e+00
4.076942801475524902e-01 -1.339880943298339844e+00 5.288424715399742126e-02 -1.424795150756835938e+00 -2.709867656230926514e-01 -5.266082882881164551e-01 5.154848694801330566e-01 1.984707832336425781e+00
1.664217114448547363e-01 7.860878109931945801e-01 3.173722624778747559e-01 -2.492777585983276367e+00 -6.744524240493774414e-01 -5.805287361145019531e-01 -2.826274037361145020e-01 1.890725642442703247e-01
-2.730716764926910400e-01 5.248698592185974121e-01 -1.407473444938659668e+00 -1.169163081794977188e-02 -7.814387679100036621e-01 3.004610538482666016e-01 -4.918434917926788330e-01 -2.766217470169067383e+00
-6.148700118064880371e-01 9.704247713088989258e-01 9.943198561668395996e-01 -2.132105827331542969e-01 1.112922906875610352e+00 -6.940583586692810059e-01 -7.714812755584716797e-01 8.517106771469116211e-01
-1.305026531219482422e+00 -1.911925911903381348e+00 7.568736076354980469e-01 -9.456256628036499023e-01 -2.011010050773620605e-01 -5.933127999305725098e-01 -1.367739915847778320e+00 4.072038829326629639e-01
3.315499424934387207e-01 -3.007492795586585999e-02 -5.951479077339172363e-01 -4.624709784984588623e-01 7.494919896125793457e-01 -4.267253577709197998e-01 -2.197873592376708984e+00 1.142913818359375000e+00
3.873896598815917969e-01 1.017467021942138672e+00 1.559147715568542480e+00 -8.233225345611572266e-01 1.473072528839111328e+00 -9.098446369171142578e-01 -1.863484263420104980e+00 -1.473322272300720215e+00
-1.743726730346679688e-01 9.714334011077880859e-01 3.661700524389743805e-03 2.286244779825210571e-01 -1.121016860008239746e+00 8.293512463569641113e-01 8.016000986099243164e-01 -4.715941250324249268e-01
5.030823349952697754e-01 -1.730580687522888184e+00 1.407983750104904175e-01 8.980891704559326172e-01 -6.094520688056945801e-01 7.269139587879180908e-02 1.295398116111755371e+00 -4.573775529861450195e-01
-1.027462720870971680e+00 1.909894496202468872e-01 4.474275708198547363e-01 -2.200888842344284058e-01 1.581228375434875488e-01 8.748953938484191895e-01 -5.774651169776916504e-01 1.524441242218017578e+00
6.831616163253784180e-01 -6.813393235206604004e-01 -1.480097472667694092e-01 8.966283798217773438e-01 -1.892073005437850952e-01 1.119769573211669922e+00 -1.227934718132019043e+00 -1.645863056182861328e-01
-1.741697669029235840e+00 1.442175030708312988e+00 5.199677944183349609e-01 9.817884564399719238e-01 -6.030164361000061035e-01 -2.488221406936645508e+00 -1.445703864097595215e+00 1.923397183418273926e+00
-8.125509023666381836e-01 2.977079451084136963e-01 -1.137529835104942322e-01 -2.333708524703979492e+00 8.929594755172729492e-01 2.798925161361694336e+00 -2.016152888536453247e-01 5.219327211380004883e-01
1.966903090476989746e+00 -8.196923881769180298e-02 -4.250803291797637939e-01 8.851893544197082520e-01 -7.988494634628295898e-02 3.109725415706634521e-01 -9.107145071029663086e-01 1.841967225074768066e+00
-2.058122307062149048e-01 -8.492756485939025879e-01 4.005751311779022217e-01 -1.142353653907775879e+00 -4.617250859737396240e-01 3.339488506317138672e-01 5.035830140113830566e-01 -2.569731697440147400e-02
8.342702388763427734e-01 -8.333879113197326660e-01 1.150489687919616699e+00 -2.360015392303466797e+00 -2.768777310848236084e-01 1.389023065567016602e+00 -6.022064089775085449e-01 -3.061558902263641357e-01
-1.459590792655944824e+00 3.972155451774597168e-01 7.346521615982055664e-01 -2.379389047622680664e+00 5.740444660186767578e-01 5.399362370371818542e-02 3.728168308734893799e-01 6.844239830970764160e-01
-9.380163550376892090e-01 -1.122502923011779785e+00 8.241807818412780762e-01 2.319652080535888672e+00 6.887467503547668457e-01 4.758791625499725342e-01 -8.622505664825439453e-01 -4.677105545997619629e-01
-1.439298093318939209e-01 5.408588051795959473e-01 -2.113073587417602539e+00 7.830205559730529785e-01 -1.314696550369262695e+00 1.006850004196166992e+00 -1.424011945724487305e+00 1.228693604469299316e+00
1.454962253570556641e+00 6.815758943557739258e-01 -1.140151739120483398e+00 -1.118619590997695923e-01 1.554541587829589844e-01 7.022403478622436523e-01 -1.364629745483398438e+00 1.032876372337341309e+00
-1.298042654991149902e+00 -5.973603129386901855e-01 5.321159958839416504e-01 -9.737399816513061523e-01 -1.995466947555541992e+00 1.431372165679931641e+00 4.779593646526336670e-01 6.245450377464294434e-01
1.261866927146911621e+00 3.282912969589233398e-01 -1.807665973901748657e-01 2.012464031577110291e-02 -1.548379302024841309e+00 1.429775953292846680e+00 -2.439344823360443115e-01 5.537406802177429199e-01
-9.130144119262695312e-01 -3.887059092521667480e-01 1.998401165008544922e+00 -1.049025297164916992e+00 1.004978299140930176e+00 -1.389706015586853027e+00 -2.238849997520446777e-01 1.584836393594741821e-01
-4.391434788703918457e-01 -1.690122365951538086e+00 -4.438459873199462891e-01 6.103905439376831055e-01 4.722984731197357178e-01 -2.719695866107940674e-01 -1.761591732501983643e-01 -2.717098295688629150e-01
1.381947040557861328e+00 3.096236288547515869e-01 -1.427347660064697266e+00 -6.819558739662170410e-01 -8.236423730850219727e-01 -3.891905546188354492e-01 9.119015932083129883e-02 1.621168702840805054e-01
2.591344118118286133e-01 8.604315519332885742e-01 -9.492341876029968262e-01 1.940644085407257080e-01 -5.071796774864196777e-01 -4.344411790370941162e-01 3.520107269287109375e-01 1.649189114570617676e+00
-8.188661932945251465e-01 -6.631392240524291992e-01 -6.849495768547058105e-01 8.184564709663391113e-01 -2.145394980907440186e-01 3.961513563990592957e-02 -2.615838646888732910e-01 4.223815202713012695e-01
1.651809811592102051e+00 1.268887400627136230e+00 3.407729864120483398e-01 6.248610019683837891e-01 9.150380492210388184e-01 1.875807940959930420e-01 -9.720243811607360840e-01 -5.027588009834289551e-01
-1.171466708183288574e+00 2.152901411056518555e+00 5.175704509019851685e-02 -7.118464261293411255e-02 -1.329557061195373535e+00 -5.962844491004943848e-01 -3.433365225791931152e-01 -3.554745018482208252e-02
-1.436221718788146973e+00 -1.387715339660644531e+00 1.498810201883316040e-02 1.374381422996520996e+00 7.968612015247344971e-02 -1.264390349388122559e+00 1.779570221900939941e+00 -1.394315242767333984e+00
1.092350840568542480e+00 -3.343630731105804443e-01 -5.356337428092956543e-01 -3.282774006947875023e-03 -2.910093367099761963e-01 7.959372550249099731e-02 8.219621777534484863e-01 -1.077053308486938477e+00
7.820779681205749512e-01 2.091443300247192383e+00 7.509925365447998047e-01 1.463748216629028320e+00 7.200070023536682129e-01 -7.874859124422073364e-02 1.023318529129028320e+00 2.539180219173431396e-01
-5.146430134773254395e-01 7.466065287590026855e-01 1.484197735786437988e+00 7.257847785949707031e-01 -1.150134205818176270e-01 -5.535986423492431641e-01 1.466735601425170898e+00 -2.256363481283187866e-01
-4.558043181896209717e-01 -1.661355942487716675e-01 1.551527231931686401e-01 6.240815520286560059e-01 -7.347435355186462402e-01 7.062322497367858887e-01 1.202328324317932129e+00 6.590099632740020752e-02
7.705478072166442871e-01 -1.435526371002197266e+00 1.669347047805786133e+00 4.434645771980285645e-01 9.474160671234130859e-01 -1.708976328372955322e-01 7.061358094215393066e-01 -8.503215312957763672e-01
1.016193866729736328e+00 -6.287068128585815430e-01 -1.696767210960388184e+00 -7.433236837387084961e-01 -6.240195035934448242e-01 -3.324399515986442566e-02 4.266368448734283447e-01 -1.943077087402343750e+00
6.315129399299621582e-01 1.089832782745361328e-01 -8.142616152763366699e-01 1.372482419013977051e+00 1.548035860061645508e+00 1.240672469139099121e+00 -3.682767450809478760e-01 1.669609308242797852e+00
-9.609361290931701660e-01 -7.766618132591247559e-01 -3.794192373752593994e-01 7.894170284271240234e-01 1.593427538871765137e+00 -1.088165044784545898e+00 -1.266455650329589844e+00 -3.286618888378143311e-01
2.338069118559360504e-02 -2.884604692459106445e+00 -5.049159526824951172e-01 -1.405683904886245728e-01 8.642062544822692871e-01 8.145029097795486450e-02 1.872414827346801758e+00 -1.970416903495788574e+00
1.855942487716674805e+00 1.305166244506835938e+00 -2.164601832628250122e-01 1.597010254859924316e+00 1.184959053993225098e+00 1.185766458511352539e+00 -2.208764314651489258e+00 -7.572773844003677368e-02
-4.062715470790863037e-01 2.743453383445739746e-01 3.604653775691986084e-01 -2.205877065658569336e+00 -1.695663571357727051e+00 5.947988629341125488e-01 -3.434682190418243408e-01 5.864398479461669922e-01
2.746145427227020264e-01 -4.423770904541015625e-01 5.315600633621215820e-01 1.111720055341720581e-01 -3.846928179264068604e-01 2.294680118560791016e+00 -1.320745199918746948e-01 1.764085412025451660e+00
-1.084401249885559082e+00 2.222468852996826172e+00 1.419012784957885742e+00 -7.453846335411071777e-01 -2.918694496154785156e+00 7.476084828376770020e-01 6.684295833110809326e-02 -7.260624766349792480e-01
9.320607408881187439e-03 -2.785974502563476562e+00 3.619571402668952942e-02 1.411528468132019043e+00 1.031167268753051758e+00 -1.534896254539489746e+00 4.921715855598449707e-01 1.358302384614944458e-01
-1.864018678665161133e+00 -6.051262617111206055e-01 -2.310519069433212280e-01 -7.430223822593688965e-01 6.314136385917663574e-01 6.980135440826416016e-01 1.311033606529235840e+00 8.774303793907165527e-01
-9.075022339820861816e-01 -8.140372633934020996e-01 8.484970331192016602e-01 -1.187546849250793457e-01 1.024699568748474121e+00 9.048302471637725830e-02 -4.962879419326782227e-01 2.259796380996704102e+00
-3.352566063404083252e-01 1.193546414375305176e+00 -4.501344263553619385e-01 -1.075797080993652344e+00 1.930821686983108521e-01 -4.922333061695098877e-01 -1.047596096992492676e+00 6.580578684806823730e-01
8.487237095832824707e-01 1.398338317871093750e+00 5.655191093683242798e-02 1.719472050666809082e+00 4.218649268150329590e-01 2.383695729076862335e-02 -5.384834855794906616e-02 7.167761921882629395e-01
-1.298511862754821777e+00 8.862458914518356323e-02 1.088938593864440918e+00 -1.320474743843078613e+00 2.382324486970901489e-01 -4.607584178447723389e-01 -2.065536499023437500e+00 1.292378306388854980e-01
-1.156131029129028320e-01 5.608927607536315918e-01 6.416308283805847168e-01 -6.156041026115417480e-01 2.114291667938232422e+00 3.334688395261764526e-02 9.323083162307739258e-01 2.739668488502502441e-01
5.450304746627807617e-01 6.222581267356872559e-01 -1.246590018272399902e+00 2.062128782272338867e+00 -1.029437303543090820e+00 -1.121994972229003906e+00 2.905316054821014404e-01 -5.821478366851806641e-01
-1.438651561737060547e+00 9.580364227294921875e-01 -2.140452384948730469e+00 -1.964731812477111816e-01 3.994612023234367371e-02 -7.912011742591857910e-01 1.098211050033569336e+00 -5.035722255706787109e-01
3.860019892454147339e-02 5.317705273628234863e-01 -1.491928994655609131e-01 -2.164170742034912109e+00 1.765481829643249512e-01 8.608864545822143555e-01 2.366025298833847046e-01 3.642903566360473633e-01
6.854470819234848022e-02 8.462672233581542969e-01 1.149108052253723145e+00 -2.124879360198974609e-01 -4.233677387237548828e-01 1.150904521346092224e-01 -1.316913962364196777e-01 -1.668761014938354492e+00
-2.391760796308517456e-01 1.644136011600494385e-02 -2.230758905410766602e+00 1.885207414627075195e+00 7.152928113937377930e-01 7.468395829200744629e-01 1.752675175666809082e+00 4.033878743648529053e-01
4.155840873718261719e-01 6.848184764385223389e-02 1.362207651138305664e+00 5.552102327346801758e-01 1.205052852630615234e+00 -2.803520560264587402e-01 3.647225201129913330e-01 -3.005557954311370850e-01
-1.582666933536529541e-01 -1.733501434326171875e+00 -3.496991693973541260e-01 -2.641002535820007324e-01 1.172302842140197754e+00 1.968662738800048828e+00 3.399149775505065918e-01 -1.336174845695495605e+00
5.254976749420166016e-01 -8.915249109268188477e-01 5.648560523986816406e-01 1.563067913055419922e+00 2.010764837265014648e+00 -2.143026351928710938e+00 -1.567746251821517944e-01 7.145304977893829346e-02
1.507008194923400879e+00 1.439323663711547852e+00 4.952330589294433594e-01 1.127425879240036011e-01 3.889721035957336426e-01 -1.657042264938354492e+00 8.631181716918945312e-01 -3.976867198944091797e-01
-8.908776044845581055e-01 4.496868550777435303e-01 -1.328362345695495605e+00 -6.720122098922729492e-01 1.205955505371093750e+00 -3.655703365802764893e-02 -1.869563341140747070e+00 -9.814100712537765503e-02
1.936703205108642578e+00 -1.000924706459045410e+00 2.129890203475952148e+00 -4.618977010250091553e-01 1.108945488929748535e+00 -4.178439080715179443e-01 5.341967940330505371e-01 3.570564836263656616e-02
3.768219426274299622e-02 -6.132260710000991821e-02 1.546345301903784275e-04 1.388300895690917969e+00 3.007704019546508789e+00 -1.321743607521057129e+00 -8.114218711853027344e-01 4.435707330703735352e-01
-2.376213669776916504e-01 1.813802599906921387e+00 -3.397191166877746582e-01 6.914545297622680664e-01 -8.692551255226135254e-01 -7.829998135566711426e-01 -7.804269194602966309e-01 -5.457002520561218262e-01
9.321329593658447266e-01 -1.365203738212585449e+00 -1.013169527053833008e+00 -1.304454684257507324e+00 1.070067584514617920e-01 4.385235011577606201e-01 8.844954967498779297e-01 8.738391101360321045e-02
-9.365831315517425537e-02 1.105576753616333008e+00 1.261356949806213379e+00 1.268527269363403320e+00 1.151647686958312988e+00 -1.234023332595825195e+00 -4.122683107852935791e-01 2.300395369529724121e-01
-1.972260713577270508e+00 -1.496496319770812988e+00 5.449330210685729980e-01 2.234898805618286133e+00 -1.287316560745239258e+00 -8.711043596267700195e-01 -2.077696800231933594e+00 7.873550653457641602e-01
1.440750360488891602e-01 -2.782483100891113281e-01 -1.699628114700317383e+00 4.876927733421325684e-01 -1.621310591697692871e+00 -1.366893053054809570e+00 -3.005418181419372559e-01 -1.354621410369873047e+00
7.334927320480346680e-01 3.269286155700683594e-01 -6.484273076057434082e-01 -6.271336674690246582e-01 6.605853438377380371e-01 1.660564839839935303e-01 1.411130875349044800e-01 -1.260700225830078125e+00
2.187851071357727051e-01 -9.747148752212524414e-01 2.193768024444580078e+00 -2.163969516754150391e+00 -2.148688286542892456e-01 1.950242370367050171e-01 1.746449828147888184e+00 -1.210842013359069824e+00
2.180627286434173584e-01 6.669631004333496094e-01 1.537119030952453613e+00 1.007204771041870117e+00 -1.777904033660888672e-01 6.801910996437072754e-01 -7.637029290199279785e-01 1.740640997886657715e-01
1.089778095483779907e-01 -3.166886866092681885e-01 1.373893499374389648e+00 9.631108045578002930e-01 6.141526699066162109e-01 -5.350939631462097168e-01 7.440686821937561035e-01 -2.738317549228668213e-01
-3.334237635135650635e-01 5.288172364234924316e-01 7.376956343650817871e-01 -1.831360578536987305e+00 -6.428204774856567383e-01 8.479310274124145508e-01 5.364391207695007324e-01 -1.114314496517181396e-01
-5.706896632909774780e-02 -8.952745199203491211e-01 -4.227138459682464600e-01 5.365727543830871582e-01 8.227175474166870117e-01 -1.397893071174621582e+00 1.728888273239135742e+00 -1.505329966545104980e+00
2.519956529140472412e-01 -1.775905117392539978e-02 -4.269901216030120850e-01 3.979863226413726807e-01 1.590612769126892090e+00 1.849209547042846680e+00 -9.698621034622192383e-01 -7.986825108528137207e-01
-1.940923094749450684e+00 1.081250309944152832e+00 -2.722520828247070312e-01 1.049974918365478516e+00 -1.056168317794799805e+00 1.578026890754699707e+00 -1.605770468711853027e+00 -1.007778882980346680e+00
-3.002976477146148682e-01 -7.663120031356811523e-01 4.786886274814605713e-01 1.897148966789245605e+00 1.334449410438537598e+00 -9.094167947769165039e-01 6.458097696304321289e-01 -3.222973644733428955e-01
-2.136679291725158691e-01 -2.046070337295532227e+00 -1.174340955913066864e-03 1.722321957349777222e-01 6.938527226448059082e-01 -5.907996296882629395e-01 -4.038554430007934570e-01 -2.235264144837856293e-02
7.717059254646301270e-01 7.734109461307525635e-02 -5.447693467140197754e-01 -5.642299056053161621e-01 -3.246886730194091797e-01 -9.458120465278625488e-01 -1.609888195991516113e+00 -7.039400339126586914e-01
-6.100681424140930176e-01 4.969672858715057373e-01 5.245229005813598633e-01 2.167832851409912109e+00 -8.230615258216857910e-01 1.027060270309448242e+00 6.829838752746582031e-01 1.665322065353393555e+00
-1.297188401222229004e+00 1.990295290946960449e+00 3.228142261505126953e-01 -5.845733284950256348e-01 -4.871976003050804138e-02 7.425327301025390625e-01 -2.560699880123138428e-01 -1.288574934005737305e-01
3.980912566184997559e-01 -8.418469876050949097e-02 6.333409547805786133e-01 4.589064419269561768e-01 2.415159642696380615e-01 3.103962540626525879e-01 1.638877153396606445e+00 -5.342286229133605957e-01
7.723767161369323730e-01 -1.054206252098083496e+00 1.745647072792053223e+00 -6.201357841491699219e-01 -1.028855443000793457e+00 -1.195855498313903809e+00 -3.412757813930511475e-01 4.107002615928649902e-01
1.739298254251480103e-01 -1.483537256717681885e-01 1.652387857437133789e+00 2.593119442462921143e-01 3.002925813198089600e-01 -6.003916859626770020e-01 -3.543838560581207275e-01 8.610719442367553711e-01
1.017383217811584473e+00 -6.735723018646240234e-01 2.543271780014038086e-01 1.467643529176712036e-01 1.458735108375549316e+00 1.139593005180358887e+00 -1.387707591056823730e+00 1.030451059341430664e+00
3.807287812232971191e-01 1.176424026489257812e+00 -5.688830614089965820e-01 1.384547948837280273e+00 -1.040014863014221191e+00 3.406163770705461502e-03 -1.404343724250793457e+00 -1.466836690902709961e+00
8.095835149288177490e-02 -6.701772809028625488e-01 -6.688894629478454590e-01 -9.878425598144531250e-01 -1.799509048461914062e+00 7.123906165361404419e-02 -6.341860890388488770e-01 -9.677980542182922363e-01
-5.537289977073669434e-01 7.605920433998107910e-01 -4.436139464378356934e-01 -1.287349820137023926e+00 -9.271329045295715332e-01 -2.018852472305297852e+00 1.277558207511901855e+00 -1.456242948770523071e-01
-3.283616602420806885e-01 6.646354496479034424e-02 -1.368804425001144409e-01 -9.439219832420349121e-01 3.759289383888244629e-01 -4.068680703639984131e-01 2.183760166168212891e+00 -6.645603477954864502e-02
9.270359873771667480e-01 3.443095088005065918e-01 1.145803093910217285e+00 8.562421202659606934e-01 2.046441584825515747e-01 2.311876267194747925e-01 3.874219357967376709e-01 -3.962866365909576416e-01
-2.282208502292633057e-01 9.797331094741821289e-01 -9.457070827484130859e-01 -2.113255500793457031e+00 -4.339193999767303467e-01 -1.018657684326171875e+00 7.525150775909423828e-01 2.636413872241973877e-01
-3.031236529350280762e-01 4.260099679231643677e-02 1.043951051542535424e-04 -1.796971797943115234e+00 -2.947968542575836182e-01 -1.314370483160018921e-01 -7.560052871704101562e-01 -6.201101541519165039e-01
-6.064040660858154297e-01 1.461891055107116699e+00 1.973586678504943848e-01 -1.623307704925537109e+00 -1.689865440130233765e-01 3.645656406879425049e-01 2.999280691146850586e-01 1.531363129615783691e+00
4.079525470733642578e-01 2.406019568443298340e-01 1.324665904045104980e+00 7.495896816253662109e-01 -1.733497619628906250e+00 8.182491660118103027e-01 -7.229119539260864258e-01 -7.291158288717269897e-02
6.105463504791259766e-01 1.998072385787963867e+00 -1.950442194938659668e-01 1.781640052795410156e+00 1.553154349327087402e+00 -9.314849227666854858e-02 1.927736282348632812e+00 4.374735355377197266e-01
-5.040527507662773132e-02 -1.947643458843231201e-01 2.976268231868743896e-01 1.587039232254028320e-01 5.719614028930664062e-01 2.416082382202148438e+00 4.386385679244995117e-01 1.128280311822891235e-01
2.935543656349182129e-02 -1.128403246402740479e-01 2.896547615528106689e-01 -1.664124131202697754e+00 -5.428987145423889160e-01 -5.849657654762268066e-01 -3.277994692325592041e-01 -4.122302234172821045e-01
-9.182962030172348022e-02 -1.851013779640197754e+00 7.183695435523986816e-01 -1.001726746559143066e+00 -1.310491919517517090e+00 -4.234787821769714355e-01 7.921939492225646973e-01 9.611383080482482910e-01
1.324243545532226562e+00 -1.154557466506958008e+00 -3.749390542507171631e-01 4.053137004375457764e-01 -1.358094811439514160e-01 2.785180211067199707e-01 3.355880677700042725e-01 1.179148554801940918e+00
4.928250610828399658e-01 -2.925011396408081055e+00 2.009097576141357422e+00 -2.644274532794952393e-01 -1.827050596475601196e-01 -1.334441900253295898e+00 -3.752450346946716309e-01 -3.811796903610229492e-01
-8.978591561317443848e-01 -1.351578354835510254e+00 -1.416336059570312500e+00 -6.094858646392822266e-01 8.994916677474975586e-01 1.618887662887573242e+00 7.581220865249633789e-01 1.805291920900344849e-01
4.721384495496749878e-02 7.201734930276870728e-02 -1.715707302093505859e+00 2.239051163196563721e-01 6.751636266708374023e-01 -1.534200310707092285e+00 1.135860085487365723e+00 -4.317302703857421875e-01
-5.804041028022766113e-01 -6.093553900718688965e-01 -1.593193054199218750e+00 -2.495727837085723877e-01 3.737553954124450684e-01 1.678250312805175781e+00 9.105925559997558594e-01 1.084138751029968262e+00
1.100405678153038025e-02 1.789350271224975586e+00 -4.595254063606262207e-01 3.106210947036743164e+00 -1.171645522117614746e+00 1.524432539939880371e+00 -1.311723113059997559e+00 1.884447783231735229e-01
1.218761086463928223e+00 -3.006581664085388184e-01 4.188874363899230957e-01 -7.511737942695617676e-01 -3.779066801071166992e-01 -1.941166996955871582e+00 4.815032482147216797e-01 -9.589513540267944336e-01
-5.331589579582214355e-01 -1.036381497979164124e-01 1.258381843566894531e+00 6.307480335235595703e-01 2.348762303590774536e-01 -1.102998614311218262e+00 9.970884919166564941e-01 3.941174745559692383e-01
-5.780875682830810547e-01 1.049507617950439453e+00 2.522155940532684326e-01 -1.749553561210632324e+00 9.627478718757629395e-01 6.871073693037033081e-02 -1.793116480112075806e-01 1.893562793731689453e+00
8.816342800855636597e-02 9.588799476623535156e-01 2.822592258453369141e-01 -7.014361023902893066e-01 1.293150484561920166e-01 1.140814423561096191e+00 8.138744831085205078e-01 -5.907295942306518555e-01
6.264613270759582520e-01 -1.113598868250846863e-01 4.665884375572204590e-01 4.462101459503173828e-01 1.218064427375793457e+00 1.203244447708129883e+00 -1.133873686194419861e-01 1.720167100429534912e-01
-1.442743301391601562e+00 1.437343508005142212e-01 1.952541112899780273e+00 1.055045008659362793e+00 1.792204752564430237e-02 -7.667520642280578613e-01 1.888910382986068726e-01 7.045615911483764648e-01
-1.833135128021240234e+00 -2.755939960479736328e-01 -1.135300174355506897e-01 -1.247841566801071167e-01 5.606750845909118652e-01 1.558996587991714478e-01 -1.278080791234970093e-01 8.989192247390747070e-01
1.113680839538574219e+00 1.130998373031616211e+00 -1.149641051888465881e-01 1.574809402227401733e-01 -7.837919592857360840e-01 1.068973422050476074e+00 -6.897131800651550293e-01 -5.883102416992187500e-01
-6.648448109626770020e-01 -2.218567371368408203e+00 5.448090434074401855e-01 -3.395151495933532715e-01 -7.906189560890197754e-01 1.034020408987998962e-01 6.496258974075317383e-01 -4.381694495677947998e-01
4.808540921658277512e-03 -2.217716164886951447e-02 -8.470595479011535645e-01 -7.534777522087097168e-01 -6.804619431495666504e-01 1.069005608558654785e+00 -1.383181333541870117e+00 1.510894894599914551e+00
-4.358696937561035156e-01 9.811233282089233398e-01 3.108170628547668457e-01 -8.279147744178771973e-01 -7.557694315910339355e-01 6.494560241699218750e-01 8.045502305030822754e-01 5.819846391677856445e-01
-1.490682005882263184e+00 -6.881218403577804565e-02 -6.764680147171020508e-01 2.197737693786621094e-01 2.776383757591247559e-01 3.432678580284118652e-01 -2.602387189865112305e+00 -5.058808922767639160e-01
1.000031948089599609e+00 8.052701130509376526e-03 2.097808122634887695e+00 1.215366832911968231e-02 -1.173473238945007324e+00 -9.831022471189498901e-02 4.928790032863616943e-01 -1.562583088874816895e+00
1.676985859870910645e+00 2.387030273675918579e-01 -4.775708913803100586e-01 -7.857213728129863739e-03 -7.120541483163833618e-02 5.501233935356140137e-01 1.367931216955184937e-01 3.612770140171051025e-01
-3.060934245586395264e-01 -7.840006947517395020e-01 6.970286369323730469e-01 5.118632912635803223e-01 8.233875632286071777e-01 -1.496492505073547363e+00 1.021710276603698730e+00 -6.285797953605651855e-01
2.565660476684570312e-01 8.328378796577453613e-01 -1.014790415763854980e+00 6.485807299613952637e-01 -3.655978739261627197e-01 7.017861604690551758e-01 -7.460156679153442383e-01 -1.281787991523742676e+00
-3.542956709861755371e-01 -4.054533839225769043e-01 -7.580357789993286133e-01 -1.387208700180053711e-01 7.243602275848388672e-01 -1.252232789993286133e+00 -9.920452721416950226e-03 -1.306298851966857910e+00
-5.354412198066711426e-01 -8.730108141899108887e-01 -1.488265037536621094e+00 1.816726446151733398e+00 -1.227768898010253906e+00 5.209052562713623047e-01 1.151520013809204102e+00 1.568708419799804688e+00
-1.504712343215942383e+00 -1.315399408340454102e+00 2.650757431983947754e-01 1.482330858707427979e-01 1.434874534606933594e+00 3.841826319694519043e-01 -1.244521856307983398e+00 4.509171545505523682e-01
-9.017047882080078125e-01 -4.990994930267333984e-01 -5.085415244102478027e-01 -1.307099580764770508e+00 8.436248898506164551e-01 9.164907336235046387e-01 -1.672253757715225220e-01 -6.649498343467712402e-01
3.113184869289398193e-01 -1.226921439170837402e+00 1.712755560874938965e-01 -2.248087167739868164e+00 -6.745268702507019043e-01 1.126062154769897461e+00 8.964313566684722900e-02 -8.828293681144714355e-01
-2.008500248193740845e-01 -1.124706864356994629e+00 1.013248935341835022e-01 -5.551947951316833496e-01 1.039352416992187500e+00 -7.658942937850952148e-01 3.616610467433929443e-01 -6.466034650802612305e-01
5.978880524635314941e-01 1.103555783629417419e-01 -3.728370666503906250e-01 6.891024112701416016e-01 -4.129723310470581055e-01 -4.042320251464843750e-01 -2.709524154663085938e+00 4.921852946281433105e-01
-7.288174629211425781e-01 -7.192550897598266602e-01 1.386108279228210449e+00 6.203622817993164062e-01 -3.522154176607728004e-03 -4.268327355384826660e-02 1.417636871337890625e+00 -9.291551113128662109e-01
-5.414548516273498535e-01 -1.262323558330535889e-01 -3.033412992954254150e-01 1.691488772630691528e-01 2.603148221969604492e-01 7.373473048210144043e-01 -7.582191228866577148e-01 5.226152539253234863e-01
1.457036018371582031e+00 8.152274787425994873e-02 -1.367628931999206543e+00 -1.147260665893554688e+00 -1.059182509779930115e-01 -5.520642399787902832e-01 -1.842080205678939819e-01 -6.338003277778625488e-01
7.097392529249191284e-02 8.386727571487426758e-01 6.728813648223876953e-01 1.612443625926971436e-01 2.405276745557785034e-01 -1.333478569984436035e+00 9.373448491096496582e-01 1.408884882926940918e+00
3.666502535343170166e-01 2.713567316532135010e-01 -5.976663231849670410e-01 2.396853268146514893e-01 -3.459464609622955322e-01 -3.988763391971588135e-01 1.270489335060119629e+00 -7.466195225715637207e-01
-1.439721941947937012e+00 1.608349978923797607e-01 -4.507584869861602783e-01 -4.069656729698181152e-01 -4.129866659641265869e-01 1.863288044929504395e+00 2.920304238796234131e-01 -2.796280980110168457e-01
1.656534075736999512e-01 -3.022002577781677246e-01 2.863228321075439453e-01 5.742011070251464844e-01 2.265332937240600586e-01 -1.363197922706604004e+00 -1.239140152931213379e+00 -6.594023108482360840e-01
-4.430324435234069824e-01 -1.141203999519348145e+00 -2.798066139221191406e-01 -7.957685589790344238e-01 -1.244370341300964355e+00 9.811580181121826172e-01 -3.267232477664947510e-01 -2.068452984094619751e-01
-1.026078224182128906e+00 1.942127943038940430e-01 -1.341054081916809082e+00 -9.161679148674011230e-01 -2.085926055908203125e+00 5.201964825391769409e-02 -2.431308746337890625e+00 -8.238068222999572754e-01
2.040592193603515625e+00 -3.739055991172790527e-01 -3.870990276336669922e-01 -7.015942931175231934e-01 4.182182550430297852e-01 -8.556652665138244629e-01 -1.717050969600677490e-01 7.835115790367126465e-01
4.209783375263214111e-01 -1.323208332061767578e+00 1.012066006660461426e+00 3.974391520023345947e-01 1.961978793144226074e+00 4.668254554271697998e-01 -5.062069892883300781e-01 2.646457850933074951e-01
1.076375126838684082e+00 -1.269099235534667969e+00 5.005058646202087402e-01 -2.860392630100250244e-01 4.844683706760406494e-01 -2.134299129247665405e-01 8.969303369522094727e-01 2.250281333923339844e+00
3.157116770744323730e-01 5.194291472434997559e-01 -2.111038923263549805e+00 5.249716043472290039e-01 -6.607260555028915405e-02 3.040175326168537140e-02 1.068158149719238281e+00 -2.978183925151824951e-01
4.611945152282714844e-01 -4.359666705131530762e-01 9.254663586616516113e-01 1.376057386398315430e+00 -2.182755947113037109e+00 1.015610218048095703e+00 -3.635474145412445068e-01 -7.582339048385620117e-01
-4.439095854759216309e-01 -6.014144420623779297e-01 -7.340147346258163452e-02 -8.998491168022155762e-01 5.737163424491882324e-01 9.560015797615051270e-01 3.903515040874481201e-01 2.333917140960693359e+00
-3.224290907382965088e-01 -1.836225032806396484e+00 -1.539363265037536621e+00 -1.293461441993713379e+00 -5.270897746086120605e-01 1.235270127654075623e-01 -1.365410447120666504e+00 -4.312632679939270020e-01
5.249364972114562988e-01 -6.178221106529235840e-01 -7.970877923071384430e-03 6.927695274353027344e-01 -1.453521013259887695e+00 -2.709362506866455078e-01 1.719411969184875488e+00 1.215253546833992004e-01
-3.187066912651062012e-01 2.271040976047515869e-01 -4.777368009090423584e-01 -6.930846571922302246e-01 -2.045894712209701538e-01 1.805670738220214844e+00 -5.568090677261352539e-01 -3.913573920726776123e-01
5.519379973411560059e-01 1.336764812469482422e+00 5.098019838333129883e-01 -1.503072500228881836e+00 -3.926840126514434814e-01 -4.723439216613769531e-01 -4.890576004981994629e-01 -9.462219476699829102e-01
5.694667622447013855e-02 -7.135062217712402344e-01 8.179605007171630859e-01 -2.331627309322357178e-01 1.450885057449340820e+00 5.121105909347534180e-01 1.062607243657112122e-01 -2.804090976715087891e-01
-2.258180141448974609e+00 3.154587745666503906e-01 3.234437480568885803e-02 -1.667278818786144257e-02 -1.536804437637329102e-01 3.006076216697692871e-01 9.645400047302246094e-01 1.501258373260498047e+00
1.107829332351684570e+00 -7.952781319618225098e-01 -2.578535974025726318e-01 -1.013849258422851562e+00 8.809301257133483887e-02 -7.631293535232543945e-01 -8.814664930105209351e-02 1.458748430013656616e-01
1.894878745079040527e-01 3.406071662902832031e-02 1.128107190132141113e+00 1.565787434577941895e+00 1.293698787689208984e+00 -1.127648472785949707e+00 1.843259930610656738e+00 -2.832054495811462402e-01
-5.131866931915283203e-01 -9.958430528640747070e-01 1.798918724060058594e+00 -2.691790580749511719e+00 9.617083668708801270e-01 -1.082954525947570801e+00 3.731766939163208008e-01 -1.064464636147022247e-02
-7.342078089714050293e-01 -1.157964706420898438e+00 -1.734705716371536255e-01 -2.006528615951538086e+00 8.337809443473815918e-01 -8.615641593933105469e-01 -1.024955987930297852e+00 -3.690989613533020020e-01
2.117398738861083984e+00 1.416227579116821289e+00 3.354401513934135437e-02 5.520324409008026123e-02 -9.104685187339782715e-01 6.169467791914939880e-02 -5.723181962966918945e-01 7.223221659660339355e-01
1.047226265072822571e-01 -1.686454415321350098e+00 -1.463717699050903320e+00 3.739769011735916138e-02 2.045560330152511597e-01 -3.259821534156799316e-01 -5.899529457092285156e-01 -1.014982461929321289e+00
-1.523100614547729492e+00 1.792555153369903564e-01 -3.393529057502746582e-01 9.064604640007019043e-01 -1.001250147819519043e+00 -3.819170892238616943e-01 5.454579591751098633e-01 -8.083103299140930176e-01
-5.942283868789672852e-01 -2.124868519604206085e-02 1.665751814842224121e+00 -1.461021304130554199e+00 -5.960069894790649414e-01 8.333849906921386719e-01 3.837114274501800537e-01 6.682542562484741211e-01
8.565884232521057129e-01 7.327797412872314453e-01 7.166092991828918457e-01 -1.130797266960144043e+00 1.105557680130004883e+00 -1.113001585006713867e+00 4.671782553195953369e-01 4.458995163440704346e-01
7.435922622680664062e-01 -2.829640507698059082e-01 3.879716396331787109e-01 1.672980487346649170e-01 6.672241091728210449e-01 -1.560751199722290039e-01 1.309475421905517578e+00 -7.056607007980346680e-01
1.119272589683532715e+00 -9.088113307952880859e-01 -6.540297865867614746e-01 2.202675640583038330e-01 3.127799183130264282e-02 9.564340114593505859e-01 4.643069207668304443e-01 -2.210573107004165649e-01
-1.332613468170166016e+00 1.625352859497070312e+00 -1.777297139167785645e+00 -5.068724751472473145e-01 7.535947561264038086e-01 4.769822061061859131e-01 8.172963559627532959e-02 2.177729755640029907e-01
3.537109196186065674e-01 -4.557942152023315430e-01 8.572277426719665527e-01 -4.219441860914230347e-02 -1.199084639549255371e+00 -8.966694474220275879e-01 -2.667358815670013428e-01 -4.325095415115356445e-01
-6.594601869583129883e-01 -2.593946158885955811e-01 -3.872177600860595703e-01 -2.888043522834777832e-01 2.126664370298385620e-01 -1.322580099105834961e+00 1.545173287391662598e+00 -3.326033651828765869e-01
6.470642685890197754e-01 6.943227648735046387e-01 2.163715124130249023e+00 -9.109478592872619629e-01 -9.570373296737670898e-01 3.262682259082794189e-01 -1.230788946151733398e+00 -1.220135241746902466e-01
-7.888916730880737305e-01 9.968062043190002441e-01 -8.382514119148254395e-01 -9.886523336172103882e-02 -3.052601814270019531e-01 -1.544255852699279785e+00 4.323605298995971680e-01 2.232938259840011597e-01
-3.250536441802978516e+00 9.184905886650085449e-02 -1.920196861028671265e-01 -5.298412442207336426e-01 1.468635648488998413e-01 8.526830077171325684e-01 -5.898118391633033752e-02 -9.126184582710266113e-01
-3.507981896400451660e-01 1.193779230117797852e+00 -4.837587773799896240e-01 -6.831436157226562500e-01 -9.042393565177917480e-01 -1.315354183316230774e-02 3.985767066478729248e-01 6.904110312461853027e-01
1.560510516166687012e+00 2.859342396259307861e-01 8.494255542755126953e-01 8.358997106552124023e-01 1.511325687170028687e-01 6.306546926498413086e-02 -1.466039866209030151e-01 6.044799089431762695e-01
1.492004245519638062e-01 -1.821808964014053345e-01 2.907603047788143158e-02 -7.563766837120056152e-01 1.736364483833312988e+00 -2.661500275135040283e-01 -3.956635594367980957e-01 5.668439269065856934e-01
1.000542998313903809e+00 9.437038749456405640e-02 -4.851587712764739990e-01 -6.421618908643722534e-02 -3.498970568180084229e-01 1.088601946830749512e+00 6.821158528327941895e-02 -1.352653384208679199e+00
1.015511631965637207e+00 -1.787278056144714355e+00 2.555141925811767578e+00 1.360984444618225098e+00 -1.561984062194824219e+00 7.286774367094039917e-02 -3.182303309440612793e-01 -5.370556712150573730e-01
-3.818199038505554199e-01 7.136237621307373047e-01 1.175827145576477051e+00 2.151218801736831665e-01 -8.597484230995178223e-02 8.670262992382049561e-02 1.691383242607116699e+00 -2.038746595382690430e+00
7.959458231925964355e-01 1.282112717628479004e+00 5.177955031394958496e-01 -1.063645005226135254e+00 -3.482216596603393555e-02 -1.793594211339950562e-01 7.630211114883422852e-01 -3.259145021438598633e-01
3.192803561687469482e-01 -9.697671234607696533e-02 -1.927987486124038696e-01 3.016230463981628418e-01 1.205718398094177246e+00 -8.261473476886749268e-02 1.470086216926574707e+00 -1.399451255798339844e+00
1.763108491897583008e+00 1.179024815559387207e+00 5.350417923182249069e-03 -5.125822424888610840e-01 3.474806249141693115e-01 -1.140312194824218750e+00 7.208874225616455078e-01 -1.257151246070861816e+00
1.610639840364456177e-01 -6.259145736694335938e-01 3.234981000423431396e-01 -1.726143240928649902e+00 3.308521211147308350e-02 1.633314728736877441e+00 -8.279992341995239258e-01 1.118217483162879944e-01
7.707090377807617188e-01 1.173112750053405762e+00 3.406280875205993652e-01 7.539821416139602661e-02 -3.355706930160522461e-01 7.085676789283752441e-01 6.590365767478942871e-01 3.366528451442718506e-01
6.531468629837036133e-01 8.010991811752319336e-01 -8.126997202634811401e-02 -2.708784341812133789e-01 -1.662000566720962524e-01 8.415250182151794434e-01 1.754532694816589355e+00 9.517263770103454590e-01
2.273887842893600464e-01 -1.260971069335937500e+00 -2.079964876174926758e+00 6.188483238220214844e-01 5.564129352569580078e-01 4.232063889503479004e-01 -1.069629669189453125e+00 1.500603556632995605e+00
1.083744525909423828e+00 -1.976647526025772095e-01 -1.453299283981323242e+00 -6.642190814018249512e-01 6.019000336527824402e-02 1.223424196243286133e+00 1.384246051311492920e-01 8.281782865524291992e-01
-4.998036324977874756e-01 -4.796071946620941162e-01 4.753015339374542236e-01 2.899202331900596619e-02 -6.658190488815307617e-01 -6.435385942459106445e-01 5.514328479766845703e-01 -1.226571202278137207e+00
-5.259234905242919922e-01 -1.585597693920135498e-01 1.221485137939453125e+00 -1.849644184112548828e-01 4.066070914268493652e-01 -2.242965698242187500e-01 8.723340034484863281e-01 1.478357434272766113e+00
1.128933668136596680e+00 -4.265924990177154541e-01 3.113032877445220947e-01 4.667650759220123291e-01 -3.490528091788291931e-02 4.651048779487609863e-01 -3.377639949321746826e-01 8.180518150329589844e-01
3.820841610431671143e-01 -5.033205151557922363e-01 1.120060920715332031e+00 7.819222211837768555e-01 -8.101750612258911133e-01 1.638504862785339355e-01 1.495316982269287109e+00 4.123454988002777100e-01
-9.711427688598632812e-01 -8.106243610382080078e-01 -3.831071853637695312e-01 -1.951204657554626465e+00 1.530622601509094238e+00 -1.268393397331237793e+00 -8.483898043632507324e-01 3.855547308921813965e-01
-3.599828109145164490e-02 1.843036897480487823e-02 5.526416301727294922e-01 -9.914600253105163574e-01 -1.243546485900878906e+00 3.774091899394989014e-01 7.788289189338684082e-01 -6.835563778877258301e-01
6.842164397239685059e-01 2.377529293298721313e-01 2.100136131048202515e-01 2.814163453876972198e-02 5.871223211288452148e-01 -2.687909841537475586e+00 9.429480433464050293e-01 -5.272588729858398438e-01
-2.038012027740478516e+00 4.924404025077819824e-01 -3.436996042728424072e-01 5.891981124877929688e-01 -2.393185198307037354e-01 5.068574547767639160e-01 1.143171787261962891e+00 4.808887839317321777e-01
-8.211297988891601562e-01 -1.457459807395935059e+00 8.168243765830993652e-01 -1.061868309974670410e+00 -1.396427989006042480e+00 -5.479967594146728516e-01 9.490402787923812866e-02 -2.804555594921112061e-01
-2.038485050201416016e+00 1.549058556556701660e+00 -2.288420349359512329e-01 2.423080801963806152e-01 -2.099000066518783569e-01 9.906140565872192383e-01 2.091488838195800781e+00 -4.755895137786865234e-01
1.291087746620178223e+00 -2.675686597824096680e+00 1.343877553939819336e+00 1.475370049476623535e+00 1.112048625946044922e+00 -1.404715180397033691e+00 -1.614551544189453125e+00 5.083658695220947266e-01
-2.212048023939132690e-01 2.889002859592437744e-01 -1.887788921594619751e-01 1.114648580551147461e-02 1.626293182373046875e+00 2.179146558046340942e-01 2.366424053907394409e-01 7.802191972732543945e-01
2.048519372940063477e+00 -5.644637346267700195e-01 -1.225817561149597168e+00 1.605799607932567596e-02 2.879757285118103027e-01 -1.404259800910949707e+00 6.183771491050720215e-01 7.530261278152465820e-01
-7.426590323448181152e-01 3.526710569858551025e-01 1.371386945247650146e-01 1.154426574707031250e+00 5.213792920112609863e-01 4.901131987571716309e-01 1.930194534361362457e-02 -3.406296968460083008e-01
6.069834232330322266e-01 3.649164438247680664e-01 7.798780202865600586e-01 -3.088974356651306152e-01 1.088276430964469910e-01 4.025039374828338623e-01 -8.986836671829223633e-01 -1.323061943054199219e+00
1.075119376182556152e+00 5.754694342613220215e-01 -4.689264595508575439e-01 1.496299803256988525e-01 -4.324422180652618408e-01 -1.196070432662963867e+00 6.548433899879455566e-01 -4.506352841854095459e-01
-1.429706096649169922e+00 4.836735725402832031e-01 -6.895340047776699066e-03 -1.773604005575180054e-02 -1.835673689842224121e+00 3.982073664665222168e-01 -1.218836069107055664e+00 -1.173121094703674316e+00
-2.643643319606781006e-02 1.058169245719909668e+00 -6.010262370109558105e-01 -1.271639615297317505e-01 5.900149941444396973e-01 -8.064866065979003906e-01 -1.968055665493011475e-01 6.327151656150817871e-01
4.556088149547576904e-01 1.457309603691101074e+00 -1.082282304763793945e+00 -1.385409712791442871e+00 1.049917459487915039e+00 1.698515295982360840e+00 -9.867711067199707031e-01 -2.177488088607788086e+00
-1.720925450325012207e+00 -2.592300176620483398e-01 1.097112670540809631e-01 9.967378973960876465e-01 8.034707307815551758e-01 -5.316549539566040039e-01 9.847350120544433594e-01 -3.814142644405364990e-01
8.011364340782165527e-01 6.762382388114929199e-01 1.363236427307128906e+00 -2.066573053598403931e-01 1.263207554817199707e+00 2.007170438766479492e+00 -1.190286993980407715e+00 -5.025590658187866211e-01
-5.135493874549865723e-01 -1.933247566223144531e+00 -1.209355831146240234e+00 7.559058070182800293e-01 -9.915030598640441895e-01 5.918587446212768555e-01 -3.063933551311492920e-01 -5.763069391250610352e-01
-6.634954214096069336e-01 -1.168292686343193054e-01 1.510195732116699219e+00 -9.874989390373229980e-01 1.359245061874389648e+00 -5.218994021415710449e-01 1.316001862287521362e-01 1.208361864089965820e+00
3.284828960895538330e-01 7.830064296722412109e-01 -7.950562834739685059e-01 -8.578983545303344727e-01 -3.670410811901092529e-01 5.549371838569641113e-01 5.502086281776428223e-01 -6.150528043508529663e-02
-3.711928725242614746e-01 -7.814969420433044434e-01 -6.191482394933700562e-02 -6.861039251089096069e-02 5.215557813644409180e-01 3.228557854890823364e-02 -6.950948834419250488e-01 -1.505209505558013916e-01
2.315107583999633789e+00 6.115277409553527832e-01 -4.208591282367706299e-01 3.231978714466094971e-01 -1.885312080383300781e+00 -1.161233782768249512e+00 -5.113646984100341797e-01 1.033787988126277924e-02
5.061962082982063293e-02 -9.655271172523498535e-01 1.114740014076232910e+00 3.467057347297668457e-01 5.293312072753906250e-01 2.390440255403518677e-01 -9.595295786857604980e-01 -2.012537002563476562e+00
-2.038352489471435547e+00 1.075628638267517090e+00 -1.590116024017333984e-01 1.050440430641174316e+00 -5.174609422683715820e-01 4.162881374359130859e-01 -1.319561243057250977e+00 -1.629971712827682495e-01
-1.279575377702713013e-01 -1.259634733200073242e+00 8.434226512908935547e-01 -5.076230168342590332e-01 2.800374031066894531e-01 2.967552244663238525e-01 -2.577710151672363281e-01 -6.027341485023498535e-01
-4.878171980381011963e-01 1.535449743270874023e+00 1.217336297035217285e+00 -4.924312233924865723e-01 1.438235163688659668e+00 2.474313229322433472e-01 8.813254237174987793e-01 7.505625486373901367e-01
-1.557109594345092773e+00 -1.715530276298522949e+00 1.763015747070312500e+00 3.033094406127929688e-01 -4.003691375255584717e-01 1.699575334787368774e-01 -9.762576818466186523e-01 4.434052705764770508e-01
1.159263372421264648e+00 6.552178859710693359e-01 -5.732883140444755554e-02 1.992761254310607910e+00 6.133518218994140625e-01 2.087685763835906982e-01 -1.057027697563171387e+00 -9.003295898437500000e-01
8.701519109308719635e-03 1.732413291931152344e+00 8.701472878456115723e-01 6.966196298599243164e-01 -7.326372861862182617e-01 3.142914772033691406e-01 9.391955137252807617e-01 -3.092643618583679199e-01
-7.735996246337890625e-01 1.431433796882629395e+00 -1.608403921127319336e+00 -5.137867927551269531e-01 7.183644920587539673e-02 1.634079217910766602e-01 3.741118907928466797e-01 -2.576757967472076416e-01
6.072937324643135071e-02 -2.072022438049316406e+00 -8.577806502580642700e-02 8.037721514701843262e-01 -3.277276158332824707e-01 1.019619464874267578e+00 9.814845323562622070e-01 2.985151112079620361e-01
-1.030850172042846680e+00 -6.354174613952636719e-01 5.355917215347290039e-01 -1.963046342134475708e-01 -9.385690093040466309e-01 1.325398325920104980e+00 -5.396201014518737793e-01 7.001350522041320801e-01
-8.788953423500061035e-01 -5.559158921241760254e-01 -9.500091075897216797e-01 1.090652465820312500e+00 -1.680658221244812012e+00 6.732775568962097168e-01 1.386554837226867676e+00 -5.201839804649353027e-01
-7.744275927543640137e-01 -7.904598712921142578e-01 -2.349906833842396736e-03 9.365169405937194824e-01 -8.879122138023376465e-01 5.916101932525634766e-01 -5.455590486526489258e-01 -8.974851667881011963e-02
-7.479602843523025513e-02 6.950976252555847168e-01 2.123243361711502075e-01 1.064908623695373535e+00 -8.372003436088562012e-01 -2.964009642601013184e-01 -1.302721619606018066e+00 5.921573042869567871e-01
-1.381464719772338867e+00 1.107108473777770996e+00 1.788106560707092285e+00 -7.381784319877624512e-01 3.132582008838653564e-01 -1.594804286956787109e+00 2.840801477432250977e+00 5.142080187797546387e-01
-1.137835860252380371e+00 7.161730527877807617e-01 -7.873173356056213379e-01 -1.599742770195007324e-01 -8.708075284957885742e-01 9.756802767515182495e-02 1.400985598564147949e+00 -2.498446553945541382e-01
1.526282578706741333e-01 1.015431284904479980e+00 -3.990569710731506348e-02 -2.955992698669433594e+00 1.391254458576440811e-02 6.724258661270141602e-01 3.967997431755065918e-01 -2.551036179065704346e-01
-1.797629334032535553e-02 -3.053785562515258789e-01 -1.213136464357376099e-01 1.613613486289978027e+00 7.369185686111450195e-01 8.448474407196044922e-01 -1.063588380813598633e+00 -7.029594779014587402e-01
-1.372957825660705566e+00 4.892042577266693115e-01 -1.917067766189575195e+00 -5.866433978080749512e-01 4.823511540889739990e-01 1.141513586044311523e+00 1.629021614789962769e-01 1.246688127517700195e+00
5.199707746505737305e-01 -4.583066105842590332e-01 1.684420824050903320e+00 -2.145330190658569336e+00 1.838278412818908691e+00 1.760921001434326172e+00 -1.479173004627227783e-01 -1.669201254844665527e-01
-1.311174750328063965e+00 -8.940132260322570801e-01 1.171950578689575195e+00 2.565581500530242920e-01 4.788637459278106689e-01 -1.250880837440490723e+00 6.490367650985717773e-01 -2.231283038854598999e-01
-1.452037453651428223e+00 2.172265052795410156e-01 3.980860710144042969e-01 1.421330928802490234e+00 1.690279722213745117e+00 -2.702819585800170898e+00 -1.511547923088073730e+00 1.793873786926269531e+00
6.444574594497680664e-01 -4.832819998264312744e-01 6.643454432487487793e-01 1.291858553886413574e+00 1.608367323875427246e+00 -3.008794188499450684e-01 1.050836563110351562e+00 -8.029594272375106812e-02
6.011211276054382324e-01 5.995554327964782715e-01 1.025847792625427246e+00 1.020221337676048279e-01 -5.045896172523498535e-01 -1.090180635452270508e+00 -6.176688671112060547e-01 2.332585901021957397e-01
1.527595639228820801e+00 7.695472240447998047e-02 -6.569249927997589111e-02 3.435611128807067871e-01 5.988674759864807129e-01 3.633660972118377686e-01 -9.060199558734893799e-02 -6.179448366165161133e-01
1.520723104476928711e-01 -4.220398142933845520e-02 1.366564989089965820e+00 1.075954914093017578e+00 -1.665760636329650879e+00 -1.528429627418518066e+00 -1.271877437829971313e-01 -2.701034545898437500e-01
-3.260763585567474365e-01 -6.903901696205139160e-01 -4.124094247817993164e-01 -5.537204742431640625e-01 -1.201373338699340820e+00 -1.298729538917541504e+00 -3.496145009994506836e-01 -7.807260155677795410e-01
-1.143168568611145020e+00 4.690161943435668945e-01 -2.105369806289672852e+00 7.517194002866744995e-02 2.767914772033691406e+00 -1.561715245246887207e+00 5.565913915634155273e-01 1.511157989501953125e+00
7.217183709144592285e-02 6.096236705780029297e-01 -1.521772623062133789e+00 -3.443692028522491455e-01 -7.193374633789062500e-01 8.833745718002319336e-01 -9.569174647331237793e-01 6.532058119773864746e-01
1.145670890808105469e+00 1.615088433027267456e-01 2.214388549327850342e-01 -3.969528079032897949e-01 8.165271282196044922e-01 9.437794089317321777e-01 -4.067519605159759521e-01 -9.286085963249206543e-01
2.400940507650375366e-01 -1.008006215095520020e+00 -1.144796252250671387e+00 4.749928712844848633e-01 -3.475162982940673828e-01 1.272738218307495117e+00 4.565121233463287354e-01 -1.809528768062591553e-01
-6.163570284843444824e-01 5.933208465576171875e-01 -1.363267421722412109e+00 7.144343256950378418e-01 1.175904124975204468e-01 7.312968373298645020e-01 7.013951539993286133e-01 5.851865410804748535e-01
-1.058587282896041870e-01 -7.374324798583984375e-01 6.272340565919876099e-02 8.661070466041564941e-01 6.461076736450195312e-01 -1.023406267166137695e+00 4.132885634899139404e-01 -4.581402614712715149e-02
-1.086758494377136230e+00 -1.185274124145507812e+00 1.566614270210266113e+00 -1.604430079460144043e-01 -8.460307717323303223e-01 7.542963624000549316e-01 5.348423719406127930e-01 -1.004608750343322754e+00
1.234664559364318848e+00 -5.472141504287719727e-01 5.176239013671875000e-01 1.758537292480468750e+00 -2.566662788391113281e+00 1.123484492301940918e+00 1.006940379738807678e-02 1.438418865203857422e+00
6.206002831459045410e-01 1.707106828689575195e+00 1.211508035659790039e+00 -1.525254249572753906e+00 7.512527704238891602e-02 7.632847428321838379e-01 -7.729699015617370605e-01 -1.972795605659484863e+00
5.448448657989501953e-01 -5.687527060508728027e-01 -1.018190383911132812e-01 -7.893119454383850098e-01 -1.174528598785400391e+00 1.172586604952812195e-01 -5.347506403923034668e-01 1.384570479393005371e+00
-1.841722875833511353e-01 5.970776677131652832e-01 1.195690780878067017e-01 1.512670755386352539e+00 -6.439582705497741699e-01 1.877598315477371216e-01 2.921683490276336670e-01 -2.966481745243072510e-01
-9.750723242759704590e-01 2.406778633594512939e-01 8.227084279060363770e-01 -2.950158119201660156e-01 -3.871423900127410889e-01 2.167126417160034180e+00 3.918361067771911621e-01 -9.316024780273437500e-01
1.317809700965881348e+00 -2.751969337463378906e+00 -1.148706197738647461e+00 -1.994842410087585449e+00 -1.009753942489624023e+00 -1.667063117027282715e+00 -2.355478107929229736e-01 -1.229744851589202881e-01
-5.211437940597534180e-01 -7.142357230186462402e-01 1.304149270057678223e+00 -6.712282896041870117e-01 -5.793765187263488770e-01 7.463188171386718750e-01 -1.068322539329528809e+00 -5.225307345390319824e-01
-1.232151150703430176e+00 1.414700150489807129e+00 -1.427314896136522293e-02 -1.165049433708190918e+00 1.060921669006347656e+00 -2.492699027061462402e-01 -4.041997715830802917e-02 -2.962189167737960815e-02
-3.650927543640136719e-02 2.587289810180664062e+00 -5.571845173835754395e-01 -7.755703926086425781e-01 -3.125269114971160889e-01 1.275472044944763184e-01 -1.726649999618530273e+00 3.150935173034667969e-01
-1.289897799491882324e+00 -1.230323076248168945e+00 -1.151013970375061035e+00 9.242011308670043945e-01 -3.846296295523643494e-02 3.526027500629425049e-01 2.167238146066665649e-01 -9.020303487777709961e-01
-3.347034752368927002e-01 -5.488728284835815430e-01 2.022758960723876953e+00 2.384863376617431641e+00 -9.342348575592041016e-01 -1.267845481634140015e-01 -9.748261570930480957e-01 1.116072982549667358e-01
3.695494532585144043e-01 -3.409004211425781250e-01 -9.674731492996215820e-01 2.177301168441772461e+00 -1.738018393516540527e-01 -1.004276752471923828e+00 5.469571352005004883e-01 -3.360950648784637451e-01
-2.513783983886241913e-02 1.563312053680419922e+00 -5.667446255683898926e-01 -6.002837046980857849e-02 3.787810206413269043e-01 7.044133543968200684e-01 -5.373393893241882324e-01 1.734379529953002930e-01
-2.206724882125854492e+00 -1.127039670944213867e+00 1.929757446050643921e-01 -1.042775392532348633e+00 -3.746261596679687500e-01 4.180361628532409668e-01 -9.877341389656066895e-01 -1.768964529037475586e-01
-3.963726460933685303e-01 2.857472896575927734e-01 3.508795201778411865e-01 -2.101093530654907227e+00 -4.914319515228271484e-01 -7.170076370239257812e-01 1.385397464036941528e-02 4.243117868900299072e-01
-6.837757229804992676e-01 -1.325896829366683960e-01 9.093023538589477539e-01 -1.462066650390625000e+00 1.581447839736938477e+00 2.069753408432006836e+00 -4.249525070190429688e-02 -3.163494914770126343e-02
8.431661128997802734e-02 6.006914973258972168e-01 -8.119416832923889160e-01 -1.227063179016113281e+00 -4.793465733528137207e-01 6.436075568199157715e-01 1.936572194099426270e-01 9.754924178123474121e-01
-2.971769571304321289e+00 -9.293899536132812500e-01 9.324105381965637207e-01 -2.713460326194763184e-01 -6.409295648336410522e-02 2.326524555683135986e-01 -1.000306457281112671e-01 5.246667265892028809e-01
-3.299269378185272217e-01 7.825829386711120605e-01 8.625902533531188965e-01 1.806706666946411133e+00 1.373016238212585449e+00 -2.281787544488906860e-01 1.359508037567138672e+00 1.089901089668273926e+00
7.165594696998596191e-01 1.057482123374938965e+00 -2.012215375900268555e+00 -9.110448360443115234e-01 8.857987523078918457e-01 -9.730513095855712891e-01 1.986846625804901123e-01 5.927483439445495605e-01
2.865979373455047607e-01 2.412117421627044678e-01 -1.169696927070617676e+00 -4.889184832572937012e-01 -1.214592814445495605e+00 2.113758027553558350e-01 -3.800072371959686279e-01 8.908010274171829224e-02
-1.672145873308181763e-01 -7.738010883331298828e-01 -1.586959511041641235e-01 3.930715620517730713e-01 -6.848589181900024414e-01 2.024078220129013062e-01 -4.245174825191497803e-01 -4.426368176937103271e-01
-1.004050672054290771e-01 7.796289324760437012e-01 2.388586521148681641e+00 -9.869827032089233398e-01 -1.601587049663066864e-02 -1.652461528778076172e+00 2.910039722919464111e-01 -1.595425963401794434e+00
6.961398720741271973e-01 1.856763362884521484e-01 -1.437455534934997559e+00 8.021405339241027832e-01 3.528891205787658691e-01 6.111289262771606445e-01 -4.256103932857513428e-01 -5.878679752349853516e-01
8.673634380102157593e-02 8.906969428062438965e-01 5.770792961120605469e-01 -2.452457696199417114e-01 3.244934380054473877e-01 3.308542370796203613e-01 -2.282277107238769531e+00 -5.628778934478759766e-01
2.666535973548889160e-01 -1.861791372299194336e+00 -5.289683341979980469e-01 1.512291908264160156e+00 9.061455130577087402e-01 2.878737211227416992e+00 -4.859681725502014160e-01 -1.149197444319725037e-01
-4.393936395645141602e-01 -8.954305052757263184e-01 7.340166717767715454e-02 -6.807555556297302246e-01 -1.675455451011657715e+00 -1.536452472209930420e-01 -6.264600157737731934e-01 -7.384690046310424805e-01
2.706020772457122803e-01 6.813834905624389648e-01 3.431355357170104980e-01 -4.885847866535186768e-01 1.587432622909545898e-01 -5.102310180664062500e-01 1.209419488906860352e+00 1.061897277832031250e+00
1.628959327936172485e-01 -5.657421946525573730e-01 -9.761923551559448242e-01 3.431119620800018311e-01 4.194921255111694336e-01 2.705035209655761719e-01 -1.105133771896362305e+00 -5.471619218587875366e-02
-1.275060892105102539e+00 7.629446983337402344e-01 8.482691049575805664e-01 -2.332779765129089355e-01 -7.705204486846923828e-01 -3.313998281955718994e-01 2.883162498474121094e+00 -4.825529456138610840e-02
3.092376589775085449e-01 1.110860466957092285e+00 -1.574990272521972656e+00 4.410976469516754150e-01 1.103401109576225281e-01 -6.122463569045066833e-02 2.271141260862350464e-01 -3.544456362724304199e-01
1.723155856132507324e+00 -8.857316523790359497e-02 5.118224620819091797e-01 -2.432193607091903687e-01 -2.554804086685180664e-01 2.218126356601715088e-01 7.098029851913452148e-01 4.671480953693389893e-01
-1.100730895996093750e+00 -8.547607064247131348e-01 4.391116201877593994e-01 2.175278514623641968e-01 -1.604489803314208984e+00 5.141494870185852051e-01 -1.604377508163452148e+00 1.106871843338012695e+00
-1.341411828994750977e+00 -1.189944967627525330e-01 -2.435374110937118530e-01 9.805735349655151367e-01 7.945996522903442383e-01 2.758115530014038086e+00 1.078442573547363281e+00 6.923480033874511719e-01
1.843385815620422363e+00 2.739847898483276367e-01 -4.198572933673858643e-01 2.412627637386322021e-01 1.094835519790649414e+00 3.669416904449462891e-01 3.015546202659606934e-01 -4.705926775932312012e-01
6.052467823028564453e-01 1.423294305801391602e+00 -1.180861711502075195e+00 1.700274586677551270e+00 -2.915065586566925049e-01 2.754213333129882812e+00 1.222504854202270508e+00 -2.135878324508666992e+00
2.351632595062255859e+00 1.039016723632812500e+00 6.085916161537170410e-01 1.183535814285278320e+00 -1.135143876075744629e+00 -1.115250229835510254e+00 -5.297198519110679626e-02 -1.812739968299865723e-01
9.501838088035583496e-01 -1.254227638244628906e+00 -1.457995891571044922e+00 2.958660721778869629e-01 -6.399493217468261719e-01 8.360682725906372070e-01 5.925050973892211914e-01 1.256865859031677246e+00
4.342023134231567383e-01 6.886466741561889648e-01 5.227982997894287109e-01 7.749851942062377930e-01 3.787584975361824036e-02 4.996911883354187012e-01 -5.707920789718627930e-01 -1.372529506683349609e+00
2.922617197036743164e-01 -7.772132754325866699e-01 -2.795872390270233154e-01 5.011734962463378906e-01 1.015942215919494629e+00 1.982880830764770508e-01 -1.270549178123474121e+00 -4.340152442455291748e-01
