5.683513283729553223e-01 -1.554111838340759277e+00 -8.449157476425170898e-01 -1.267561316490173340e-01 7.728639841079711914e-01 9.764511585235595703e-01 -4.651347100734710693e-01 4.100112617015838623e-01 -7.449705004692077637e-01 -2.474366873502731323e-01
9.397762417793273926e-01 -2.055123090744018555e+00 3.658765554428100586e-02 2.217530250549316406e+00 1.603549599647521973e+00 8.433383107185363770e-01 1.086177945137023926e+00 6.330015659332275391e-01 -2.697339653968811035e-01 6.183411478996276855e-01
1.715570569038391113e+00 -4.978724420070648193e-01 -8.065482378005981445e-01 1.061322331428527832e+00 -4.407567679882049561e-01 1.571731418371200562e-01 -9.333010911941528320e-01 1.312204748392105103e-01 3.360362350940704346e-01 2.242801785469055176e-01
-1.975638628005981445e+00 -4.571925997734069824e-01 1.763419061899185181e-02 1.324869155883789062e+00 -5.522897243499755859e-01 7.788640260696411133e-01 1.242209672927856445e+00 3.786202669143676758e-01 -7.443528622388839722e-02 4.318753182888031006e-01
-8.200879693031311035e-01 -1.219500541687011719e+00 -1.415179818868637085e-01 7.113695740699768066e-01 -3.295993432402610779e-02 -6.378123164176940918e-01 4.823488891124725342e-01 2.083974838256835938e+00 -1.214645624160766602e+00 8.114282488822937012e-01
7.677872180938720703e-01 -9.277014732360839844e-01 1.349270701408386230e+00 9.165596961975097656e-01 -1.989436298608779907e-01 9.859025478363037109e-01 -4.882389008998870850e-01 -1.362625122070312500e+00 7.744786739349365234e-01 4.146710932254791260e-01
1.770901083946228027e-01 1.079082012176513672e+00 7.658988237380981445e-01 -3.950186073780059814e-01 -2.165809571743011475e-01 -1.499563932418823242e+00 4.987991997040808201e-04 -1.650181174278259277e+00 1.577203512191772461e+00 -4.665275812149047852e-01
1.818489283323287964e-01 -5.287114381790161133e-01 1.054682970046997070e+00 1.038417935371398926e+00 -3.556914925575256348e-01 -5.820761919021606445e-01 8.819878101348876953e-01 -2.057033538818359375e+00 4.796335399150848389e-01 8.606249094009399414e-01
-1.708166301250457764e-01 -7.356844842433929443e-02 -9.043259024620056152e-01 -1.020559430122375488e+00 -5.913165584206581116e-02 1.844010949134826660e+00 1.259636998176574707e+00 -7.597186565399169922e-01 2.524042427539825439e-01 2.293691635131835938e-01
-1.563390612602233887e+00 -2.357609033584594727e+00 -1.119235992431640625e+00 -1.493844091892242432e-01 6.680665612220764160e-01 8.536773920059204102e-01 8.163431286811828613e-02 9.842630028724670410e-01 1.008713364601135254e+00 -8.781647682189941406e-01
-1.590056180953979492e+00 -2.512866497039794922e+00 3.458389639854431152e-01 -2.561391592025756836e-01 -1.005543828010559082e+00 1.414451956748962402e+00 2.318951129913330078e+00 2.293315082788467407e-01 1.514843255281448364e-01 1.679552316665649414e+00
-6.135584786534309387e-02 -7.761442661285400391e-01 1.894908189773559570e+00 8.543756008148193359e-01 4.137699604034423828e-01 -6.459468603134155273e-01 -2.929629325866699219e+00 -4.122740924358367920e-01 4.342253208160400391e-01 -1.391901373863220215e+00
-1.997599378228187561e-03 -5.928891152143478394e-02 -3.778019189834594727e+00 2.867658436298370361e-01 -5.663568973541259766e-01 -7.057545781135559082e-01 8.425435423851013184e-01 1.465117692947387695e+00 -2.414545863866806030e-01 -1.339155197143554688e+00
-1.511919975280761719e+00 -7.936016321182250977e-01 1.479365944862365723e+00 -1.291707754135131836e-01 4.666732847690582275e-01 -2.729143500328063965e-01 -6.021029353141784668e-01 -4.836087822914123535e-01 6.428356766700744629e-01 5.742087364196777344e-01
-4.308338761329650879e-01 2.587666034698486328e+00 -2.246145486831665039e+00 -4.928707331418991089e-02 1.363819837570190430e+00 -9.128541946411132812e-01 -9.243768453598022461e-01 -2.386190891265869141e-01 2.562669515609741211e+00 2.025733292102813721e-01
6.924555897712707520e-01 -4.694206416606903076e-01 -1.727859139442443848e+00 -1.014268398284912109e+00 -1.014708518981933594e+00 -8.585328608751296997e-02 7.601348757743835449e-01 -1.845245361328125000e+00 -1.565766171552240849e-03 -8.463224172592163086e-01
9.011124372482299805e-01 2.989501655101776123e-01 -6.487097740173339844e-01 -2.813791751861572266e+00 2.273651659488677979e-01 -5.753078460693359375e-01 -3.897773027420043945e-01 -2.025315016508102417e-01 5.566349625587463379e-01 -3.872299492359161377e-01
-1.270406842231750488e+00 6.483893990516662598e-01 -9.469305165112018585e-03 2.602815032005310059e-01 -7.318507432937622070e-01 1.852946162223815918e+00 1.095607876777648926e+00 -1.732525706291198730e+00 3.446014821529388428e-01 5.828157663345336914e-01
2.587546408176422119e-01 1.677398830652236938e-01 1.707495450973510742e+00 1.475784420967102051e+00 9.408666491508483887e-01 -3.514206111431121826e-01 -1.365721106529235840e+00 -9.583156704902648926e-01 -1.488057821989059448e-01 9.703409075736999512e-01
4.727375805377960205e-01 -4.044925868511199951e-01 2.120110243558883667e-01 9.810698628425598145e-01 -1.270327448844909668e+00 4.004309475421905518e-01 2.630884945392608643e-01 7.726230025291442871e-01 2.187561690807342529e-01 -1.416910052299499512e+00
-6.529890000820159912e-02 -1.621379733085632324e+00 5.553756356239318848e-01 -3.866114318370819092e-01 -2.012812376022338867e+00 6.790945529937744141e-01 -1.105536371469497681e-01 -1.250420808792114258e+00 -6.375533342361450195e-01 -2.181650638580322266e+00
1.100203514099121094e+00 9.063969850540161133e-01 1.396004676818847656e+00 -3.078944981098175049e-01 3.218562901020050049e-01 -6.127910017967224121e-01 8.379372358322143555e-01 6.853838562965393066e-01 3.364160656929016113e-01 -6.513211727142333984e-01
-2.004277333617210388e-02 1.784140348434448242e+00 -8.414576761424541473e-03 -1.120066642761230469e+00 -6.767318248748779297e-01 -1.025202155113220215e+00 2.258220911026000977e+00 7.266737222671508789e-01 1.890649080276489258e+00 -5.558854434639215469e-03
-4.630139768123626709e-01 -2.425404340028762817e-01 -1.005268454551696777e+00 1.026193618774414062e+00 -5.439360141754150391e-01 1.229562982916831970e-01 -6.243222951889038086e-01 1.133901596069335938e+00 -7.592241168022155762e-01 -9.550280570983886719e-01
-2.873873710632324219e-01 2.390881061553955078e+00 -4.988447725772857666e-01 4.988061487674713135e-01 9.278360605239868164e-01 8.517438173294067383e-01 -3.301982879638671875e-01 -1.244530007243156433e-01 1.371169686317443848e-01 6.893290579319000244e-02
5.887728184461593628e-02 5.786086618900299072e-02 8.132489919662475586e-01 9.415113329887390137e-01 1.187082648277282715e+00 -6.516287326812744141e-01 -1.765536308288574219e+00 -9.762436747550964355e-01 1.339287161827087402e+00 -1.400338411331176758e-01
4.349333345890045166e-01 7.792629599571228027e-01 8.670879006385803223e-01 7.213313579559326172e-01 -4.333248734474182129e-02 2.415617257356643677e-01 -8.017143011093139648e-01 -2.192361354827880859e-01 3.206072747707366943e-01 -1.224867478013038635e-01
6.618967652320861816e-01 4.318704605102539062e-01 -9.449921846389770508e-01 1.415457725524902344e-01 4.877237081527709961e-01 -9.363434910774230957e-01 -1.329315304756164551e+00 -1.012840270996093750e+00 -1.086499810218811035e+00 1.468877494335174561e-01
-7.705377936363220215e-01 -9.897738099098205566e-01 -1.813919544219970703e+00 1.392921566963195801e+00 -9.151653051376342773e-01 8.777067065238952637e-01 5.371561050415039062e-01 1.349838525056838989e-01 7.326132655143737793e-01 3.778578042984008789e-01
-1.336092233657836914e+00 1.270199656486511230e+00 2.801514863967895508e-01 -8.228730559349060059e-01 7.351917624473571777e-01 -4.834082722663879395e-01 -6.594089269638061523e-01 7.034747600555419922e-01 1.571742177009582520e+00 1.611369609832763672e+00
-3.943452984094619751e-02 1.157941102981567383e+00 -1.310122609138488770e+00 -1.409204125404357910e+00 -9.200959801673889160e-01 9.945841431617736816e-01 2.284978330135345459e-01 -7.218462824821472168e-01 -6.229202747344970703e-01 3.411745727062225342e-01
2.210683822631835938e+00 2.566829025745391846e-01 -3.718714416027069092e-01 -4.548856914043426514e-01 9.341192841529846191e-01 5.002507567405700684e-01 1.987816333770751953e+00 1.220448493957519531e+00 5.027973651885986328e-01 3.068270981311798096e-01
-2.775876998901367188e+00 5.418484807014465332e-01 -6.677886843681335449e-01 -1.840964555740356445e+00 5.720100402832031250e-01 1.202563568949699402e-01 -3.100405335426330566e-01 7.128406763076782227e-01 -5.365321040153503418e-01 -2.153758108615875244e-01
4.615228176116943359e-01 -1.545945167541503906e+00 -2.868158519268035889e-01 -7.442224025726318359e-02 -2.067515850067138672e+00 3.815777003765106201e-01 1.079701900482177734e+00 -2.129879593849182129e-01 -6.338582038879394531e-01 3.151874840259552002e-01
3.749588727951049805e-01 2.147447109222412109e+00 -3.113557398319244385e-01 -7.222045212984085083e-02 -3.871284127235412598e-01 -6.043389439582824707e-01 -4.655665457248687744e-01 -6.495814770460128784e-02 2.972280383110046387e-01 1.596764475107192993e-02
9.075310826301574707e-01 -2.040132522583007812e+00 1.927522301673889160e+00 2.681660056114196777e-01 7.265769243240356445e-01 2.322193682193756104e-01 1.556515544652938843e-01 -1.171132445335388184e+00 -8.201881051063537598e-01 8.735945224761962891e-01
-7.507685422897338867e-01 1.124785169959068298e-01 -6.410118937492370605e-02 1.948942303657531738e+00 1.410929709672927856e-01 -4.684417843818664551e-01 1.697177141904830933e-01 -1.055106282234191895e+00 1.189611673355102539e+00 1.327691525220870972e-01
-1.305638670921325684e+00 6.847861409187316895e-01 -1.386702656745910645e+00 -1.531547784805297852e+00 8.976003527641296387e-01 -1.615484058856964111e-01 -1.905399933457374573e-02 -5.889688134193420410e-01 -1.320823550224304199e+00 -6.718987822532653809e-01
-1.655930042266845703e+00 3.615323305130004883e-01 -1.378697037696838379e+00 -6.953381001949310303e-02 2.287427186965942383e-01 -4.236523807048797607e-01 -2.951676547527313232e-01 -4.656826555728912354e-01 4.111157357692718506e-01 1.324300169944763184e-01
-1.918259114027023315e-01 6.701408624649047852e-01 -5.674030184745788574e-01 -1.528425812721252441e+00 5.216595530509948730e-01 4.702760875225067139e-01 -4.785995185375213623e-01 5.282139182090759277e-01 3.514070212841033936e-01 1.827440738677978516e+00
-1.578803420066833496e+00 3.356294631958007812e-01 -2.056838512420654297e+00 -1.823350310325622559e+00 -5.329059958457946777e-01 -1.908021092414855957e+00 -1.777258276939392090e+00 7.923704981803894043e-01 -5.475360751152038574e-01 2.576981306076049805e+00
-8.391178250312805176e-01 -2.567575871944427490e-01 -1.538557648658752441e+00 -3.569158492609858513e-03 8.280482292175292969e-01 1.107813835144042969e+00 1.165590643882751465e+00 1.098574921488761902e-01 -4.999993145465850830e-01 -2.427905797958374023e-01
-1.370787143707275391e+00 5.644615292549133301e-01 -7.977628111839294434e-01 9.403587579727172852e-01 -5.327886939048767090e-01 -3.716776072978973389e-01 -3.828398883342742920e-01 1.433101177215576172e+00 1.107079029083251953e+00 -5.259109139442443848e-01
-7.813806533813476562e-01 -3.813536167144775391e-01 -1.626227855682373047e+00 -2.335601858794689178e-02 6.625166535377502441e-01 -6.374899148941040039e-01 6.051958724856376648e-02 1.161113619804382324e+00 8.251044154167175293e-01 -2.906970024108886719e+00
6.485541462898254395e-01 -2.017043113708496094e+00 3.625972568988800049e-01 -4.602723121643066406e-01 -3.994831740856170654e-01 -1.946934312582015991e-01 1.309581637382507324e+00 1.216480806469917297e-01 -3.367454707622528076e-01 2.171021699905395508e-01
7.489844411611557007e-02 4.228944182395935059e-01 6.233826875686645508e-01 -2.265421003103256226e-01 9.739101678133010864e-02 1.232463002204895020e+00 -9.746655225753784180e-01 -4.415874779224395752e-01 1.431684494018554688e-01 -4.243493378162384033e-01
-7.204750776290893555e-01 -1.447643637657165527e+00 2.183316498994827271e-01 -8.999717831611633301e-01 -3.581511974334716797e-01 -4.561690147966146469e-03 -2.028093814849853516e+00 -1.682609319686889648e+00 2.868258059024810791e-01 -5.439317822456359863e-01
-1.212267160415649414e+00 1.319046877324581146e-02 -6.594381928443908691e-01 5.860275030136108398e-01 7.545418143272399902e-01 -2.406842857599258423e-01 -1.088070869445800781e+00 -1.536156296730041504e+00 -6.780017614364624023e-01 -8.148122578859329224e-02
-1.638140916824340820e+00 -1.315271258354187012e+00 1.909249305725097656e+00 -4.442382156848907471e-01 1.251235127449035645e+00 -1.872250996530056000e-02 1.043321371078491211e+00 8.546079993247985840e-01 -1.388522982597351074e-01 1.144721508026123047e+00
9.807622432708740234e-01 -8.334598541259765625e-01 -9.836626648902893066e-01 1.236853957176208496e+00 8.610218167304992676e-01 -7.241168022155761719e-01 -9.512100219726562500e-01 1.196787714958190918e+00 -2.494696527719497681e-01 9.936174154281616211e-01
-2.765455655753612518e-02 -7.272609323263168335e-02 7.801014184951782227e-01 -8.749564290046691895e-01 8.269572854042053223e-01 2.069590538740158081e-01 -1.237212419509887695e+00 8.278589248657226562e-01 -1.386624932289123535e+00 -3.380977809429168701e-01
-4.787145853042602539e-01 5.381045937538146973e-01 -6.326811909675598145e-01 1.033561944961547852e+00 6.005954146385192871e-01 1.388031095266342163e-01 3.495302796363830566e-02 1.092580676078796387e+00 1.601006865501403809e+00 1.016968786716461182e-01
6.304848790168762207e-01 1.399185657501220703e+00 7.067881822586059570e-01 1.570099443197250366e-01 1.853801012039184570e+00 2.209251821041107178e-01 -1.072933912277221680e+00 -2.095282793045043945e+00 4.321541488170623779e-01 -5.721643194556236267e-02
1.025419950485229492e+00 -1.323722958564758301e+00 7.748228311538696289e-01 -1.343414664268493652e+00 -6.202075164765119553e-03 -7.023435235023498535e-01 9.450485706329345703e-01 -2.229836702346801758e+00 2.866283953189849854e-01 -6.908228993415832520e-01
3.141462802886962891e-01 -1.120851874351501465e+00 4.114174842834472656e-01 1.050487399101257324e+00 -4.531212449073791504e-01 -1.154060721397399902e+00 2.676826715469360352e-01 3.355828821659088135e-01 1.779777884483337402e+00 6.804816722869873047e-01
-2.261028528213500977e+00 7.173744440078735352e-01 1.306557178497314453e+00 1.510550975799560547e+00 1.069429159164428711e+00 -1.486990004777908325e-01 9.168642014265060425e-02 -1.183231234550476074e+00 1.154903769493103027e+00 1.413629412651062012e+00
1.464432597160339355e+00 1.814301609992980957e+00 3.802005946636199951e-01 2.897400259971618652e-01 -1.797820091247558594e+00 -1.391601324081420898e+00 1.466375231742858887e+00 -1.170843988656997681e-01 -8.795347809791564941e-01 -1.961036771535873413e-02
3.229357898235321045e-01 1.645789481699466705e-02 1.260273337364196777e+00 5.386414527893066406e-01 2.477779751643538475e-03 -5.406763553619384766e-01 -5.865877270698547363e-01 -3.508693575859069824e-01 1.253386288881301880e-01 8.428351879119873047e-01
8.513634800910949707e-01 -2.281742095947265625e+00 -1.682888865470886230e-01 1.040060639381408691e+00 4.181880950927734375e-01 -8.542133122682571411e-02 -1.582720041275024414e+00 -1.385816454887390137e+00 -4.072670340538024902e-01 -1.488821148872375488e+00
2.056802511215209961e-01 -5.801836252212524414e-01 5.647758841514587402e-01 5.253617763519287109e-01 1.083667278289794922e-01 3.692642748355865479e-01 2.034301280975341797e+00 -1.771977245807647705e-01 -2.195126056671142578e+00 6.481076776981353760e-02
1.169198036193847656e+00 2.122097969055175781e+00 -1.549187183380126953e+00 5.049561858177185059e-01 5.017892122268676758e-01 -3.493615984916687012e-01 1.152509689331054688e+00 1.437688350677490234e+00 2.052988409996032715e-01 4.922576621174812317e-02
8.934962153434753418e-01 -8.066747784614562988e-01 -1.234589517116546631e-01 7.945144772529602051e-01 9.286002516746520996e-01 -1.839954107999801636e-01 -8.224676251411437988e-01 -3.494455218315124512e-01 1.380982041358947754e+00 -1.868497252464294434e+00
1.449718773365020752e-01 1.097778230905532837e-01 -1.119489550590515137e+00 -2.940921783447265625e-01 3.446345031261444092e-01 2.269246578216552734e-01 -2.918207347393035889e-01 -9.022713899612426758e-01 -1.888248324394226074e-01 -1.214989542961120605e+00
1.104578495025634766e+00 -1.263558030128479004e+00 6.244661808013916016e-01 2.968602776527404785e-01 1.412255048751831055e+00 -1.881903052330017090e+00 7.436044216156005859e-01 -1.207563042640686035e+00 2.852352261543273926e-01 -5.957329869270324707e-01
-1.167546510696411133e+00 -9.451922774314880371e-01 1.702106595039367676e+00 3.420376181602478027e-01 2.989220619201660156e-01 -1.588795781135559082e-01 2.575247585773468018e-01 2.460434675216674805e+00 5.996032953262329102e-01 -1.046124815940856934e+00
-2.354957908391952515e-01 6.012645363807678223e-01 -1.270603299140930176e+00 -6.844204664230346680e-02 2.270921945571899414e+00 -6.593589782714843750e-01 2.387666106224060059e-01 1.930014640092849731e-01 -5.025958418846130371e-01 -1.282967329025268555e+00
-2.365322113037109375e+00 -1.361215472221374512e+00 2.249719500541687012e-01 -1.555876851081848145e+00 4.645220935344696045e-02 1.861548721790313721e-01 -5.182927250862121582e-01 1.855430245399475098e+00 1.315828323364257812e+00 1.015067577362060547e+00
-6.835227012634277344e-01 7.877571582794189453e-01 2.541835606098175049e-01 -7.800112962722778320e-01 -1.070528626441955566e+00 7.400762438774108887e-01 3.593207597732543945e-01 -7.915993332862854004e-01 1.398917913436889648e+00 -2.570669054985046387e-01
4.185702800750732422e-01 7.973555922508239746e-01 9.322541356086730957e-01 1.717222332954406738e-01 1.268395185470581055e+00 -7.593328952789306641e-01 -3.337111949920654297e+00 5.038072541356086731e-02 -6.053590178489685059e-01 5.051360726356506348e-01
1.153053045272827148e+00 1.949246525764465332e+00 -2.078661680221557617e+00 1.268548250198364258e+00 6.155334115028381348e-01 9.461413621902465820e-01 -7.406526207923889160e-01 -1.175350666046142578e+00 6.669616103172302246e-01 -9.501493573188781738e-01
-1.626523613929748535e+00 -2.300866693258285522e-02 -1.277570605278015137e+00 7.375475019216537476e-02 9.546586275100708008e-01 -2.662323713302612305e-01 1.592513680458068848e+00 -6.094433665275573730e-01 7.447103857994079590e-01 -1.039252161979675293e+00
-1.093612670898437500e+00 -8.736575841903686523e-01 -3.995039165019989014e-01 -3.985629081726074219e-01 -1.159784674644470215e+00 8.627033233642578125e-01 -5.565875768661499023e-01 -1.762315183877944946e-01 -1.382101029157638550e-01 3.851049244403839111e-01
-1.965303540229797363e+00 8.427193164825439453e-01 1.580193161964416504e+00 -7.239298224449157715e-01 -1.392798662185668945e+00 7.272680997848510742e-01 -8.041178584098815918e-01 -2.124421149492263794e-01 1.452983856201171875e+00 9.091925621032714844e-01
-4.475588202476501465e-01 4.365264475345611572e-01 -1.264423012733459473e+00 3.171891570091247559e-01 -8.946378231048583984e-01 -1.157397389411926270e+00 -1.803519964218139648e+00 9.686253070831298828e-01 1.640280246734619141e+00 5.144602060317993164e-01
2.905859053134918213e-01 -1.202631235122680664e+00 1.091561093926429749e-01 -1.126131534576416016e+00 -1.170982837677001953e+00 -6.013513803482055664e-01 -1.875694543123245239e-01 8.143029212951660156e-01 -1.683943271636962891e+00 -1.547843068838119507e-01
-1.798832416534423828e+00 -4.197532683610916138e-02 1.622810721397399902e+00 -1.394373536109924316e+00 8.357852697372436523e-01 -1.819726377725601196e-01 -2.268598079681396484e-01 -7.058857083320617676e-01 -3.074926853179931641e+00 1.134034991264343262e-01
4.903545677661895752e-01 -9.992928057909011841e-02 -1.373888254165649414e+00 1.989668421447277069e-02 1.055614948272705078e+00 4.985582232475280762e-01 2.534689567983150482e-02 3.089213967323303223e-01 -6.947203874588012695e-01 -9.498932212591171265e-02
-2.013197392225265503e-01 -6.520470380783081055e-01 -9.996743202209472656e-01 7.428700923919677734e-01 2.152954488992691040e-01 -1.334650397300720215e+00 -1.438459604978561401e-01 7.299996018409729004e-01 -2.009501934051513672e+00 -3.502140939235687256e-01
-1.190603613853454590e+00 -1.187495946884155273e+00 8.474016562104225159e-03 -2.453015297651290894e-01 9.843549728393554688e-01 9.688499383628368378e-03 7.249024696648120880e-03 -1.102069765329360962e-01 3.158419430255889893e-01 -8.485215306282043457e-01
-9.843640327453613281e-01 3.983986973762512207e-01 -9.474723935127258301e-01 2.754884362220764160e-01 1.460163354873657227e+00 -6.263770461082458496e-01 -2.961638271808624268e-01 5.396066308021545410e-01 8.123427033424377441e-01 2.771990895271301270e-01
-1.177654266357421875e-01 -1.820889115333557129e+00 4.990816712379455566e-01 -3.000175654888153076e-01 -1.972929477691650391e+00 7.619412541389465332e-01 -5.023698210716247559e-01 -1.706910282373428345e-01 8.986564725637435913e-02 4.879877567291259766e-01
-5.662277936935424805e-01 -1.230135440826416016e+00 1.545567989349365234e+00 8.992672562599182129e-01 -6.494087576866149902e-01 7.396557927131652832e-01 -1.049400687217712402e+00 2.107076406478881836e+00 5.976562500000000000e-01 -9.528831839561462402e-01
3.362462282180786133e+00 -5.377112627029418945e-01 3.370673358440399170e-01 1.165908694267272949e+00 -1.127495408058166504e+00 -1.571212887763977051e+00 -2.089529991149902344e+00 -7.096277549862861633e-04 3.220830559730529785e-01 -1.103546977043151855e+00
-2.076074361801147461e+00 7.546317577362060547e-01 -1.981915950775146484e+00 -3.083301475271582603e-03 4.199039936065673828e-01 -2.667870186269283295e-02 2.606524825096130371e-01 -7.671508193016052246e-02 -2.672857940196990967e-01 8.239717483520507812e-01
1.530643254518508911e-01 -4.941487014293670654e-01 1.706315636634826660e+00 -3.372561037540435791e-01 1.056347694247961044e-02 3.839612305164337158e-01 -3.267943160608410835e-03 2.035659074783325195e+00 7.900481671094894409e-02 1.336547493934631348e+00
1.344805121421813965e+00 1.014034748077392578e+00 2.640344798564910889e-01 8.395453691482543945e-01 -1.602932691574096680e+00 1.177605628967285156e+00 7.855457067489624023e-01 1.077750563621520996e+00 1.155133605003356934e+00 -1.285362601280212402e+00
1.593523859977722168e+00 8.675150275230407715e-01 4.237619414925575256e-02 1.052153587341308594e+00 -1.288219332695007324e+00 9.731145948171615601e-02 -7.797306776046752930e-01 -3.088682889938354492e-01 4.475089535117149353e-02 1.754060149192810059e+00
-4.898602366447448730e-01 1.556852608919143677e-01 1.067755579948425293e+00 7.047487050294876099e-02 -1.988884955644607544e-01 8.800260424613952637e-01 1.077331066131591797e+00 -4.817793071269989014e-01 3.015598468482494354e-02 1.587826132774353027e+00
-9.714986085891723633e-01 4.059302508831024170e-01 2.364434719085693359e+00 -2.958342552185058594e+00 -1.176785230636596680e+00 -2.766694724559783936e-01 6.405794620513916016e-01 6.253437995910644531e-01 -3.787778317928314209e-01 -2.774566173553466797e+00
8.982694745063781738e-01 5.740602016448974609e-01 5.785889029502868652e-01 1.482571482658386230e+00 -1.359529018402099609e+00 -1.559060931205749512e+00 6.121981739997863770e-01 2.040368765592575073e-01 9.374660849571228027e-01 -1.443965196609497070e+00
3.222450017929077148e-01 -1.162971138954162598e+00 1.725185364484786987e-01 1.078168630599975586e+00 1.002986073493957520e+00 9.038922190666198730e-01 -2.646336555480957031e-01 -3.985009491443634033e-01 -2.949648201465606689e-01 1.937775373458862305e+00
-5.741294026374816895e-01 5.341055989265441895e-02 -9.873269200325012207e-01 7.670490145683288574e-01 1.037708044052124023e+00 4.495660960674285889e-01 5.437965393066406250e-01 2.918695509433746338e-01 -1.022475838661193848e+00 1.496960282325744629e+00
-3.668494224548339844e-01 -8.216074109077453613e-01 -4.475095272064208984e-01 4.884281158447265625e-01 3.081147074699401855e-01 1.306690424680709839e-01 4.653953611850738525e-01 1.408546119928359985e-01 7.950344681739807129e-01 1.016596332192420959e-01
-9.471611976623535156e-01 5.993813872337341309e-01 -8.504889607429504395e-01 -7.146998308598995209e-03 2.936140894889831543e-01 -3.352195024490356445e-01 -2.536499798297882080e-01 -3.845784068107604980e-01 3.979955613613128662e-01 -9.512265920639038086e-01
1.037824988365173340e+00 -8.508683443069458008e-01 -9.165717959403991699e-01 3.417757749557495117e-01 4.674126803874969482e-01 -1.406690597534179688e+00 -1.188802123069763184e-01 6.899262666702270508e-01 -3.612912893295288086e-01 5.811438560485839844e-01
-1.216949939727783203e+00 1.380003571510314941e+00 1.105561017990112305e+00 1.063120961189270020e+00 1.615079998970031738e+00 8.188048750162124634e-02 6.623603701591491699e-01 -6.536758542060852051e-01 -1.806419014930725098e+00 8.427681773900985718e-02
1.804595887660980225e-01 -9.968962669372558594e-01 8.801684379577636719e-01 2.054963588714599609e+00 -5.779212117195129395e-01 -2.422368049621582031e+00 -2.060050249099731445e+00 2.166910171508789062e+00 -1.185437679290771484e+00 3.579271733760833740e-01
2.609705626964569092e-01 1.584579586982727051e+00 -1.177082285284996033e-01 -9.580035209655761719e-01 -3.251868486404418945e-01 2.700378298759460449e-01 2.250166982412338257e-01 7.738579064607620239e-02 -1.620539546012878418e+00 -1.223835706710815430e+00
1.377234339714050293e+00 -5.203256011009216309e-01 1.244691729545593262e+00 7.257271409034729004e-01 2.608723640441894531e-01 1.802429795265197754e+00 1.143505692481994629e+00 -1.919740319252014160e+00 -1.308718562126159668e+00 -1.917898505926132202e-01
1.228294372558593750e+00 -3.105514645576477051e-01 6.137325763702392578e-01 8.385930061340332031e-01 1.796582788228988647e-01 -2.937565743923187256e-01 -1.091049313545227051e+00 -1.231078267097473145e+00 -1.039003849029541016e+00 7.565007209777832031e-01
-5.305954217910766602e-01 -1.025512143969535828e-01 1.131488204002380371e+00 -5.545527338981628418e-01 1.451237797737121582e+00 5.128772258758544922e-01 4.761054813861846924e-01 3.127485215663909912e-01 1.099788069725036621e+00 8.755138516426086426e-01
7.153543829917907715e-01 6.549217104911804199e-01 4.744576215744018555e-01 6.829757094383239746e-01 -8.547042012214660645e-01 1.293428987264633179e-01 4.396337270736694336e-01 2.341365069150924683e-01 -1.072188317775726318e-01 -5.643492341041564941e-01
-3.421297669410705566e-01 2.028602361679077148e+00 -9.847550392150878906e-01 1.037734970450401306e-01 -3.071399629116058350e-01 -3.850954473018646240e-01 7.911096215248107910e-01 -1.770072132349014282e-01 -1.870639771223068237e-01 6.290257573127746582e-01
1.070153594017028809e+00 -7.524767518043518066e-01 -9.893054962158203125e-01 5.061102509498596191e-01 -1.514476537704467773e+00 1.969914883375167847e-01 -1.027050614356994629e+00 4.006089866161346436e-01 6.850076913833618164e-01 -8.164429664611816406e-01
5.009460449218750000e-02 7.472451776266098022e-02 1.030353546142578125e+00 -3.024229705333709717e-01 -4.917776584625244141e-01 -2.070103168487548828e+00 1.360432058572769165e-01 2.060308456420898438e+00 -1.416776418685913086e+00 -4.657712578773498535e-02
4.020187258720397949e-01 5.219324827194213867e-01 8.061092495918273926e-01 8.983364105224609375e-01 1.070126891136169434e+00 3.650894463062286377e-01 2.385490655899047852e+00 -3.249867558479309082e-01 9.399546682834625244e-02 1.688727736473083496e-01
-5.767051577568054199e-01 -3.911765292286872864e-02 1.050020694732666016e+00 1.904052644968032837e-01 1.877549409866333008e+00 -6.275159120559692383e-01 -6.091387867927551270e-01 -1.675819873809814453e+00 2.353701293468475342e-01 -7.139884233474731445e-01
-1.293280243873596191e+00 -6.605139374732971191e-01 7.625361680984497070e-01 3.932383656501770020e-01 2.347403019666671753e-01 -2.280956692993640900e-02 6.936916708946228027e-01 -1.228423714637756348e+00 -2.197709083557128906e-01 -4.879803955554962158e-01
1.139775037765502930e+00 1.135385155677795410e+00 1.127037405967712402e+00 1.168581604957580566e+00 4.479627609252929688e-01 1.222367644309997559e+00 8.634988069534301758e-01 -2.538161277770996094e+00 -4.744833707809448242e-01 6.286330223083496094e-01
-6.113899350166320801e-01 -1.830474138259887695e+00 -1.248801708221435547e+00 -2.035317271947860718e-01 8.831410408020019531e-01 -4.087262749671936035e-01 -2.893544435501098633e-01 -1.233744978904724121e+00 -1.909374713897705078e+00 5.532045289874076843e-02
-1.276479601860046387e+00 -9.571868181228637695e-01 -1.765887588262557983e-01 -2.472118139266967773e-01 -1.293395996093750000e+00 -3.143560886383056641e+00 -1.142165303230285645e+00 6.363826394081115723e-01 -1.829257130622863770e+00 -8.969804048538208008e-01
-3.413752317428588867e-01 6.354790925979614258e-01 -1.378389716148376465e+00 6.437288522720336914e-01 -6.559798717498779297e-01 -2.373039722442626953e+00 1.932705789804458618e-01 -7.574451565742492676e-01 8.068590760231018066e-01 -5.002492070198059082e-01
5.196158289909362793e-01 -2.200395613908767700e-01 5.766357183456420898e-01 -5.855391621589660645e-01 1.113472208380699158e-01 -3.929298743605613708e-02 -6.144834160804748535e-01 6.620215177536010742e-01 1.805273413658142090e+00 5.179000496864318848e-01
2.059325724840164185e-01 -1.742005944252014160e+00 -2.192590981721878052e-01 1.040281772613525391e+00 1.194493770599365234e+00 -2.290372371673583984e+00 3.477608039975166321e-02 -1.170596837997436523e+00 1.692014575004577637e+00 1.451486110687255859e+00
7.507278770208358765e-02 -1.289530992507934570e-01 6.092212796211242676e-01 -2.798187136650085449e-01 -7.750904560089111328e-01 2.059204280376434326e-01 -4.773281514644622803e-01 -8.278268575668334961e-01 -8.466540575027465820e-01 2.797640860080718994e-01
2.755956053733825684e-01 2.899880409240722656e-01 -1.920656263828277588e-01 9.854717850685119629e-01 -2.461076498031616211e+00 -5.757200717926025391e-01 4.782664179801940918e-01 3.326234221458435059e-01 -2.381383180618286133e-01 -4.448031783103942871e-01
-4.842858016490936279e-01 1.952141225337982178e-01 -9.620738029479980469e-01 8.215010911226272583e-02 2.019819319248199463e-01 1.012099385261535645e+00 2.152390956878662109e+00 1.721127629280090332e+00 1.110836744308471680e+00 8.393443822860717773e-01
-4.644531309604644775e-01 -1.629139780998229980e+00 -2.584423422813415527e-01 -4.550770521163940430e-01 6.133617162704467773e-01 5.150790810585021973e-01 -1.215846061706542969e+00 -4.066435694694519043e-01 -1.503820538520812988e+00 8.938181400299072266e-01
-9.870303422212600708e-02 -4.568643867969512939e-01 -1.474626302719116211e+00 -1.528516709804534912e-01 -1.088900089263916016e+00 9.393478631973266602e-01 -8.101966977119445801e-01 -7.786915898323059082e-01 1.093677133321762085e-01 -1.880194842815399170e-01
-2.338691502809524536e-01 2.538987398147583008e-01 -1.311561346054077148e+00 -1.002282023429870605e+00 -1.428959250450134277e+00 6.574553847312927246e-01 -9.669015407562255859e-01 -6.375696659088134766e-01 -2.138825953006744385e-01 7.917559742927551270e-01
1.991713404655456543e+00 -1.226021766662597656e+00 -7.527431249618530273e-01 -5.806227922439575195e-01 -1.631300896406173706e-01 -6.338599324226379395e-01 1.937698721885681152e-01 1.228167772293090820e+00 -6.507329344749450684e-01 5.431236624717712402e-01
1.267731547355651855e+00 -8.232546448707580566e-01 1.115340366959571838e-01 -7.763742208480834961e-01 1.154648661613464355e+00 -8.571543693542480469e-01 6.285779476165771484e-01 4.276475608348846436e-01 1.238460183143615723e+00 -1.523082733154296875e+00
-1.060971975326538086e+00 -1.628476738929748535e+00 1.077129244804382324e+00 -3.996327891945838928e-02 4.331218302249908447e-01 -1.875928342342376709e-01 2.176972389221191406e+00 -6.469170451164245605e-01 -2.012130022048950195e-01 -1.382840871810913086e+00
-3.273483216762542725e-01 1.818634629249572754e+00 6.855300664901733398e-01 2.121136188507080078e+00 1.229379892349243164e+00 1.835508346557617188e+00 4.698517918586730957e-01 9.816347956657409668e-01 3.686924576759338379e-01 -5.388941764831542969e-01
7.578415870666503906e-01 -7.963834404945373535e-01 2.735197842121124268e-01 9.783876538276672363e-01 -7.947708368301391602e-01 -2.804511189460754395e-01 -6.600088626146316528e-02 -1.056131362915039062e+00 -4.736557006835937500e-01 -4.322367012500762939e-01
1.599447607994079590e+00 -1.483442783355712891e-01 -1.294521093368530273e+00 -7.898404598236083984e-01 1.016871109604835510e-01 -8.420562148094177246e-01 -5.036663413047790527e-01 3.172857463359832764e-01 2.275575399398803711e-01 -7.065765261650085449e-01
-1.359759211540222168e+00 2.137534022331237793e-01 3.026804924011230469e-01 1.529680609703063965e+00 -1.858324050903320312e+00 -1.184916377067565918e+00 -4.779793024063110352e-01 1.190697312355041504e+00 8.173885941505432129e-01 3.506840169429779053e-01
-1.410408854484558105e+00 2.754018306732177734e-01 -4.454904496669769287e-01 -4.402056634426116943e-01 -4.945870488882064819e-02 -5.543270148336887360e-03 -9.636679291725158691e-01 5.917475819587707520e-01 1.593744635581970215e+00 1.525816559791564941e+00
3.053129613399505615e-01 -1.739320993423461914e+00 -1.006474614143371582e+00 1.487838774919509888e-01 -1.122221469879150391e+00 -2.082437276840209961e+00 -3.236308693885803223e-01 4.980447888374328613e-01 1.471464395523071289e+00 4.714884459972381592e-01
3.361382782459259033e-01 -8.415112495422363281e-01 2.007199048995971680e+00 5.598639249801635742e-01 -6.358429789543151855e-01 1.855147480964660645e+00 2.492071688175201416e-01 4.629891514778137207e-01 -7.885197997093200684e-01 2.487124353647232056e-01
1.825067549943923950e-01 2.089018821716308594e+00 -9.123471975326538086e-01 1.142366886138916016e+00 -1.670813411474227905e-01 -1.092821836471557617e+00 -3.311948478221893311e-01 -1.572443842887878418e+00 2.334973961114883423e-01 -7.293905317783355713e-02
8.472672104835510254e-01 4.583972990512847900e-01 1.194568514823913574e+00 4.486338421702384949e-02 1.078463435173034668e+00 1.688918709754943848e+00 -8.941634297370910645e-01 -2.806322574615478516e+00 2.228242307901382446e-01 -7.904677838087081909e-02
-9.927465319633483887e-01 1.344810366630554199e+00 -2.236741334199905396e-01 1.982114315032958984e+00 5.165303945541381836e-01 1.138105630874633789e+00 -1.203441858291625977e+00 8.417274951934814453e-01 2.797760009765625000e+00 5.775323510169982910e-01
-4.354193210601806641e-01 1.689842224121093750e+00 -4.618329703807830811e-01 -7.897008657455444336e-01 -5.030000805854797363e-01 4.329991936683654785e-01 -8.441969156265258789e-01 6.566894054412841797e-01 1.441207528114318848e-01 -8.991205692291259766e-02
9.629306793212890625e-01 2.207589745521545410e-01 -2.006920814514160156e+00 -4.088164865970611572e-01 3.383390605449676514e-01 -1.122440576553344727e+00 -1.059602141380310059e+00 9.250981211662292480e-01 -3.748499453067779541e-01 9.068331122398376465e-01
-3.767327070236206055e-01 3.749333322048187256e-01 8.948130011558532715e-01 -2.705590009689331055e+00 4.509498178958892822e-01 9.732295870780944824e-01 3.638692200183868408e-02 6.462688446044921875e-01 -1.095398187637329102e+00 -2.151213407516479492e+00
1.110935688018798828e+00 4.386011958122253418e-01 4.401756078004837036e-02 7.062910795211791992e-01 -2.201477527618408203e+00 -6.682102084159851074e-01 1.621163368225097656e+00 -8.696076273918151855e-02 -4.371463358402252197e-01 3.999070525169372559e-01
-6.022105813026428223e-01 -1.224272727966308594e+00 3.470666408538818359e-01 1.966639608144760132e-01 1.235826253890991211e+00 -2.287759482860565186e-01 -2.115089893341064453e+00 5.923188924789428711e-01 1.884946346282958984e+00 2.521176636219024658e-01
-1.918513625860214233e-01 -2.182064950466156006e-01 1.051641345024108887e+00 -7.555392803624272346e-04 -3.383517861366271973e-01 -5.566977262496948242e-01 -5.377835035324096680e-01 -1.967920660972595215e+00 4.716586172580718994e-01 4.952701628208160400e-01
2.128345966339111328e-01 3.935272991657257080e-01 6.608164906501770020e-01 1.115713000297546387e+00 -1.518221259117126465e+00 -5.219584703445434570e-01 1.169264793395996094e+00 -5.428363084793090820e-01 5.836088061332702637e-01 3.487587869167327881e-01
1.259334683418273926e+00 2.110612243413925171e-01 1.495868802070617676e+00 -4.096772372722625732e-01 1.740285992622375488e+00 -3.657685965299606323e-02 -1.584758311510086060e-01 1.060657024383544922e+00 -6.357243657112121582e-01 -1.458552479743957520e+00
-2.804739773273468018e-01 1.625204920768737793e+00 -7.146947830915451050e-02 1.649975895881652832e+00 -8.749288320541381836e-01 -8.348141312599182129e-01 1.367170333862304688e+00 1.517861247062683105e+00 -1.777563452720642090e+00 1.542204141616821289e+00
-1.317628502845764160e+00 -5.571200698614120483e-02 8.869688510894775391e-01 1.324627876281738281e+00 -1.071521490812301636e-01 1.586707085371017456e-01 -2.065005302429199219e+00 -1.383682489395141602e+00 -9.882405996322631836e-01 1.199831217527389526e-01
-2.627363801002502441e-01 3.807596266269683838e-01 -1.828245759010314941e+00 5.865499377250671387e-01 -1.030947089195251465e+00 -3.006387650966644287e-01 5.444789305329322815e-02 -5.452707409858703613e-02 1.114425420761108398e+00 -6.975753903388977051e-01
-4.108060598373413086e-01 -1.647956073284149170e-01 6.373937129974365234e-01 -9.698975086212158203e-01 -1.306389927864074707e+00 9.036799073219299316e-01 1.893265604972839355e+00 3.892240822315216064e-01 -4.365018606185913086e-01 -4.728591442108154297e-01
-1.367683649063110352e+00 4.111297130584716797e-01 6.704003810882568359e-01 1.383200764656066895e+00 -1.257218599319458008e+00 -2.715661525726318359e-01 2.849100232124328613e-01 3.466568887233734131e-01 1.787588119506835938e+00 -3.840963542461395264e-01
1.509911179542541504e+00 4.954832196235656738e-01 -4.048482477664947510e-01 3.681071102619171143e-01 -1.273834556341171265e-01 1.696529388427734375e+00 4.472911357879638672e-01 -1.487144082784652710e-01 4.418943822383880615e-01 1.225863814353942871e+00
-1.261918187141418457e+00 -1.271866261959075928e-01 8.784106373786926270e-02 -8.762312531471252441e-01 3.211589157581329346e-01 1.621839255094528198e-01 7.219843864440917969e-01 5.256865620613098145e-01 -2.893741130828857422e-01 1.113536119461059570e+00
-1.174878031015396118e-01 6.756594777107238770e-01 3.443880379199981689e-01 9.081474542617797852e-01 1.207062840461730957e+00 -1.279345989227294922e+00 1.300064474344253540e-01 1.317276239395141602e+00 -1.225247621536254883e+00 2.219655066728591919e-01
1.443247795104980469e+00 1.789997935295104980e+00 3.155812621116638184e-01 1.140694499015808105e+00 -1.208678841590881348e+00 -3.687021136283874512e-01 -2.039421647787094116e-01 -9.652950167655944824e-01 4.864475131034851074e-01 3.042371571063995361e-01
4.305086433887481689e-01 3.337318897247314453e-01 3.468812704086303711e+00 -1.772781088948249817e-02 -5.835412740707397461e-01 -1.011520326137542725e-01 3.957362771034240723e-01 -1.338967233896255493e-01 -3.894043564796447754e-01 -4.767082333564758301e-01
-4.099666327238082886e-02 -3.781447410583496094e-01 2.274049520492553711e+00 4.956303238868713379e-01 9.946808218955993652e-02 -1.903240382671356201e-01 8.513536453247070312e-01 8.747803419828414917e-02 4.689601063728332520e-01 -8.785086870193481445e-01
-6.990758180618286133e-01 9.854451417922973633e-01 -2.712335288524627686e-01 6.661405563354492188e-01 -1.303382754325866699e+00 -1.075744390487670898e+00 -6.359370946884155273e-01 5.648467540740966797e-01 -3.048354983329772949e-01 -3.315308392047882080e-01
-1.022136092185974121e+00 -8.422881364822387695e-01 -8.693322539329528809e-01 1.370636701583862305e+00 -1.442696690559387207e+00 1.619601249694824219e+00 -7.787451148033142090e-01 6.626325845718383789e-02 1.959586739540100098e+00 1.143939852714538574e+00
-1.994840145111083984e+00 6.429573297500610352e-01 -7.741986513137817383e-01 5.523536205291748047e-01 4.545793235301971436e-01 -4.634762406349182129e-01 -5.703439936041831970e-03 1.254116535186767578e+00 -1.518203020095825195e+00 3.442761301994323730e-01
-8.277161717414855957e-01 3.855406865477561951e-02 -5.531356856226921082e-02 2.054059058427810669e-01 2.483100891113281250e+00 2.183561027050018311e-01 1.331449389457702637e+00 -8.142923712730407715e-01 -4.759800136089324951e-01 1.721165537834167480e+00
-1.306621193885803223e+00 -1.167330741882324219e+00 1.259644508361816406e+00 -1.656623482704162598e-01 5.842309594154357910e-01 8.336563706398010254e-01 4.881734251976013184e-01 -5.646325945854187012e-01 1.563487529754638672e+00 1.137904524803161621e+00
-6.713927388191223145e-01 1.498071074485778809e+00 -8.392000943422317505e-02 -5.812923312187194824e-01 9.928396940231323242e-01 3.140727579593658447e-01 8.185009956359863281e-01 1.878453493118286133e+00 1.361944079399108887e+00 5.787898898124694824e-01
-8.439185023307800293e-01 6.124265789985656738e-01 -1.075337052345275879e+00 1.938608288764953613e-02 -1.246495604515075684e+00 -3.281243741512298584e-01 -4.774413704872131348e-01 -1.904727458953857422e+00 1.944892048835754395e+00 -7.607763409614562988e-01
2.535951733589172363e-01 -1.997411608695983887e+00 6.903916001319885254e-01 2.057091712951660156e+00 1.743764996528625488e+00 -1.795384138822555542e-01 -2.961576581001281738e-01 1.075656294822692871e+00 -8.896046280860900879e-01 5.873610973358154297e-01
-5.757124423980712891e-01 -7.231209874153137207e-01 7.154006958007812500e-01 1.026955008506774902e+00 -1.677578897215425968e-03 -1.499031782150268555e-01 -6.397215127944946289e-01 1.222215056419372559e+00 7.031382918357849121e-01 -4.275947809219360352e-01
4.162145555019378662e-01 1.832856684923171997e-01 -1.832502841949462891e+00 4.390566349029541016e-01 3.648689389228820801e-01 -2.559503614902496338e-01 -9.150696396827697754e-01 3.095516562461853027e-01 -5.968630909919738770e-01 8.555807471275329590e-01
2.953332960605621338e-01 3.524032831192016602e-01 6.748451590538024902e-01 1.858524680137634277e+00 -5.365581512451171875e-01 -1.528866648674011230e+00 5.529677271842956543e-01 -5.677108094096183777e-02 -7.279478907585144043e-01 4.480424523353576660e-01
-2.366599887609481812e-01 -1.965297907590866089e-01 3.509999513626098633e-01 -1.310426473617553711e+00 2.555756270885467529e-01 1.742836087942123413e-01 -9.651331305503845215e-01 -2.202680349349975586e+00 1.340792536735534668e+00 1.067433238029479980e+00
-4.527946114540100098e-01 1.122030392289161682e-01 -3.862979710102081299e-01 4.192606508731842041e-01 4.542067348957061768e-01 6.583707332611083984e-01 1.417116820812225342e-01 -1.647449016571044922e+00 -1.259791851043701172e-01 1.193952560424804688e+00
-1.683305621147155762e+00 5.170913338661193848e-01 6.722716689109802246e-01 -1.296763777732849121e+00 1.786454558372497559e+00 -1.223080277442932129e+00 1.007482316344976425e-02 6.097751259803771973e-01 2.266221761703491211e+00 -6.641461253166198730e-01
-2.011683464050292969e+00 -1.007545828819274902e+00 6.932528614997863770e-01 -4.134928286075592041e-01 5.507510900497436523e-01 1.802241057157516479e-01 -1.069675385951995850e-02 7.583802938461303711e-01 -1.899529397487640381e-01 -7.323747277259826660e-01
-1.186006546020507812e+00 3.004595078527927399e-02 5.253069400787353516e-01 -1.164359927177429199e+00 -5.831872224807739258e-01 8.044135570526123047e-02 2.244929671287536621e-01 4.120536446571350098e-01 1.179534554481506348e+00 1.356429606676101685e-01
-9.110997915267944336e-01 -1.139091134071350098e+00 4.514203667640686035e-01 -5.785532668232917786e-02 -8.133563995361328125e-01 -2.681315541267395020e-01 -1.628493905067443848e+00 -9.589720964431762695e-01 2.213479429483413696e-01 4.159720838069915771e-01
-6.882416009902954102e-01 -5.624341964721679688e-01 9.925528764724731445e-01 -1.829633116722106934e+00 -6.920359134674072266e-01 -1.864978790283203125e+00 4.310303926467895508e-01 2.641217410564422607e-01 4.683671891689300537e-01 3.931155502796173096e-01
-1.118327140808105469e+00 1.106950759887695312e+00 1.973839998245239258e-01 -2.283309936523437500e+00 9.943379759788513184e-01 -2.128667980432510376e-01 1.071698188781738281e+00 9.290833473205566406e-01 1.428941011428833008e+00 -1.656528353691101074e+00
8.900051116943359375e-01 2.869525551795959473e-01 -3.081286698579788208e-02 -9.349343776702880859e-01 8.745888620615005493e-02 1.863492131233215332e-01 1.952605545520782471e-01 -7.029319405555725098e-01 -1.667634993791580200e-01 -1.039638876914978027e+00
-3.668495118618011475e-01 -1.039644718170166016e+00 1.613275051116943359e+00 -1.039887189865112305e+00 -9.323415756225585938e-01 4.118852615356445312e-01 -1.073361396789550781e+00 -1.444147109985351562e+00 2.293332219123840332e-01 -5.251968502998352051e-01
-1.180408120155334473e+00 -1.026696801185607910e+00 -2.282595932483673096e-01 -1.017625927925109863e+00 3.122516274452209473e-01 -7.661760449409484863e-01 -5.941371992230415344e-02 -3.503917753696441650e-01 -1.221074461936950684e+00 -2.349939107894897461e+00
4.210237860679626465e-01 1.181300520896911621e+00 -3.971505761146545410e-01 5.380398631095886230e-01 -2.477087639272212982e-02 1.332410216331481934e+00 6.071425676345825195e-01 2.650390565395355225e-01 -5.190007686614990234e-01 -5.537376403808593750e-01
-9.622942209243774414e-01 5.853474736213684082e-01 1.162529110908508301e+00 1.336401551961898804e-01 -1.310220003128051758e+00 3.087106227874755859e+00 1.584163665771484375e+00 8.478709459304809570e-01 1.082982301712036133e+00 1.781770944595336914e+00
-8.192185163497924805e-01 4.563140571117401123e-01 1.147222638130187988e+00 -6.668069362640380859e-01 1.417697906494140625e+00 -3.843964636325836182e-01 -5.783145427703857422e-01 1.013331294059753418e+00 1.561631798744201660e+00 -7.975037097930908203e-01
-9.391770958900451660e-01 -9.519823789596557617e-01 -1.156838655471801758e+00 5.857753753662109375e-01 4.113280773162841797e-02 -2.172906398773193359e+00 -8.181301951408386230e-01 -1.538003325462341309e+00 -9.122859835624694824e-01 -1.808298468589782715e+00
-2.255132496356964111e-01 7.766004204750061035e-01 7.392286062240600586e-01 -3.122063875198364258e-01 8.425773978233337402e-01 2.071691989898681641e+00 -1.539747834205627441e+00 -2.393517255783081055e+00 2.401495933532714844e+00 9.575278759002685547e-01
-2.139971256256103516e+00 -9.547641873359680176e-01 -7.068762779235839844e-01 7.495035529136657715e-01 -3.293682634830474854e-01 5.558374524116516113e-01 3.973919749259948730e-01 2.199086099863052368e-01 1.557033658027648926e+00 4.492879807949066162e-01
9.927615523338317871e-01 -1.036073327064514160e+00 3.415095508098602295e-01 9.462820887565612793e-01 -2.125199317932128906e+00 -1.527331490069627762e-02 -9.683761596679687500e-01 3.643490374088287354e-01 -2.819939613342285156e+00 1.215961575508117676e-01
1.320715665817260742e+00 8.667090535163879395e-01 1.646325886249542236e-01 -2.821432352066040039e-01 -2.469760417938232422e+00 3.323689699172973633e+00 -9.480945467948913574e-01 2.195431143045425415e-01 -1.427714079618453979e-01 7.062391042709350586e-01
-6.496394872665405273e-01 -4.005198776721954346e-01 -1.017921924591064453e+00 9.084345102310180664e-01 1.564651489257812500e+00 -7.701981663703918457e-01 3.803356885910034180e-01 -2.848417460918426514e-01 4.798024892807006836e-01 1.351090073585510254e-01
-7.665369510650634766e-01 -1.762402057647705078e-01 -8.176116347312927246e-01 -7.535342574119567871e-01 5.485397577285766602e-01 6.055648252367973328e-02 -1.755064368247985840e+00 -2.218382596969604492e+00 6.980313658714294434e-01 -1.238142967224121094e+00
6.881653666496276855e-01 6.417989730834960938e-01 -1.728921413421630859e+00 6.010668277740478516e-01 -1.756966590881347656e+00 -2.244473993778228760e-01 -1.072085022926330566e+00 -5.116938352584838867e-01 1.083641529083251953e+00 1.830097556114196777e+00
-1.304500341415405273e+00 -1.015525579452514648e+00 -5.030090361833572388e-02 -1.351196765899658203e+00 4.378580451011657715e-01 -1.729858517646789551e+00 1.013346433639526367e+00 5.288543701171875000e-01 1.644362807273864746e+00 -5.630919337272644043e-01
-9.849485754966735840e-01 -1.898259520530700684e+00 1.102129667997360229e-01 4.090963304042816162e-01 -1.649512350559234619e-01 1.402565360069274902e+00 -3.171896040439605713e-01 3.894871473312377930e-01 3.761802017688751221e-01 6.570827960968017578e-01
-8.153579235076904297e-01 -1.263695359230041504e+00 3.532166779041290283e-01 -2.479073703289031982e-01 4.584976471960544586e-03 8.558297753334045410e-01 -5.351761579513549805e-01 -1.552936792373657227e+00 -2.152202464640140533e-02 1.812964826822280884e-01
-3.694882392883300781e-01 2.620249092578887939e-01 7.878850102424621582e-01 -3.521218299865722656e-01 4.752342700958251953e-01 1.278682470321655273e+00 -6.769002676010131836e-01 -1.690357208251953125e+00 4.958026483654975891e-02 -1.711835145950317383e+00
7.217526901513338089e-03 2.681077122688293457e-01 4.679321348667144775e-01 -1.404625296592712402e+00 -1.612694263458251953e+00 1.897831320762634277e+00 3.033402562141418457e-01 3.163041174411773682e-01 4.848921298980712891e-01 -1.351596564054489136e-01
-1.179087638854980469e+00 1.316378235816955566e+00 1.244478583335876465e+00 -9.999150037765502930e-01 -2.568804025650024414e-01 -3.549956083297729492e-01 -7.270370721817016602e-01 -1.294679880142211914e+00 2.221731424331665039e+00 -7.314984798431396484e-01
3.259200155735015869e-01 -6.022824645042419434e-01 -2.864612936973571777e-01 -4.700858294963836670e-01 -9.664118885993957520e-01 8.175489902496337891e-01 2.284826040267944336e+00 6.876803040504455566e-01 -1.138146445155143738e-01 3.731747344136238098e-02
9.094190001487731934e-01 1.523756861686706543e+00 -1.000501155853271484e+00 1.089030146598815918e+00 1.501115083694458008e+00 -9.878058731555938721e-02 -9.105685353279113770e-01 1.796079874038696289e+00 -2.518618583679199219e+00 -9.634522795677185059e-01
5.776181221008300781e-01 6.898730397224426270e-01 1.414756655693054199e+00 7.781924009323120117e-01 -2.467043101787567139e-01 -1.863843083381652832e+00 5.202202200889587402e-01 1.112173274159431458e-01 -1.746375203132629395e+00 -7.373390197753906250e-01
7.004222869873046875e-01 6.142160892486572266e-01 1.003534495830535889e-01 -1.211634755134582520e+00 -2.227566719055175781e+00 3.405839502811431885e-01 -8.599848300218582153e-02 -1.309048771858215332e+00 -8.221532106399536133e-01 -9.972351193428039551e-01
1.626308083534240723e+00 -3.477056741714477539e+00 5.570366978645324707e-01 -4.795684292912483215e-02 -9.871295690536499023e-01 3.196068704128265381e-01 1.772677898406982422e+00 -1.437886059284210205e-01 -3.418402969837188721e-01 1.570559144020080566e+00
8.998066782951354980e-01 -1.061097979545593262e+00 1.117286905646324158e-01 -6.489816308021545410e-01 3.088442087173461914e-01 -1.273096919059753418e+00 -4.900950491428375244e-01 1.105977177619934082e+00 8.434144854545593262e-01 1.483571529388427734e-01
-7.083485126495361328e-01 -9.190466403961181641e-01 2.300673574209213257e-01 -9.058932214975357056e-02 -2.048959136009216309e-01 7.089420557022094727e-01 1.483875036239624023e+00 7.225428819656372070e-01 1.061598896980285645e+00 -4.425800442695617676e-01
-5.050277113914489746e-01 7.872210144996643066e-01 4.582224786281585693e-01 -2.400563657283782959e-01 6.465340852737426758e-01 -1.162077546119689941e+00 -6.238316893577575684e-01 -1.972544007003307343e-02 -9.714930057525634766e-01 2.034607082605361938e-01
-1.774974763393402100e-01 -7.154784798622131348e-01 4.272342324256896973e-01 -1.436914443969726562e+00 4.842664301395416260e-01 -4.258485436439514160e-01 -3.659251332283020020e-01 -2.727754414081573486e-01 -4.232363402843475342e-01 -2.627222612500190735e-02
9.460124969482421875e-01 5.249137282371520996e-01 -1.095651865005493164e+00 4.739182293415069580e-01 -2.280092984437942505e-01 -9.814779460430145264e-02 -7.817473411560058594e-01 -1.022004634141921997e-01 -1.208779454231262207e+00 7.238674759864807129e-01
1.746589303016662598e+00 -3.235997557640075684e-01 1.309372544288635254e+00 -3.290787339210510254e-02 -6.055586040019989014e-02 2.653884172439575195e+00 -4.551590979099273682e-01 1.065065503120422363e+00 1.172436475753784180e+00 4.477334618568420410e-01
-1.682358682155609131e-01 8.844151496887207031e-01 1.898337483406066895e+00 2.113314419984817505e-01 -6.024944186210632324e-01 2.081896960735321045e-01 -1.172523140907287598e+00 -6.556878685951232910e-01 -6.353635191917419434e-01 8.023213744163513184e-01
5.791864395141601562e-01 2.512844800949096680e-01 1.179453253746032715e+00 -1.869260311126708984e+00 5.149753093719482422e-01 -9.860515594482421875e-02 -9.762549400329589844e-01 7.293880730867385864e-02 3.001511991024017334e-01 7.197472266852855682e-03
-1.348361611366271973e+00 -3.455172777175903320e-01 -5.366142392158508301e-01 -1.016567230224609375e+00 -1.316910982131958008e-01 9.734907746315002441e-01 1.042970046401023865e-01 -8.016132563352584839e-02 3.397924661636352539e+00 3.960799574851989746e-01
1.329514682292938232e-01 5.315198898315429688e-01 -8.082129955291748047e-01 -5.738402605056762695e-01 -6.155409216880798340e-01 -1.189891576766967773e+00 -3.738638758659362793e-01 -1.122439578175544739e-01 2.108513593673706055e+00 -5.917424559593200684e-01
4.475936293601989746e-01 -1.930124908685684204e-01 -1.158963441848754883e+00 -1.258122444152832031e+00 -8.350800275802612305e-01 8.699575662612915039e-01 -5.277097821235656738e-01 6.071016788482666016e-01 1.217998147010803223e+00 5.810332894325256348e-01
-1.135390520095825195e+00 -7.018526196479797363e-01 -7.850379943847656250e-01 -5.518233776092529297e-01 6.836680173873901367e-01 1.133096963167190552e-01 -1.436645865440368652e+00 -1.201473712921142578e+00 -5.856814384460449219e-01 5.564239025115966797e-01
8.427127003669738770e-01 2.350822240114212036e-01 -1.219392567873001099e-01 -1.127310037612915039e+00 2.623225152492523193e-01 -1.034313917160034180e+00 -2.053028941154479980e-01 1.163309216499328613e+00 -8.731631189584732056e-02 -3.091965317726135254e-01
1.492342829704284668e+00 8.484938740730285645e-01 8.798085153102874756e-02 -4.983077645301818848e-01 -1.366263389587402344e+00 -1.059126496315002441e+00 -1.247809171676635742e+00 -9.752050042152404785e-01 -9.584401845932006836e-01 2.742117404937744141e+00
-3.075015544891357422e-01 -1.025809764862060547e+00 2.175221741199493408e-01 -2.616399228572845459e-01 -8.215314149856567383e-01 -8.704268932342529297e-01 -5.354425311088562012e-01 -6.755725741386413574e-01 -5.826436281204223633e-01 1.292365789413452148e+00
-3.721327483654022217e-01 -6.517259478569030762e-01 -2.417462348937988281e+00 1.494712114334106445e+00 -1.134556293487548828e+00 5.202742815017700195e-01 2.891432940959930420e-01 -1.531432509422302246e+00 -3.856894969940185547e-01 -5.450666546821594238e-01
1.423733234405517578e-01 3.796457871794700623e-02 -1.696658581495285034e-01 -1.147734999656677246e+00 -1.132065296173095703e+00 -1.190344333648681641e+00 -2.021490782499313354e-01 -7.062491178512573242e-01 -1.371976882219314575e-01 8.091714978218078613e-01
7.288147211074829102e-01 -2.635901689529418945e+00 -3.821507841348648071e-02 6.254370212554931641e-01 9.154670238494873047e-01 -1.066918253898620605e+00 -3.145791888236999512e-01 9.566088020801544189e-02 4.012575149536132812e-01 2.375589847564697266e+00
3.162785172462463379e-01 -6.695151925086975098e-01 -2.436922937631607056e-01 -5.958250164985656738e-01 8.029147386550903320e-01 -7.505225539207458496e-01 5.470529794692993164e-01 -9.650065898895263672e-01 1.079292654991149902e+00 -5.548967123031616211e-01
-1.297717571258544922e+00 2.188620865345001221e-01 -1.175209164619445801e+00 -2.543890178203582764e-01 1.541388481855392456e-01 -6.542946696281433105e-01 -1.224984526634216309e+00 1.017645969986915588e-01 -1.191149473190307617e+00 1.687972903251647949e+00
3.466801047325134277e-01 -1.047357201576232910e+00 2.156849145889282227e+00 -1.713400959968566895e+00 6.215215325355529785e-01 9.868721365928649902e-01 -9.465906769037246704e-02 1.170914411544799805e+00 3.311848938465118408e-01 -8.704879134893417358e-02
-1.645658969879150391e+00 3.248928189277648926e-01 1.159153059124946594e-01 1.122365713119506836e+00 3.281340301036834717e-01 6.020395159721374512e-01 -1.856181025505065918e+00 -1.243303775787353516e+00 -1.239099383354187012e+00 -9.440913200378417969e-01
-1.255046248435974121e+00 1.714908182621002197e-01 -7.697770595550537109e-01 -8.116286993026733398e-01 1.979685544967651367e+00 1.491800427436828613e+00 1.439470291137695312e+00 -1.476839482784271240e-01 5.394129753112792969e-01 6.209208369255065918e-01
2.017643004655838013e-01 2.402033656835556030e-01 1.295420378446578979e-01 9.812026619911193848e-01 -1.070429801940917969e+00 6.047050952911376953e-01 4.226077497005462646e-01 1.054703712463378906e+00 8.040893077850341797e-01 -5.767832398414611816e-01
6.004177331924438477e-01 -2.513443827629089355e-01 1.565020829439163208e-01 -2.059746265411376953e+00 6.081994771957397461e-01 -1.349858880043029785e+00 7.394244670867919922e-01 9.933468699455261230e-01 -3.224156796932220459e-01 1.696225881576538086e+00
3.635770380496978760e-01 1.183744907379150391e+00 -9.854444069787859917e-04 -6.162072420120239258e-01 -8.652914762496948242e-01 6.871851086616516113e-01 1.395028948783874512e+00 -7.838454246520996094e-01 1.737614870071411133e-01 -2.093341648578643799e-01
-2.101493120193481445e+00 -1.347687840461730957e+00 1.610053628683090210e-01 6.857963800430297852e-01 -5.849679708480834961e-01 5.829744338989257812e-01 1.940955519676208496e+00 -7.725071907043457031e-01 -1.841771841049194336e+00 3.532851040363311768e-01
8.947771191596984863e-01 1.097493171691894531e-01 -2.710836529731750488e-01 1.579325795173645020e+00 1.327193379402160645e+00 1.832812875509262085e-01 -3.488171398639678955e-01 -1.450386166572570801e+00 -3.828559517860412598e-01 2.125746905803680420e-01
1.342130422592163086e+00 -5.589260458946228027e-01 2.925219833850860596e-01 8.102734088897705078e-01 7.346702218055725098e-01 4.603051245212554932e-01 -6.910594701766967773e-01 6.567075848579406738e-01 5.506375432014465332e-01 4.891189187765121460e-02
3.515293598175048828e-01 2.923869490623474121e-01 -1.835639625787734985e-01 -1.161206245422363281e+00 -1.763083338737487793e+00 -2.077100515365600586e+00 6.710447669029235840e-01 8.183006048202514648e-01 4.837493225932121277e-02 3.849191367626190186e-01
-1.512718915939331055e+00 -7.822441458702087402e-01 -2.559793889522552490e-01 8.381901383399963379e-01 4.313971102237701416e-01 -7.731248736381530762e-01 -1.369608193635940552e-01 -1.138416230678558350e-01 5.790941715240478516e-01 -1.124914661049842834e-01
1.481162548065185547e+00 -2.032679617404937744e-01 1.146334052085876465e+00 -9.702937602996826172e-01 1.606068491935729980e+00 2.762432396411895752e-01 2.587729394435882568e-01 1.959011703729629517e-01 8.951278924942016602e-01 -8.980924487113952637e-01
-1.814139634370803833e-01 1.158560276031494141e+00 1.825951933860778809e+00 8.766623735427856445e-01 2.357183933258056641e+00 -4.864047169685363770e-01 8.149260878562927246e-01 9.377149939537048340e-01 2.670509576797485352e+00 -9.772583842277526855e-01
8.032953739166259766e-01 -9.895635247230529785e-01 -1.006369590759277344e+00 -7.853232622146606445e-01 2.968143224716186523e-01 -1.433290243148803711e+00 -7.226106524467468262e-01 3.152606785297393799e-01 3.403786718845367432e-01 -2.502441704273223877e-01
-4.694818556308746338e-01 -4.701708257198333740e-01 6.462125182151794434e-01 -3.221062719821929932e-01 1.984163641929626465e+00 -4.524941444396972656e-01 3.745188936591148376e-02 -1.628048419952392578e+00 8.854898214340209961e-01 -1.863060832023620605e+00
-1.654304504394531250e+00 8.316506743431091309e-01 -1.775499135255813599e-01 4.111134409904479980e-01 9.774538874626159668e-01 1.359792947769165039e+00 -1.218715429306030273e+00 -1.448859095573425293e+00 -1.294386982917785645e+00 7.931236028671264648e-01
-5.557448267936706543e-01 -1.880151152610778809e+00 1.319819927215576172e+00 -9.705457687377929688e-01 -4.065257608890533447e-01 2.605696320533752441e-01 -2.346335202455520630e-01 5.194037556648254395e-01 -4.371287226676940918e-01 -1.958424329757690430e+00
6.041400432586669922e-01 -1.638481020927429199e-01 1.034797430038452148e+00 1.963855922222137451e-01 -1.109842538833618164e+00 -7.004678249359130859e-01 9.956737160682678223e-01 5.577982664108276367e-01 8.270826339721679688e-01 -1.643414944410324097e-01
4.063695073127746582e-01 5.204120874404907227e-01 3.065074384212493896e-01 -3.239771723747253418e-02 6.931617856025695801e-01 -4.036826789379119873e-01 1.138389348983764648e+00 -6.643158793449401855e-01 8.916934132575988770e-01 -1.688298821449279785e+00
2.980121672153472900e-01 -1.037780284881591797e+00 -1.545947909355163574e+00 1.360900998115539551e+00 5.794559717178344727e-01 -6.244299933314323425e-02 1.184249520301818848e+00 2.065462470054626465e-01 -6.090245246887207031e-01 -2.264322638511657715e-01
4.205308854579925537e-02 1.278173565864562988e+00 1.178565144538879395e+00 1.502118825912475586e+00 -1.254497289657592773e+00 6.175091266632080078e-01 -9.904890060424804688e-01 4.032492637634277344e-01 5.916364192962646484e-01 5.858786702156066895e-01
-2.028949260711669922e+00 -8.357598632574081421e-02 -1.720669120550155640e-01 -5.500659942626953125e-01 1.650740027427673340e+00 -1.349549412727355957e+00 -2.936578691005706787e-01 -7.734201550483703613e-01 2.826505899429321289e-01 -2.236289262771606445e+00
9.795219898223876953e-01 3.424120247364044189e-01 -1.057244539260864258e+00 6.461699604988098145e-01 5.728829503059387207e-01 5.536829829216003418e-01 8.158614039421081543e-01 1.363882541656494141e+00 2.124636620283126831e-02 1.912549614906311035e+00
7.098486423492431641e-01 7.281132787466049194e-02 7.111386656761169434e-01 -1.737606883049011230e+00 -4.888793230056762695e-01 3.093557357788085938e-01 -6.851195096969604492e-01 -8.355042934417724609e-01 2.054960489273071289e+00 -1.913744568824768066e+00
-5.529689192771911621e-01 1.568316519260406494e-01 -6.226596236228942871e-01 -1.748916625976562500e+00 1.850398063659667969e+00 -4.178742170333862305e-01 -8.062375709414482117e-03 -1.270864486694335938e+00 -1.270822525024414062e+00 5.289186909794807434e-02
-2.017675936222076416e-01 1.519767194986343384e-01 -3.452350199222564697e-01 1.070636034011840820e+00 6.516237258911132812e-01 -1.248482689261436462e-01 -6.920832991600036621e-01 -5.955682396888732910e-01 5.307269096374511719e-01 -9.444178342819213867e-01
6.329075694084167480e-01 -1.373014807701110840e+00 -5.787866115570068359e-01 -8.952898532152175903e-02 1.331996798515319824e+00 1.780348896980285645e+00 8.603112697601318359e-01 3.775812983512878418e-01 -1.961792707443237305e+00 -5.065090656280517578e-01
1.060328602790832520e+00 -1.083910822868347168e+00 2.033410549163818359e+00 -2.732502520084381104e-01 5.554382130503654480e-02 -4.752120375633239746e-01 -1.866252541542053223e+00 -2.225780725479125977e+00 2.467843532562255859e+00 -8.990257978439331055e-01
-7.833343148231506348e-01 1.189959142357110977e-02 2.502646446228027344e+00 -7.725650072097778320e-01 6.604556441307067871e-01 4.173980653285980225e-01 5.774917602539062500e-01 6.196827888488769531e-01 -2.265793681144714355e-01 -9.184538125991821289e-01
-2.981959879398345947e-01 -2.578196227550506592e-01 3.772374987602233887e-01 1.213001251220703125e+00 -1.105201482772827148e+00 1.441735625267028809e+00 1.331002235412597656e+00 -1.046728014945983887e+00 1.549855232238769531e+00 5.495125055313110352e-01
-1.242519378662109375e+00 -1.481129407882690430e+00 -3.227891027927398682e-01 -1.743375957012176514e-01 -2.120480090379714966e-01 8.104627132415771484e-01 9.740250706672668457e-01 1.841503381729125977e-01 -6.945235133171081543e-01 1.461840420961380005e-01
1.167724609375000000e+00 1.285418391227722168e+00 -1.122235804796218872e-01 -2.973983585834503174e-01 1.806077212095260620e-01 9.353734552860260010e-03 2.945086061954498291e-01 7.666130065917968750e-01 -1.888439774513244629e+00 -1.554405570030212402e+00
-1.512659788131713867e+00 -7.408929467201232910e-01 -9.730684757232666016e-01 4.311484694480895996e-01 4.014585614204406738e-01 1.008360624313354492e+00 4.086031019687652588e-01 5.758581161499023438e-01 -1.994932889938354492e+00 2.570647299289703369e-01
4.646220207214355469e-01 -1.372674703598022461e+00 1.274448156356811523e+00 -2.459852099418640137e-01 1.040311098098754883e+00 -1.124117732048034668e+00 -2.148635149002075195e+00 1.156399250030517578e+00 8.618261218070983887e-01 -8.017680794000625610e-02
