5.455950498580932617e-01 6.560521125793457031e-01 -1.383521437644958496e+00 -1.638543605804443359e+00 1.102380394935607910e+00 -2.584061622619628906e-01 1.345344781875610352e+00 -1.531993150711059570e+00
-1.738995313644409180e+00 -1.750372886657714844e+00 -8.566796779632568359e-01 -7.800807356834411621e-01 1.059365749359130859e+00 7.120811343193054199e-01 4.338146448135375977e-01 6.653050184249877930e-01
4.222848713397979736e-01 -1.130861997604370117e+00 7.127423286437988281e-01 -6.031634807586669922e-01 6.030161380767822266e-01 1.676386892795562744e-01 2.346636950969696045e-01 3.244739174842834473e-01
-2.611957788467407227e-01 1.179009795188903809e+00 9.906548075377941132e-03 -4.176415205001831055e-01 1.584994792938232422e-02 -9.601488709449768066e-01 -2.203776836395263672e+00 7.281457185745239258e-01
-5.466612577438354492e-01 -8.849032521247863770e-01 7.675761580467224121e-01 -5.134006589651107788e-02 1.058171868324279785e+00 2.306712269783020020e-01 1.227878451347351074e+00 6.749573349952697754e-01
-1.692666172981262207e+00 -1.258567094802856445e+00 -1.375451445579528809e+00 1.475815176963806152e+00 1.277905464172363281e+00 -5.247049927711486816e-01 3.913707137107849121e-01 -1.525381088256835938e+00
1.047107458114624023e+00 -3.531184494495391846e-01 -5.516488552093505859e-01 1.083971619606018066e+00 -1.794451236724853516e+00 -3.350322544574737549e-01 -1.074442386627197266e+00 -5.835809111595153809e-01
5.419152975082397461e-01 -1.008628726005554199e+00 -1.893366456031799316e+00 1.061695337295532227e+00 2.863270938396453857e-01 -1.101325631141662598e+00 1.184372663497924805e+00 -3.924136459827423096e-01
2.775423526763916016e-01 8.987318277359008789e-01 -1.365712881088256836e-01 -5.274911522865295410e-01 -1.685480117797851562e+00 -1.647263288497924805e+00 -5.903909802436828613e-01 3.889473676681518555e-01
4.772246479988098145e-01 7.568485140800476074e-01 -9.898527860641479492e-01 -4.977786242961883545e-01 -5.969481468200683594e-01 8.363838195800781250e-01 -1.136355474591255188e-01 1.494420289993286133e+00
1.181119084358215332e+00 3.344156146049499512e-01 -2.272598892450332642e-01 6.682694554328918457e-01 -1.120812296867370605e+00 -4.047492742538452148e-01 -4.307400882244110107e-01 -6.778610944747924805e-01
1.959787011146545410e+00 7.941722869873046875e-01 6.581348776817321777e-01 -8.387215137481689453e-01 6.225356459617614746e-01 -2.003030776977539062e-01 -1.201586127281188965e+00 -5.949150398373603821e-02
-3.375166356563568115e-01 -7.963065057992935181e-02 -2.981486022472381592e-01 -7.177956700325012207e-01 1.570132374763488770e-01 -9.155985116958618164e-01 -9.454450011253356934e-01 1.542642831802368164e+00
5.791562199592590332e-01 -6.958513259887695312e-01 1.698565602302551270e+00 5.105839371681213379e-01 1.508902907371520996e-01 1.011843606829643250e-01 -9.469943493604660034e-02 -1.386803865432739258e+00
1.259315133094787598e+00 4.435415565967559814e-02 -7.556488513946533203e-01 -1.007874965667724609e+00 2.103934764862060547e+00 1.862360596656799316e+00 5.989831089973449707e-01 2.103886008262634277e-01
2.967569530010223389e-01 9.845433235168457031e-01 2.295310944318771362e-01 -1.107625246047973633e+00 2.690466344356536865e-01 1.500078678131103516e+00 -1.427996873855590820e+00 1.372489333152770996e+00
-1.315526962280273438e+00 1.198720097541809082e+00 2.994216084480285645e-01 -5.579782724380493164e-01 -4.967594146728515625e-01 -5.186180770397186279e-02 1.517395138740539551e+00 3.133215904235839844e-01
-5.831285715103149414e-01 -7.316039800643920898e-01 1.128656506538391113e+00 -7.237285375595092773e-01 -1.719165444374084473e+00 -3.058056533336639404e-01 1.157868981361389160e+00 -9.610337615013122559e-01
3.994369804859161377e-01 2.567754507064819336e+00 1.265600323677062988e+00 8.711642622947692871e-01 -1.146592140197753906e+00 9.004058837890625000e-01 -9.804402291774749756e-02 3.089800775051116943e-01
7.986663579940795898e-01 6.705914139747619629e-01 8.428131341934204102e-01 8.868911117315292358e-02 -9.499980211257934570e-01 -1.532811641693115234e+00 -2.258435249328613281e+00 4.573966264724731445e-01
-5.637009739875793457e-01 -5.493867397308349609e-01 -5.365263819694519043e-01 1.093433126807212830e-01 3.577671051025390625e-01 -6.572092771530151367e-01 -5.408067107200622559e-01 -1.290830135345458984e+00
1.598700165748596191e+00 -5.251109600067138672e-01 -9.171871542930603027e-01 2.316149175167083740e-01 5.238530784845352173e-02 2.202671468257904053e-01 1.400223851203918457e+00 -2.564920485019683838e-01
-1.952347755432128906e-01 8.268326520919799805e-01 -1.995076179504394531e+00 1.815912961959838867e+00 -6.367847323417663574e-01 4.493791237473487854e-02 -6.080558300018310547e-01 7.536200433969497681e-02
-2.017693519592285156e-01 -9.454373717308044434e-01 -8.183524012565612793e-01 -3.520477116107940674e-01 5.321173667907714844e-01 -6.519594192504882812e-01 6.087604761123657227e-01 -1.997392177581787109e+00
-1.685485124588012695e+00 8.392275571823120117e-01 -2.740722596645355225e-01 1.572023153305053711e+00 -2.988032996654510498e-01 7.302451729774475098e-01 -1.373008847236633301e+00 1.921648085117340088e-01
-2.345829904079437256e-01 -1.577309608459472656e+00 -8.263558149337768555e-01 1.710721731185913086e+00 4.514410793781280518e-01 1.217913508415222168e+00 -2.441228926181793213e-01 2.418041527271270752e-01
6.806374341249465942e-02 -8.793773651123046875e-01 1.037335276603698730e+00 -3.694455325603485107e-01 -4.906690716743469238e-01 1.012514710426330566e+00 2.047695219516754150e-01 1.028899431228637695e+00
1.351977437734603882e-01 -1.293469548225402832e+00 -1.027223348617553711e+00 -9.853500127792358398e-01 -1.389787077903747559e+00 2.813926339149475098e-01 4.933398365974426270e-01 -4.315479993820190430e-01
1.587161272764205933e-01 3.460375666618347168e-01 -1.568437814712524414e+00 -3.332879245281219482e-01 9.189313650131225586e-01 -5.471590757369995117e-01 -5.715343952178955078e-01 -1.010028123855590820e+00
-3.643586859107017517e-02 -1.930516839027404785e+00 -1.899316608905792236e-01 4.564437568187713623e-01 2.287594318389892578e+00 3.130676746368408203e-01 2.778918147087097168e-01 4.472391307353973389e-01
-5.209685564041137695e-01 1.064933538436889648e+00 -1.570923089981079102e+00 7.070549726486206055e-01 6.667851656675338745e-02 8.071853518486022949e-01 -7.491819262504577637e-01 5.836017727851867676e-01
1.981544047594070435e-01 4.967133104801177979e-01 6.840436905622482300e-02 -2.937449216842651367e-01 -7.681397795677185059e-01 -3.452079296112060547e-01 -1.592762112617492676e+00 5.787436366081237793e-01
-6.001652479171752930e-01 1.203815862536430359e-01 5.784072279930114746e-01 2.103972434997558594e+00 -5.191554427146911621e-01 -1.744719505310058594e+00 -1.158742070198059082e+00 5.634031295776367188e-01
-9.863904863595962524e-02 7.708857059478759766e-01 -3.960031270980834961e-02 -2.551644444465637207e-01 -9.516805410385131836e-01 2.681141719222068787e-02 -4.929691255092620850e-01 -7.312580347061157227e-01
1.018501877784729004e+00 2.050183154642581940e-02 -8.886729478836059570e-01 -7.734985947608947754e-01 -5.724497437477111816e-01 -7.151350975036621094e-01 -7.849549055099487305e-01 3.537926673889160156e-01
-1.854691863059997559e+00 -1.180815219879150391e+00 1.433793455362319946e-01 7.413299679756164551e-01 1.269074797630310059e+00 -5.217261314392089844e-01 -2.228869497776031494e-01 1.249213933944702148e+00
-1.571283578872680664e+00 -1.245814442634582520e+00 8.461002111434936523e-01 -7.634590268135070801e-01 -4.617410302162170410e-01 8.724626898765563965e-01 6.073139309883117676e-01 1.168386816978454590e+00
-2.801711261272430420e-01 3.439374566078186035e-01 -5.649678111076354980e-01 3.149171471595764160e-01 2.731828093528747559e-01 3.745916783809661865e-01 -6.762730330228805542e-02 2.334886491298675537e-01
1.858789920806884766e+00 3.018362224102020264e-01 6.099190115928649902e-01 3.272822201251983643e-01 -2.110825300216674805e+00 5.286124944686889648e-01 6.461781859397888184e-01 -1.685931205749511719e+00
1.424992233514785767e-01 8.927627801895141602e-01 -7.756282687187194824e-01 -9.695348143577575684e-01 3.523712456226348877e-01 3.581432402133941650e-01 -5.712697505950927734e-01 -1.491003394126892090e+00
-2.800734341144561768e-01 3.310737311840057373e-01 -1.705296158790588379e+00 -1.343482494354248047e+00 1.235209584236145020e+00 7.701674103736877441e-01 -2.718333303928375244e-01 -3.585896790027618408e-01
-2.734043300151824951e-01 -1.921474337577819824e-01 -9.952934384346008301e-01 -1.065924525260925293e+00 4.767023921012878418e-01 1.028165102005004883e+00 -1.923763751983642578e-01 4.891509115695953369e-01
1.384685158729553223e+00 -1.115422368049621582e+00 -4.753540456295013428e-01 3.385768234729766846e-01 1.975312978029251099e-01 -3.818017840385437012e-01 -1.374061107635498047e-01 5.246498584747314453e-01
-6.493151783943176270e-01 6.286792159080505371e-01 -9.543741494417190552e-02 1.804852336645126343e-01 -1.291305184364318848e+00 1.325160741806030273e+00 6.631388515233993530e-02 -1.217808604240417480e+00
-1.262186527252197266e+00 -1.380804032087326050e-01 -7.450597882270812988e-01 7.986540198326110840e-01 7.262341976165771484e-01 -2.461552768945693970e-01 -2.227873308584094048e-03 -2.293631434440612793e-01
2.785648107528686523e-01 -5.853070616722106934e-01 9.915875792503356934e-01 -2.012671157717704773e-02 7.421105504035949707e-01 -4.176091849803924561e-01 4.061834812164306641e-01 -2.338272333145141602e+00
1.001890659332275391e+00 -2.028948664665222168e-01 6.016950011253356934e-01 1.308447718620300293e-01 -2.631433010101318359e-01 -1.580425165593624115e-02 5.452728867530822754e-01 -9.109316468238830566e-01
1.053203940391540527e+00 -7.845175862312316895e-01 9.403347969055175781e-01 4.311854243278503418e-01 -1.523008823394775391e+00 -1.200927138328552246e+00 7.337824106216430664e-01 -3.950240910053253174e-01
-2.008358001708984375e+00 -3.168703913688659668e-01 2.164951562881469727e-01 1.967118829488754272e-01 1.145206809043884277e+00 2.164347618818283081e-01 -8.248131871223449707e-01 3.715179860591888428e-01
1.711488366127014160e+00 -1.028311550617218018e-01 -9.589093923568725586e-01 1.999221324920654297e+00 7.495008409023284912e-02 -5.697150249034166336e-03 -1.211972013115882874e-01 -1.528263092041015625e+00
6.080980300903320312e-01 1.058061718940734863e+00 8.209984898567199707e-01 -1.661370694637298584e-01 -7.806045562028884888e-02 -8.932840228080749512e-01 1.240051269531250000e+00 -1.170007467269897461e+00
7.811782956123352051e-01 -3.641511499881744385e-01 1.716309189796447754e+00 5.888860225677490234e-01 -1.047189116477966309e+00 2.608331143856048584e-01 5.149081349372863770e-01 -4.778445661067962646e-01
1.586432576179504395e+00 1.613167643547058105e+00 1.794570088386535645e-01 -1.079378366470336914e+00 -8.326731324195861816e-01 7.429572343826293945e-01 1.528129816055297852e+00 -2.818872213363647461e+00
1.481401175260543823e-01 5.713616609573364258e-01 1.543403714895248413e-01 -6.886835694313049316e-01 -4.985783398151397705e-01 -6.882981061935424805e-01 2.290392637252807617e+00 -1.623476386070251465e+00
1.265787124633789062e+00 2.489949613809585571e-01 1.135786414146423340e+00 1.620521545410156250e-01 7.758579403162002563e-02 5.309554934501647949e-01 2.699007689952850342e-01 -1.925482869148254395e+00
7.043971419334411621e-01 -4.632561504840850830e-01 -1.261231660842895508e+00 -2.634595155715942383e+00 6.639108657836914062e-01 -4.874888062477111816e-01 1.059710144996643066e+00 1.315680861473083496e+00
-3.728490769863128662e-01 -1.210658550262451172e+00 -1.250883579254150391e+00 7.421378493309020996e-01 -1.098887205123901367e+00 -4.969185888767242432e-01 -1.194296240806579590e+00 4.172734022140502930e-01
-1.433503985404968262e+00 -6.939241290092468262e-01 -1.292478442192077637e+00 2.069961428642272949e-01 1.070404171943664551e+00 -1.030498504638671875e+00 1.277669906616210938e+00 1.115559458732604980e+00
-1.059848889708518982e-01 4.451882466673851013e-02 4.723449051380157471e-02 -8.341818451881408691e-01 4.146051406860351562e-01 1.345374226570129395e+00 -1.097332835197448730e+00 2.063193082809448242e+00
2.958001196384429932e-01 2.557606697082519531e-01 -5.397308468818664551e-01 1.407845139503479004e+00 1.025860548019409180e+00 1.463935375213623047e+00 9.714351296424865723e-01 -1.412620306015014648e+00
1.416909575462341309e+00 -1.495914220809936523e+00 2.589658796787261963e-01 -4.058206081390380859e-01 -2.654960565268993378e-02 -5.704236030578613281e-01 -7.407298088073730469e-01 -1.554772973060607910e+00
1.450265944004058838e-01 9.700593352317810059e-01 1.461566425859928131e-02 -3.239707648754119873e-01 -2.212358713150024414e-01 6.805274486541748047e-01 -5.823598429560661316e-02 -3.712522387504577637e-01
-4.456022009253501892e-02 2.542934656143188477e+00 5.928571820259094238e-01 -1.823366165161132812e+00 2.684516310691833496e-01 -1.318034768104553223e+00 1.011221408843994141e+00 2.111372709274291992e+00
-1.474848031997680664e+00 5.046684145927429199e-01 9.914770722389221191e-03 -8.666444420814514160e-01 2.069694735109806061e-02 -4.746140241622924805e-01 4.653995931148529053e-01 5.027245283126831055e-01
4.526658952236175537e-01 -3.577987849712371826e-01 -4.241079986095428467e-01 -7.987484335899353027e-01 -1.747325658798217773e+00 1.012035608291625977e+00 -6.393266916275024414e-01 4.129633009433746338e-01
-2.153898477554321289e+00 -4.562583193182945251e-02 -1.584655493497848511e-01 -1.240576133131980896e-01 1.058607339859008789e+00 4.362013339996337891e-01 7.479389309883117676e-01 -6.229008436203002930e-01
-5.135926008224487305e-01 -4.264357388019561768e-01 2.989927530288696289e-01 2.146633863449096680e+00 8.739948272705078125e-01 9.060440063476562500e-01 4.134849011898040771e-01 -3.945640325546264648e-01
3.543344140052795410e-01 1.765788942575454712e-01 -2.585094213485717773e+00 -2.192484438419342041e-01 -8.921320438385009766e-01 -4.086050689220428467e-01 4.242048263549804688e-01 6.534475684165954590e-01
2.129190415143966675e-01 -9.925407171249389648e-01 5.191718935966491699e-01 1.403326034545898438e+00 -2.428180456161499023e+00 1.488638162612915039e+00 -5.840972661972045898e-01 -5.530590415000915527e-01
6.519678831100463867e-01 8.109816312789916992e-01 3.471213877201080322e-01 -1.521977901458740234e+00 1.041496157646179199e+00 1.906327009201049805e+00 -3.185348033905029297e+00 8.092405796051025391e-01
-1.373922467231750488e+00 -1.384167313575744629e+00 -8.363915085792541504e-01 -2.966283321380615234e+00 -1.003737568855285645e+00 7.916291952133178711e-01 6.194753050804138184e-01 -5.242086648941040039e-01
-9.956237077713012695e-01 -1.175282478332519531e+00 8.051725625991821289e-01 -8.349735140800476074e-01 -2.025257498025894165e-01 3.325085341930389404e-01 -2.060809850692749023e+00 -1.401207566261291504e+00
1.229736447334289551e+00 6.236200332641601562e-01 4.905554950237274170e-01 1.001026391983032227e+00 -4.269865155220031738e-02 3.608425855636596680e-01 -1.914425015449523926e+00 1.894104242324829102e+00
-7.786098122596740723e-01 -1.144530773162841797e+00 1.613390684127807617e+00 -1.571780800819396973e+00 -2.980117201805114746e-01 1.951456308364868164e+00 1.054699182510375977e+00 -2.849313020706176758e-01
2.893305778503417969e+00 -2.979470729827880859e+00 -3.765761256217956543e-01 -5.803506374359130859e-01 8.630703091621398926e-01 -2.372571229934692383e+00 -5.842772722244262695e-01 -1.563328146934509277e+00
-9.604553580284118652e-01 -7.093589901924133301e-01 -3.345424532890319824e-01 -7.247734665870666504e-01 -3.730985522270202637e-02 -3.648504614830017090e-01 1.582397818565368652e+00 -2.264332920312881470e-01
2.282031476497650146e-01 1.118369698524475098e+00 4.012790024280548096e-01 -1.770976901054382324e+00 -3.985493183135986328e-01 6.798966526985168457e-01 9.985286593437194824e-01 -6.510635614395141602e-01
1.492735505104064941e+00 -1.511794567108154297e+00 -2.926158010959625244e-01 -2.758456859737634659e-03 5.749764442443847656e-01 -5.079351067543029785e-01 -2.072204053401947021e-01 1.418592929840087891e+00
3.723196089267730713e-01 1.030747652053833008e+00 -6.102975606918334961e-01 -1.364188313484191895e+00 1.049484491348266602e+00 -3.350974619388580322e-01 -1.924818992614746094e+00 -1.646060109138488770e+00
-9.318181276321411133e-01 -1.043842911720275879e+00 -9.096763730049133301e-01 -9.734135866165161133e-01 -1.313301563262939453e+00 -3.424665331840515137e-01 2.362749278545379639e-01 -1.887566924095153809e+00
-2.120751619338989258e+00 8.420251011848449707e-01 -8.488996028900146484e-01 9.613486528396606445e-01 1.455447673797607422e+00 3.831802308559417725e-01 4.087220504879951477e-02 -6.727871894836425781e-01
-1.581758260726928711e+00 -1.138148784637451172e+00 1.380661845207214355e+00 -1.393701285123825073e-01 1.223573833703994751e-01 -1.196974277496337891e+00 -1.999553918838500977e+00 1.717667460441589355e+00
5.620736479759216309e-01 5.073848366737365723e-01 8.312641382217407227e-01 1.287704586982727051e+00 -9.888051152229309082e-01 1.164907705970108509e-03 -1.562201499938964844e+00 1.496407240629196167e-01
3.300001611933112144e-03 -8.487083911895751953e-01 -1.021823510527610779e-01 6.243618726730346680e-01 1.562418341636657715e-01 1.494258046150207520e+00 -1.178745508193969727e+00 5.457859635353088379e-01
-5.438082218170166016e-01 1.218654632568359375e+00 -1.227744296193122864e-01 -1.665998578071594238e+00 -1.411836147308349609e+00 2.818279266357421875e-01 1.099916100502014160e+00 8.243816494941711426e-01
1.912889033555984497e-01 -6.411852836608886719e-01 4.714110791683197021e-01 2.309046268463134766e+00 -1.878406554460525513e-01 1.214411854743957520e+00 -4.817180335521697998e-01 2.067814916372299194e-01
-6.684223413467407227e-01 1.607490777969360352e-01 -1.109563231468200684e+00 -1.272395610809326172e+00 6.807209253311157227e-01 4.405030012130737305e-01 -1.419411420822143555e+00 -3.559368550777435303e-01
-1.249819278717041016e+00 -1.609350800514221191e+00 6.996167898178100586e-01 6.155444383621215820e-01 9.237781167030334473e-01 -1.244695067405700684e+00 2.217126369476318359e+00 8.193397521972656250e-01
6.551804542541503906e-01 3.161443471908569336e-01 2.535862326622009277e-01 1.037216424942016602e+00 8.247488737106323242e-01 -7.347264885902404785e-02 3.545615375041961670e-01 -1.566251754760742188e+00
1.273675680160522461e+00 -8.905130624771118164e-01 -2.779381752014160156e+00 -4.642243087291717529e-01 -1.575455784797668457e+00 4.337311387062072754e-01 1.330572962760925293e+00 -4.712018668651580811e-01
2.304800450801849365e-01 -1.626107573509216309e+00 -2.092630147933959961e+00 1.101045608520507812e+00 -7.640495896339416504e-01 -1.782763898372650146e-01 1.569820523262023926e+00 -3.077731430530548096e-01
-9.542844891548156738e-01 7.043751329183578491e-02 1.161415100097656250e+00 -9.335069656372070312e-01 -1.760681152343750000e+00 -1.324991822242736816e+00 1.117467880249023438e+00 -6.556980013847351074e-01
7.916893362998962402e-01 -3.379219174385070801e-01 -2.139409542083740234e+00 1.393552869558334351e-01 1.383681058883666992e+00 -8.980585336685180664e-01 -4.071779549121856689e-01 2.809172570705413818e-01
1.562444567680358887e+00 -9.165604710578918457e-01 -1.840089917182922363e+00 -6.134388446807861328e-01 -2.448370218276977539e+00 3.640003502368927002e-01 -1.087882816791534424e-01 -1.031218767166137695e+00
1.284923315048217773e+00 -1.721487998962402344e+00 -1.195034980773925781e+00 -8.136199116706848145e-01 2.556815624237060547e+00 1.300004959106445312e+00 1.366991639137268066e+00 2.228711545467376709e-01
-2.786099314689636230e-01 1.013800382614135742e+00 -1.385073781013488770e+00 1.133812069892883301e+00 -3.083094060420989990e-01 1.477243751287460327e-01 -1.511951684951782227e-01 1.246787905693054199e+00
1.467605829238891602e+00 -1.763240396976470947e-01 -2.147054113447666168e-02 -4.948238730430603027e-01 9.807677268981933594e-01 -2.508172750473022461e+00 6.572333574295043945e-01 9.293083846569061279e-02
-2.592599391937255859e-01 6.904434561729431152e-01 9.480005502700805664e-02 1.723525404930114746e+00 1.524245619773864746e+00 5.609754323959350586e-01 7.604315280914306641e-01 -4.457574784755706787e-01
-8.570094704627990723e-01 1.409561276435852051e+00 6.823866963386535645e-01 1.117790937423706055e+00 9.934937357902526855e-01 -3.987559378147125244e-01 -4.949185252189636230e-01 3.235637545585632324e-01
6.609419584274291992e-01 1.559098958969116211e+00 1.358777642250061035e+00 8.637859821319580078e-01 1.679565191268920898e+00 -2.279105633497238159e-01 1.228074908256530762e+00 1.666481137275695801e+00
-2.136245250701904297e+00 -2.260138988494873047e+00 -9.378688335418701172e-01 8.427612185478210449e-01 1.393509030342102051e+00 9.961666166782379150e-02 2.844686508178710938e-01 -2.324206084012985229e-01
9.682839512825012207e-01 1.598865151405334473e+00 -2.331839054822921753e-01 8.413476943969726562e-01 1.527050614356994629e+00 3.628501594066619873e-01 -5.099919438362121582e-01 -1.362248182296752930e+00
-2.115074634552001953e+00 -1.011578366160392761e-01 -1.164096474647521973e+00 3.174343407154083252e-01 6.373236179351806641e-01 -6.909590363502502441e-01 -6.795787215232849121e-01 -9.840113520622253418e-01
-8.354173898696899414e-01 2.077495455741882324e-01 6.930679082870483398e-01 8.367708921432495117e-01 -1.006505012512207031e+00 -1.063125491142272949e+00 -2.319238781929016113e-01 7.242094725370407104e-02
-1.406635999679565430e+00 -8.597387671470642090e-01 1.886033892631530762e+00 -9.343081712722778320e-02 1.913069486618041992e-01 1.644472002983093262e+00 -5.389924347400665283e-02 9.682237505912780762e-01
-2.030882596969604492e+00 1.303519725799560547e+00 8.713499903678894043e-01 1.401489615440368652e+00 -1.747771263122558594e+00 1.312283277511596680e+00 1.664558410644531250e+00 -1.282251030206680298e-01
5.172837376594543457e-01 2.798121273517608643e-01 1.869603991508483887e-01 -3.509121388196945190e-02 -4.009523689746856689e-01 -1.950249373912811279e-01 1.493599176406860352e+00 1.091449782252311707e-01
-4.056871235370635986e-01 -4.836600720882415771e-01 -3.441711962223052979e-01 -1.299314498901367188e+00 2.804063081741333008e+00 6.567093729972839355e-01 1.814741939306259155e-01 -1.651823371648788452e-01
3.608457744121551514e-01 -2.474885940551757812e+00 -1.723040044307708740e-01 -1.663628369569778442e-01 2.333225727081298828e+00 -2.252661734819412231e-01 3.376998603343963623e-01 1.794552803039550781e+00
-1.312115550041198730e+00 -8.201900869607925415e-02 -1.157829686999320984e-01 7.559148669242858887e-01 4.443922638893127441e-01 -4.037497937679290771e-01 2.194098532199859619e-01 7.204523086547851562e-01
-1.976482033729553223e+00 3.220647573471069336e-01 8.875815868377685547e-01 -1.561126857995986938e-01 6.835271120071411133e-01 1.706798933446407318e-02 1.739967584609985352e+00 -1.338339298963546753e-01
-1.637351512908935547e-01 -1.001271724700927734e+00 1.479825004935264587e-02 -9.417461752891540527e-01 -1.172441720962524414e+00 -2.131643295288085938e+00 7.023841738700866699e-01 -3.744203448295593262e-01
-1.235010862350463867e+00 1.036298751831054688e+00 7.834798693656921387e-01 4.212446510791778564e-01 9.110120683908462524e-02 8.097401261329650879e-02 -6.595329940319061279e-02 1.940628290176391602e+00
-2.955272793769836426e-01 4.898065626621246338e-01 1.355417847633361816e+00 2.364862918853759766e+00 -6.902145743370056152e-01 5.321691632270812988e-01 3.771280348300933838e-01 -8.677647113800048828e-01
1.168061256408691406e+00 -1.910319447517395020e+00 -1.093091070652008057e-01 -5.853261947631835938e-01 -1.107678413391113281e+00 7.476856708526611328e-01 2.710522711277008057e-01 1.444345116615295410e-01
-5.864747166633605957e-01 -2.032213509082794189e-01 4.573847353458404541e-01 -2.747000157833099365e-01 -6.177663803100585938e-01 -9.313038587570190430e-01 9.722089767456054688e-01 -2.892334163188934326e-01
-3.930437564849853516e-01 -5.643920302391052246e-01 5.569270253181457520e-01 -8.524487614631652832e-01 -2.045565098524093628e-02 -4.342895373702049255e-02 1.812404394149780273e+00 1.011032581329345703e+00
1.127608060836791992e+00 -1.269239187240600586e+00 1.626114130020141602e+00 1.420853614807128906e+00 -4.912637174129486084e-01 -3.528052866458892822e-01 6.009552478790283203e-01 -7.652537226676940918e-01
-8.878443837165832520e-01 1.308356046676635742e+00 -2.549760103225708008e+00 1.292973756790161133e+00 1.616310000419616699e+00 1.376221418380737305e+00 1.396715879440307617e+00 -1.011756062507629395e+00
-1.092505335807800293e+00 8.275799751281738281e-01 1.656539201736450195e+00 -1.062679886817932129e-01 -9.412086009979248047e-01 -2.987546920776367188e-01 -1.309989690780639648e+00 3.587183654308319092e-01
-1.814142346382141113e+00 3.220848739147186279e-01 -3.550612628459930420e-01 -5.075045824050903320e-01 5.064381957054138184e-01 -2.505716681480407715e-02 -1.468939423561096191e+00 1.129194200038909912e-01
9.820360541343688965e-01 -4.729515686631202698e-02 -3.842893838882446289e-01 6.457997560501098633e-01 3.102722167968750000e-01 4.490552246570587158e-01 1.009585037827491760e-01 -4.977634251117706299e-01
-1.333191752433776855e+00 -2.157023429870605469e+00 5.360621809959411621e-01 1.082443594932556152e+00 1.707843661308288574e+00 -5.758042931556701660e-01 1.846168637275695801e-01 -8.684039115905761719e-01
-1.521288752555847168e+00 -5.019046664237976074e-01 4.448766410350799561e-01 -1.386393755674362183e-01 9.818307757377624512e-01 4.668978750705718994e-01 -2.191707372665405273e+00 -1.697040349245071411e-01
-2.091450691223144531e+00 -4.032452702522277832e-01 -6.418370604515075684e-01 7.618705630302429199e-01 6.296076774597167969e-01 -1.277488827705383301e+00 6.784121394157409668e-01 -5.545308589935302734e-01
-6.164256334304809570e-01 2.253478765487670898e-01 -1.087919026613235474e-01 1.412069201469421387e+00 -1.142029285430908203e+00 8.615827560424804688e-01 6.738854050636291504e-01 1.194589257240295410e+00
-1.529512286186218262e+00 -7.471327781677246094e-01 1.376660108566284180e+00 1.657531857490539551e-01 1.665732860565185547e-01 -8.810310363769531250e-01 -1.926572024822235107e-01 3.607607185840606689e-01
-1.176225900650024414e+00 1.873249113559722900e-01 8.228789083659648895e-03 8.540281653404235840e-01 1.956840455532073975e-01 -1.114490985870361328e+00 -8.977513015270233154e-02 2.868399024009704590e-01
-1.004974842071533203e+00 1.193347215652465820e+00 1.322888489812612534e-02 1.481133103370666504e+00 1.456985950469970703e+00 8.888378739356994629e-01 -1.071787953376770020e+00 -3.665744364261627197e-01
-7.913322448730468750e-01 1.063776612281799316e-01 -6.487512588500976562e-01 -4.694894552230834961e-01 -1.996154189109802246e+00 7.373607158660888672e-01 5.660066008567810059e-01 -2.866538763046264648e-01
-2.737407386302947998e-01 7.087865471839904785e-01 -1.413964986801147461e+00 -5.531015992164611816e-01 -1.555563658475875854e-01 1.676004052162170410e+00 -1.910293288528919220e-02 -1.294543027877807617e+00
1.175471488386392593e-02 -6.694360971450805664e-01 -4.355963170528411865e-01 -1.081291556358337402e+00 8.009394407272338867e-01 -1.432311177253723145e+00 9.872208237648010254e-01 -3.404313027858734131e-01
-6.387310028076171875e-01 9.339362978935241699e-01 -7.642620205879211426e-01 9.746124744415283203e-01 -5.777440667152404785e-01 3.606949150562286377e-01 -9.799084067344665527e-01 1.416672945022583008e+00
1.807489991188049316e+00 -5.004627108573913574e-01 -1.162497043609619141e+00 -5.539664626121520996e-01 -1.220704197883605957e+00 -1.939635723829269409e-01 3.418333530426025391e-01 1.125188946723937988e+00
-9.364113807678222656e-01 7.247409224510192871e-01 -8.025658726692199707e-01 -6.288906335830688477e-01 2.930650949478149414e+00 6.491690278053283691e-01 -6.199213862419128418e-01 9.766769409179687500e-02
-4.025838077068328857e-01 8.335067033767700195e-01 1.779383063316345215e+00 3.072971999645233154e-01 5.117998719215393066e-01 -1.220580935478210449e+00 1.579924970865249634e-01 1.291249155998229980e+00
1.272379517555236816e+00 -3.409287333488464355e-02 6.418626904487609863e-01 1.025794506072998047e+00 5.918040871620178223e-01 -2.857439219951629639e-01 1.552751213312149048e-01 4.517900645732879639e-01
-1.477060198783874512e+00 -1.766890287399291992e+00 3.639879226684570312e-01 -1.293164730072021484e+00 1.055070012807846069e-01 -1.519521176815032959e-01 -1.136543035507202148e+00 -2.435404658317565918e-01
2.124965339899063110e-01 7.427027225494384766e-01 1.129736185073852539e+00 1.432523429393768311e-01 3.901131749153137207e-01 1.566709518432617188e+00 9.657232463359832764e-02 -1.819533705711364746e+00
2.413446187973022461e+00 -1.258121371269226074e+00 -5.742697119712829590e-01 -6.238319277763366699e-01 -3.761759698390960693e-01 -1.694913864135742188e+00 -8.367430567741394043e-01 1.026749849319458008e+00
-5.086960792541503906e-01 5.258957147598266602e-01 -8.853164315223693848e-01 -2.374200895428657532e-02 1.404448628425598145e+00 7.274081707000732422e-01 -7.783745974302291870e-02 1.279441416263580322e-01
4.896011650562286377e-01 2.053385823965072632e-01 -7.366239428520202637e-01 -1.132515668869018555e-01 -3.817213475704193115e-01 9.759452939033508301e-01 -2.742154598236083984e-01 1.299038290977478027e+00
-2.276657074689865112e-01 -6.589510440826416016e-01 1.244493246078491211e+00 -6.026480793952941895e-01 1.137876868247985840e+00 -6.374217867851257324e-01 -1.464073061943054199e+00 6.107759848237037659e-02
8.381040692329406738e-01 5.554664731025695801e-01 6.559792160987854004e-01 -1.814127683639526367e+00 3.536584079265594482e-01 -1.009163975715637207e+00 -7.558222413063049316e-01 2.297240793704986572e-01
-9.289771318435668945e-01 -1.677714347839355469e+00 6.176385879516601562e-01 -1.700644016265869141e+00 -7.013781070709228516e-01 7.591621875762939453e-01 -1.107662394642829895e-01 -1.122142150998115540e-01
5.904777646064758301e-01 5.686152577400207520e-01 -1.831090599298477173e-01 9.407049417495727539e-01 -1.859380722045898438e+00 8.610693216323852539e-01 -7.956507056951522827e-02 1.078688725829124451e-01
-3.945836424827575684e-01 5.765317380428314209e-02 8.490443974733352661e-02 -1.382955551147460938e+00 1.972436755895614624e-01 -4.885873794555664062e-01 -6.888798475265502930e-01 6.014301776885986328e-01
-5.215595960617065430e-01 -7.404502630233764648e-01 6.515285968780517578e-01 -7.102339267730712891e-01 7.720732092857360840e-01 1.013260483741760254e+00 -2.834279537200927734e-01 1.516940742731094360e-01
-7.149378061294555664e-01 -5.521169304847717285e-01 -9.631822109222412109e-01 -1.649858593940734863e+00 -4.310098290443420410e-01 -1.142570972442626953e+00 8.867259621620178223e-01 1.872378587722778320e-01
8.921430110931396484e-01 1.065042614936828613e+00 -3.900363147258758545e-01 9.645175933837890625e-01 -9.348001480102539062e-01 5.655048042535781860e-02 -2.443957775831222534e-01 2.375838533043861389e-02
3.982738554477691650e-01 8.719370961189270020e-01 1.257696151733398438e+00 2.051609754562377930e+00 -1.522756516933441162e-01 -5.209765434265136719e-01 1.208791360259056091e-01 -9.361559897661209106e-02
-1.743525743484497070e+00 -1.062462449073791504e+00 -1.525448858737945557e-01 -2.959827482700347900e-01 5.243542790412902832e-01 1.111130356788635254e+00 5.945162773132324219e-01 -2.899369001388549805e-01
1.294137984514236450e-01 2.195285260677337646e-01 -1.631162315607070923e-01 -1.529371023178100586e+00 1.598321348428726196e-01 5.551021099090576172e-01 -4.979773461818695068e-01 -7.393859624862670898e-01
-8.165932297706604004e-01 3.700816333293914795e-01 5.778509974479675293e-01 -2.162167280912399292e-01 -8.479443788528442383e-01 -2.797273099422454834e-01 -4.236051440238952637e-01 2.259393036365509033e-01
4.738112986087799072e-01 1.020387887954711914e+00 4.759888947010040283e-01 -2.104988992214202881e-01 6.009547114372253418e-01 -4.818988442420959473e-01 -2.148264646530151367e+00 -1.448006391525268555e+00
-5.289018750190734863e-01 -1.087545752525329590e+00 -2.237972497940063477e+00 -8.943133801221847534e-02 -1.000808000564575195e+00 -1.704684376716613770e+00 5.107812881469726562e-01 -4.319891035556793213e-01
-4.564550518989562988e-02 -9.577376842498779297e-01 -5.650134012103080750e-02 -1.133878082036972046e-01 1.290527939796447754e+00 -5.435538887977600098e-01 3.388726472854614258e+00 -3.898052871227264404e-01
8.176925182342529297e-01 1.800402104854583740e-01 9.001833796501159668e-01 5.259270071983337402e-01 6.142928600311279297e-01 -3.475250005722045898e-01 8.460391163825988770e-01 2.696430981159210205e-01
8.794381618499755859e-01 -6.229526996612548828e-01 6.290253400802612305e-01 7.750591635704040527e-02 -1.666757225990295410e+00 2.525877356529235840e-01 1.034042596817016602e+00 7.834780812263488770e-01
-1.345618814229965210e-01 -5.944449305534362793e-01 9.997252821922302246e-01 -6.779111623764038086e-01 5.689180493354797363e-01 -1.386799216270446777e+00 -9.869011640548706055e-01 -6.818481087684631348e-01
1.147902607917785645e+00 6.487692147493362427e-02 1.459942102432250977e+00 -4.573624432086944580e-01 1.042728543281555176e+00 1.256534695625305176e+00 -1.619359254837036133e+00 -1.029857039451599121e+00
7.487118244171142578e-01 3.430211246013641357e-01 -1.469937860965728760e-01 -2.529044151306152344e-01 4.294037520885467529e-01 4.146660566329956055e-01 -1.737022846937179565e-01 6.763539314270019531e-01
-8.013263940811157227e-01 8.494585007429122925e-02 -2.788138091564178467e-01 1.701923727989196777e+00 -2.262991070747375488e-01 -7.558293640613555908e-02 9.785482883453369141e-01 -7.064685225486755371e-01
5.039352774620056152e-01 5.330652594566345215e-01 1.810095161199569702e-01 -1.568059682846069336e+00 -6.222189068794250488e-01 -3.202304989099502563e-02 1.880180835723876953e+00 1.429880857467651367e-01
9.470950961112976074e-01 -2.094789028167724609e+00 -1.176278233528137207e+00 9.723770618438720703e-02 -2.118712067604064941e-01 2.179289460182189941e-01 2.064401626586914062e+00 2.712057352066040039e+00
-4.486660957336425781e-01 -2.339648008346557617e-01 -1.265328884124755859e+00 -1.875727295875549316e+00 -6.193013191223144531e-01 -3.157025277614593506e-01 -2.727671861648559570e-01 3.969115018844604492e-01
-1.134649634361267090e+00 6.097322702407836914e-01 -7.563961744308471680e-01 -3.986366391181945801e-01 8.441898971796035767e-02 -5.116375088691711426e-01 -6.238709688186645508e-01 -1.495306730270385742e+00
2.055369377136230469e+00 -4.690859913825988770e-01 2.185610294342041016e+00 9.464703798294067383e-01 -2.840912818908691406e+00 5.397801995277404785e-01 -1.084085941314697266e+00 -1.592004299163818359e+00
1.852285712957382202e-01 -2.425710409879684448e-01 2.408246248960494995e-01 3.200153708457946777e-01 2.233622312545776367e+00 -1.803989768028259277e+00 -4.909504055976867676e-01 8.782718181610107422e-01
1.090645790100097656e+00 -5.327092409133911133e-01 2.793815918266773224e-02 1.875023096799850464e-01 9.174543023109436035e-01 -6.249091625213623047e-01 8.900416493415832520e-01 5.612442493438720703e-01
3.048625886440277100e-01 1.440925121307373047e+00 7.186786532402038574e-01 8.459527492523193359e-01 -2.336765229701995850e-01 -1.457296609878540039e-01 2.282095327973365784e-02 -8.474716544151306152e-01
-8.435624092817306519e-02 -3.357867151498794556e-02 1.406764388084411621e+00 4.122125208377838135e-01 -1.419987827539443970e-01 3.853231966495513916e-01 -1.891353279352188110e-01 -7.661100029945373535e-01
1.292452931404113770e+00 2.222329974174499512e-01 -8.737087249755859375e-01 8.927676677703857422e-01 1.098912835121154785e+00 -8.323394656181335449e-01 -3.560675680637359619e-01 3.190228343009948730e-01
1.007562756538391113e+00 -9.085708260536193848e-01 -2.139425992965698242e+00 -3.540454208850860596e-01 -5.876002907752990723e-01 5.327717065811157227e-01 -1.196979522705078125e+00 1.811649560928344727e+00
2.337109565734863281e+00 1.060576915740966797e+00 1.250419735908508301e+00 -4.137496948242187500e+00 -4.156168401241302490e-01 9.034425020217895508e-01 -5.084123611450195312e-01 3.299861252307891846e-01
1.663366854190826416e-01 2.504426240921020508e+00 -1.464355289936065674e-01 2.733589112758636475e-01 -4.237591922283172607e-01 -1.146239876747131348e+00 6.986172795295715332e-01 1.062591910362243652e+00
-7.366355061531066895e-01 -1.128694176673889160e+00 -1.159870028495788574e+00 1.557540297508239746e+00 -7.914580106735229492e-01 1.157039552927017212e-01 1.188454508781433105e+00 2.463629245758056641e+00
-2.405093669891357422e+00 -1.260050415992736816e+00 -5.129699110984802246e-01 -1.089326620101928711e+00 3.065856099128723145e-01 7.764068841934204102e-01 1.588652133941650391e+00 4.849270880222320557e-01
-1.645205974578857422e+00 6.617408394813537598e-01 2.012619972229003906e+00 -5.814573764801025391e-01 1.816100955009460449e+00 8.543336391448974609e-01 6.374128460884094238e-01 9.285612702369689941e-01
1.311955928802490234e+00 -1.790865510702133179e-01 -3.142426609992980957e-01 7.653970718383789062e-01 -5.507501959800720215e-01 8.065754175186157227e-01 2.319863438606262207e-01 1.145511031150817871e+00
-9.950438737869262695e-01 -3.548304140567779541e-01 4.125784710049629211e-02 -7.067291736602783203e-01 -3.732631206512451172e-01 5.106306672096252441e-01 -2.257473945617675781e+00 4.261463582515716553e-01
1.059158325195312500e+00 5.415413379669189453e-01 -2.249387204647064209e-01 -1.130715534090995789e-01 -1.384849905967712402e+00 9.017652869224548340e-01 3.809708356857299805e-02 1.537189006805419922e+00
7.398744225502014160e-01 -2.033552169799804688e+00 -1.761859536170959473e+00 -6.405292153358459473e-01 5.171416699886322021e-02 1.098291277885437012e+00 1.369469642639160156e+00 -5.583246946334838867e-01
-6.701611876487731934e-01 1.039415523409843445e-01 3.968727588653564453e-01 -1.153562188148498535e+00 7.040818929672241211e-01 -1.223622798919677734e+00 -1.673832297325134277e+00 4.375576674938201904e-01
-6.543657183647155762e-01 -1.292456626892089844e+00 -1.069797992706298828e+00 1.248165369033813477e+00 6.023358106613159180e-01 1.100489377975463867e+00 2.913363873958587646e-01 -2.817342802882194519e-02
-4.546639695763587952e-02 1.578967094421386719e+00 5.089947581291198730e-01 2.179585218429565430e+00 1.178976774215698242e+00 -7.049814462661743164e-01 -8.277828693389892578e-01 -8.914284706115722656e-01
1.473258614540100098e+00 -1.057573318481445312e+00 1.386147499084472656e+00 -4.393156468868255615e-01 -1.542205691337585449e+00 4.801434278488159180e-01 -5.449414849281311035e-01 -1.192699193954467773e+00
9.249984025955200195e-01 1.255681831389665604e-02 1.918003857135772705e-01 1.864343695342540741e-02 7.873839735984802246e-01 -1.639828681945800781e-01 4.751688838005065918e-01 1.214468479156494141e+00
-2.202236890792846680e+00 2.434169948101043701e-01 -8.835930377244949341e-02 -6.431711912155151367e-01 -1.686376929283142090e+00 9.403061270713806152e-01 4.619439244270324707e-01 1.352239847183227539e-01
2.585039436817169189e-01 -1.458444744348526001e-01 -9.111526608467102051e-01 -9.879692196846008301e-01 7.983451485633850098e-01 -1.571198582649230957e+00 9.220514893531799316e-01 -2.613082408905029297e+00
4.487369358539581299e-01 7.450671195983886719e-01 1.219140648841857910e+00 1.102130413055419922e+00 -4.300209879875183105e-01 2.604531645774841309e-01 -4.988740384578704834e-01 -2.305756330490112305e+00
5.081310272216796875e-01 9.047453403472900391e-01 1.928979396820068359e+00 1.631629586219787598e+00 2.181188106536865234e+00 2.323458433151245117e+00 -3.514273837208747864e-02 -2.398473024368286133e-02
-4.296349883079528809e-01 2.016253948211669922e+00 -2.192200124263763428e-01 5.144614577293395996e-01 -3.865151405334472656e-01 -4.268226921558380127e-01 -8.881631493568420410e-02 -1.124375700950622559e+00
-5.860270261764526367e-01 -4.677256047725677490e-01 -1.018191695213317871e+00 -1.317544698715209961e+00 9.452494382858276367e-01 1.240566015243530273e+00 1.093612670898437500e+00 -1.795588016510009766e+00
1.039303932338953018e-02 5.373116731643676758e-01 -5.260522961616516113e-01 1.379847228527069092e-01 -1.157117009162902832e+00 8.332955837249755859e-02 -7.655978798866271973e-01 3.499642014503479004e-01
4.593489468097686768e-01 -1.223030090332031250e+00 -7.726927399635314941e-01 -1.206669926643371582e+00 -2.333392620086669922e+00 1.905468702316284180e-01 -2.294802188873291016e+00 7.404317855834960938e-01
-5.434463024139404297e-01 9.434978961944580078e-01 -1.104866638779640198e-01 -5.584070086479187012e-02 1.330875754356384277e-01 4.502723217010498047e-01 -5.536298155784606934e-01 -5.924181267619132996e-02
1.810453057289123535e+00 5.136271119117736816e-01 8.388034105300903320e-01 -4.416318237781524658e-01 -8.238819241523742676e-02 2.470386505126953125e+00 -5.864956974983215332e-01 2.788425683975219727e+00
4.198775440454483032e-02 -5.438225269317626953e-01 8.907977938652038574e-01 1.071581959724426270e+00 6.702277660369873047e-01 1.796212911605834961e+00 -5.203260779380798340e-01 2.047784999012947083e-02
-1.385165572166442871e+00 1.473083853721618652e+00 2.378574132919311523e+00 -1.961734175682067871e+00 1.438901185989379883e+00 -1.584178447723388672e+00 -5.294731855392456055e-01 -8.453943729400634766e-01
-1.664115488529205322e-01 5.285378694534301758e-01 -1.531109362840652466e-01 7.014478445053100586e-01 -3.631582558155059814e-01 1.888574957847595215e+00 9.667227864265441895e-01 1.139055132865905762e+00
-8.197374343872070312e-01 -1.551098823547363281e-01 1.413007080554962158e-01 1.286051720380783081e-01 -1.308674335479736328e+00 -9.246600270271301270e-01 -2.450383305549621582e-01 5.972328782081604004e-01
-4.231337308883666992e-01 1.495581269264221191e-01 3.218403160572052002e-01 -3.375807106494903564e-01 -1.214295744895935059e+00 1.180188655853271484e+00 4.847807586193084717e-01 1.190263628959655762e+00
-7.368906140327453613e-01 4.267088472843170166e-01 -1.180426403880119324e-02 -7.807575166225433350e-02 -7.858120203018188477e-01 -1.066843986511230469e+00 1.169997602701187134e-01 -7.850219607353210449e-01
-7.194180786609649658e-02 1.593654900789260864e-01 8.133424520492553711e-01 1.857893168926239014e-01 -5.990751981735229492e-01 -2.561318278312683105e-01 6.322399973869323730e-01 -5.320989489555358887e-01
-1.562102317810058594e+00 -1.148970365524291992e+00 -1.002472758293151855e+00 -1.123625636100769043e+00 5.086147189140319824e-01 5.517143607139587402e-01 -2.650454640388488770e-01 1.709125041961669922e+00
-8.286603093147277832e-01 2.405298650264739990e-01 2.136544138193130493e-01 1.627394556999206543e+00 3.015786111354827881e-01 -5.253976583480834961e-01 1.360810637474060059e+00 -4.239936172962188721e-01
-6.277983635663986206e-02 -8.466611057519912720e-02 2.323920726776123047e+00 -1.334777712821960449e+00 4.658978879451751709e-01 -3.101781904697418213e-01 1.494661331176757812e+00 7.131624221801757812e-01
2.245620489120483398e+00 -1.807525515556335449e+00 1.020763397216796875e+00 -1.829458713531494141e+00 -9.579927921295166016e-01 -1.389050722122192383e+00 7.399442791938781738e-01 1.719397753477096558e-01
1.806303143501281738e+00 6.081386934965848923e-03 9.207234978675842285e-01 8.713325858116149902e-02 1.335291981697082520e+00 -1.667820572853088379e+00 -8.522284626960754395e-01 1.307254433631896973e+00
-1.162750720977783203e+00 -2.023086249828338623e-01 -6.714260578155517578e-01 -1.539788603782653809e+00 9.729303717613220215e-01 -6.439036726951599121e-01 -8.195092678070068359e-01 7.883278131484985352e-01
1.059905171394348145e+00 1.234882101416587830e-01 1.603318333625793457e+00 -1.406954288482666016e+00 4.026829302310943604e-01 1.815434932708740234e+00 -8.994387388229370117e-01 -1.344285905361175537e-01
1.842104792594909668e+00 4.413764476776123047e-01 2.727800905704498291e-01 -1.311109423637390137e+00 1.084195733070373535e+00 6.229811906814575195e-01 -7.339731454849243164e-01 -8.646573424339294434e-01
-9.757474660873413086e-01 2.423414885997772217e-01 -5.824941396713256836e-01 2.348777055740356445e-01 -1.807327270507812500e+00 -5.840934514999389648e-01 -6.532927602529525757e-02 8.815870285034179688e-01
-1.434863448143005371e+00 -1.367650747299194336e+00 1.185628771781921387e-01 -5.578938126564025879e-01 7.979655265808105469e-01 -1.464219331741333008e+00 -1.008969545364379883e+00 1.433524608612060547e+00
-5.356491804122924805e-01 -8.548736572265625000e-01 -8.539597392082214355e-01 -1.166910767555236816e+00 -3.093715608119964600e-01 -1.135070323944091797e+00 -6.715556234121322632e-02 1.094074368476867676e+00
-3.806984126567840576e-01 9.173240065574645996e-01 3.659588694572448730e-01 -1.285792350769042969e+00 -7.068393230438232422e-01 2.640859596431255341e-02 3.391637206077575684e-01 3.908010423183441162e-01
1.005153894424438477e+00 9.444749951362609863e-01 7.620195746421813965e-01 5.547312498092651367e-01 3.769366145133972168e-01 -7.433618307113647461e-01 -1.041094779968261719e+00 9.475612640380859375e-01
4.532124102115631104e-01 6.339696049690246582e-01 1.837273091077804565e-01 8.832725882530212402e-01 2.429151982069015503e-01 -3.575462996959686279e-01 -1.983447432518005371e+00 -1.728829592466354370e-01
1.055839419364929199e+00 -1.200580954551696777e+00 -5.377980470657348633e-01 6.909776926040649414e-01 -1.859697818756103516e+00 -5.667033791542053223e-01 -8.616327494382858276e-02 9.352774173021316528e-02
7.472286373376846313e-02 -2.104205042123794556e-01 1.490043163299560547e+00 -1.105743497610092163e-01 2.069867372512817383e+00 -5.206273794174194336e-01 -5.554964542388916016e-01 5.358133316040039062e-01
-1.410474300384521484e+00 -3.974280059337615967e-01 -1.178393602371215820e+00 -4.234551489353179932e-01 1.208772778511047363e+00 -5.607446432113647461e-01 -3.646281063556671143e-01 -5.666990280151367188e-01
-7.071679923683404922e-03 1.607215046882629395e+00 -5.142818093299865723e-01 1.434873819351196289e+00 -5.115294456481933594e-01 4.897750020027160645e-01 6.163967847824096680e-01 -1.709257841110229492e+00
-8.592612296342849731e-02 -6.016241908073425293e-01 2.326685786247253418e-01 -3.734779953956604004e-01 1.003493648022413254e-02 -3.022083044052124023e+00 2.193551212549209595e-01 -1.044729828834533691e+00
7.071125507354736328e-01 8.588737249374389648e-01 -1.212886571884155273e+00 7.508928328752517700e-02 4.957379102706909180e-01 -2.417838424444198608e-01 -9.092423915863037109e-01 1.233134642243385315e-01
-4.953051507472991943e-01 2.260526657104492188e+00 2.582191228866577148e-01 1.380052208900451660e+00 -6.411927342414855957e-01 -5.141462087631225586e-01 -1.236803650856018066e+00 7.428901195526123047e-01
-2.587819099426269531e-02 -2.655360996723175049e-01 -9.039308428764343262e-01 -6.043312698602676392e-02 -1.225123286247253418e+00 2.119376897811889648e+00 1.287857592105865479e-01 2.734706401824951172e+00
9.563356041908264160e-01 3.795695304870605469e-01 5.627914667129516602e-01 -2.151896432042121887e-02 -2.435684204101562500e-01 -7.980457544326782227e-01 1.056661754846572876e-01 -6.949215531349182129e-01
-3.441480174660682678e-02 -1.424328684806823730e-01 -2.067045420408248901e-01 9.093758463859558105e-01 -9.897235035896301270e-01 1.175985455513000488e+00 2.638490498065948486e-01 -6.520918607711791992e-01
4.742489755153656006e-01 6.381065249443054199e-01 -9.369859099388122559e-01 -1.396818757057189941e+00 -1.624425351619720459e-01 9.222428798675537109e-01 -6.954719424247741699e-01 -1.372695326805114746e+00
8.048859983682632446e-02 -9.891224503517150879e-01 -6.370125412940979004e-01 -1.647763401269912720e-01 2.515148520469665527e-01 -2.938235759735107422e+00 7.054603099822998047e-01 2.118042111396789551e-01
3.298467695713043213e-01 1.203275471925735474e-01 2.649403810501098633e-01 -7.294760942459106445e-01 -4.700175821781158447e-01 -1.463865280151367188e+00 -5.793004631996154785e-01 7.296713441610336304e-02
-2.139585167169570923e-01 9.047163277864456177e-02 -1.429625272750854492e+00 -5.898605585098266602e-01 -5.719116926193237305e-01 -2.107460737228393555e+00 -1.423148989677429199e+00 1.904542684555053711e+00
8.678885698318481445e-01 1.756096959114074707e+00 -5.725547075271606445e-01 -1.772409319877624512e+00 1.831963658332824707e-01 -7.247137278318405151e-02 -5.124354735016822815e-02 9.119321703910827637e-01
1.608762264251708984e+00 -7.696989774703979492e-01 1.409884095191955566e+00 -2.324899911880493164e+00 6.198289394378662109e-01 1.128520131111145020e+00 -1.579187393188476562e+00 1.223933219909667969e+00
3.996557369828224182e-02 -6.493390798568725586e-01 4.771430045366287231e-03 9.848267436027526855e-01 2.883722186088562012e-01 5.442098975181579590e-01 6.043047308921813965e-01 3.067010045051574707e-01
6.881439089775085449e-01 -1.256397515535354614e-01 7.002916932106018066e-01 7.976298332214355469e-01 -1.151743292808532715e+00 -1.148862004280090332e+00 -1.329054355621337891e+00 -9.208278059959411621e-01
-7.272692322731018066e-01 -4.293188452720642090e-01 1.183601021766662598e+00 -8.631018400192260742e-01 6.959819793701171875e-01 3.492150604724884033e-01 2.265522718429565430e+00 9.148243665695190430e-01
-1.974710583686828613e+00 -5.348938703536987305e-01 1.181721329689025879e+00 -1.225836873054504395e+00 -1.555220484733581543e-01 1.116107940673828125e+00 -6.470052003860473633e-01 -4.450038969516754150e-01
1.165984630584716797e+00 -7.681985497474670410e-01 -1.083710432052612305e+00 -4.869409501552581787e-01 3.555552661418914795e-01 -6.970145702362060547e-01 -4.760116934776306152e-01 -4.080072790384292603e-02
-2.125529944896697998e-01 -1.180625483393669128e-01 -1.656185835599899292e-01 8.842779994010925293e-01 -1.346249103546142578e+00 1.641038775444030762e+00 6.935477852821350098e-01 1.026386022567749023e-01
-1.705417633056640625e+00 1.039950847625732422e+00 -3.930209577083587646e-01 -4.442880451679229736e-01 7.781786918640136719e-01 9.656086564064025879e-01 -1.818173229694366455e-01 8.915967345237731934e-01
-9.557830542325973511e-02 2.201309651136398315e-01 -1.354314088821411133e+00 7.882193326950073242e-01 1.193920373916625977e+00 9.270173907279968262e-01 -6.392467617988586426e-01 -6.955768465995788574e-01
1.060438156127929688e+00 -1.332065939903259277e+00 -7.346914410591125488e-01 -5.832135677337646484e-01 1.134858369827270508e+00 -6.341122984886169434e-01 -8.573558330535888672e-01 -2.596432447433471680e+00
1.568456172943115234e+00 -7.420929521322250366e-02 6.346484273672103882e-02 -1.706398844718933105e+00 4.935126304626464844e-01 -1.147639080882072449e-01 -3.026833832263946533e-01 -1.155336380004882812e+00
-3.596590161323547363e-01 1.226065531373023987e-01 -3.293092846870422363e-01 1.402571678161621094e+00 5.171343684196472168e-01 -2.526157498359680176e-01 5.064478516578674316e-01 6.718143224716186523e-01
1.776372790336608887e+00 7.614629715681076050e-02 3.279530107975006104e-01 -1.061341166496276855e+00 -1.322015166282653809e+00 7.332915663719177246e-01 9.908075928688049316e-01 -2.578213512897491455e-01
-2.375159025192260742e+00 8.772571682929992676e-01 -8.553186655044555664e-01 9.058540463447570801e-01 -6.120846271514892578e-01 8.261460065841674805e-01 2.677089869976043701e-01 1.132668972015380859e+00
1.558208346366882324e+00 7.713901400566101074e-01 2.700275182723999023e-01 1.632059812545776367e-01 2.729422785341739655e-02 -6.009093299508094788e-02 1.516130089759826660e+00 -1.567675352096557617e+00
3.836043179035186768e-01 1.176096033304929733e-02 1.657615900039672852e+00 -6.096832752227783203e-01 -8.600389212369918823e-02 -7.308286428451538086e-01 2.212010860443115234e+00 3.366512060165405273e-01
1.231093764305114746e+00 5.239718556404113770e-01 -1.631742477416992188e+00 -1.266228914260864258e+00 -9.878394007682800293e-02 -1.971424698829650879e+00 1.945581585168838501e-01 1.682828903198242188e+00
-6.917743086814880371e-01 7.847858667373657227e-01 7.365193963050842285e-01 1.531076669692993164e+00 -5.997673273086547852e-01 -4.559812247753143311e-01 -4.602454602718353271e-01 -3.784037753939628601e-02
1.062249183654785156e+00 8.815032839775085449e-01 8.833108544349670410e-01 3.508822023868560791e-01 -2.154735028743743896e-01 -1.735287785530090332e+00 9.231308698654174805e-01 1.980515569448471069e-01
-8.963156938552856445e-01 2.185159444808959961e+00 5.533403754234313965e-01 2.954184636473655701e-02 1.406866312026977539e+00 1.273203790187835693e-01 1.753329396247863770e+00 1.293845534324645996e+00
-1.683906167745590210e-01 -1.013623774051666260e-01 5.149304270744323730e-01 -8.798299431800842285e-01 -3.618011176586151123e-01 1.447653025388717651e-01 6.311741471290588379e-01 6.230443716049194336e-01
6.306306123733520508e-01 -5.946753025054931641e-01 -4.401596486568450928e-01 -3.043003976345062256e-01 3.162426054477691650e-01 -3.347969055175781250e-01 3.204710483551025391e-01 2.201152890920639038e-01
5.624309182167053223e-01 3.988018929958343506e-01 -3.729150295257568359e-01 7.453235983848571777e-01 2.602367699146270752e-01 -7.116456627845764160e-01 -4.284652173519134521e-01 4.881622493267059326e-01
-1.395454883575439453e+00 9.162854552268981934e-01 2.200329542160034180e+00 4.666481316089630127e-01 9.919877052307128906e-01 1.030456304550170898e+00 1.653987020254135132e-01 3.504883050918579102e-01
-4.002338647842407227e-01 -7.522684931755065918e-01 -9.946030974388122559e-01 1.945351004600524902e+00 -7.470812797546386719e-01 1.567732840776443481e-01 -1.997474789619445801e+00 4.391335248947143555e-01
-1.585505843162536621e+00 4.631406664848327637e-01 -6.147047281265258789e-01 2.968449294567108154e-01 4.026475250720977783e-01 1.631033539772033691e+00 -8.444872498512268066e-01 1.207516312599182129e+00
1.179384231567382812e+00 -8.270938992500305176e-01 -9.540977329015731812e-02 -1.673379421234130859e+00 3.830411136150360107e-01 -7.207183837890625000e-01 -1.467388391494750977e+00 -8.175418376922607422e-01
1.325252950191497803e-01 -3.776063323020935059e-01 1.197676658630371094e+00 1.791033297777175903e-01 1.460615754127502441e+00 9.776064157485961914e-01 -1.289067506790161133e+00 1.657186448574066162e-01
-2.127355575561523438e+00 2.006861269474029541e-01 -7.400128245353698730e-01 -2.120175600051879883e+00 -6.508619338274002075e-02 -1.614183545112609863e+00 7.049012184143066406e-01 -1.659085273742675781e+00
1.063928723335266113e+00 1.524089336395263672e+00 2.113513052463531494e-01 2.654154062271118164e+00 1.036968827247619629e+00 7.857997417449951172e-01 1.970991343259811401e-01 -1.294431239366531372e-01
4.051663577556610107e-01 -1.191655755043029785e+00 -1.217625811696052551e-01 -9.083225578069686890e-02 9.839295744895935059e-01 7.521113157272338867e-01 1.188881322741508484e-01 -3.811482489109039307e-01
-3.965945243835449219e-01 2.579523622989654541e-01 1.802003085613250732e-01 9.871190786361694336e-01 -3.124293088912963867e-01 6.248026490211486816e-01 2.203869342803955078e+00 5.527303814888000488e-01
2.312456816434860229e-01 3.477264195680618286e-02 1.094616055488586426e+00 -9.475848078727722168e-01 -2.627520859241485596e-01 -3.786808252334594727e-01 -2.438847541809082031e+00 1.299223676323890686e-02
-1.027887701988220215e+00 1.933595061302185059e+00 2.101961612701416016e+00 1.599584698677062988e+00 6.329400539398193359e-01 2.153125554323196411e-01 -1.473357081413269043e+00 1.396883726119995117e+00
2.023374894633889198e-03 -1.158233404159545898e+00 3.815509676933288574e-01 -5.152627229690551758e-01 6.512624770402908325e-02 -1.279642432928085327e-01 1.326200962066650391e-01 -1.979926973581314087e-01
1.556210279464721680e+00 -4.168618917465209961e-01 1.491161346435546875e+00 -1.220081567764282227e+00 -1.073051095008850098e+00 -1.903596520423889160e+00 -1.047163486480712891e+00 3.486535847187042236e-01
-6.684071421623229980e-01 -4.551290348172187805e-02 5.066364407539367676e-01 1.539034962654113770e+00 7.674652934074401855e-01 -6.255516409873962402e-01 1.086817860603332520e+00 -5.465868115425109863e-01
1.098838686943054199e+00 -5.121816992759704590e-01 -2.553997516632080078e+00 7.693183422088623047e-01 1.346572518348693848e+00 7.036954760551452637e-01 1.261635422706604004e+00 -8.126977086067199707e-01
5.268418788909912109e-01 6.479713916778564453e-01 7.177198529243469238e-01 6.347963809967041016e-01 2.483555793762207031e+00 -4.355021119117736816e-01 -2.657219767570495605e-01 -1.376676917076110840e+00
-1.345255374908447266e+00 5.206136777997016907e-02 5.626460313796997070e-01 -5.639710426330566406e-01 1.113505244255065918e+00 8.679153919219970703e-01 -8.320699334144592285e-01 6.132749915122985840e-01
-2.126064151525497437e-01 -5.027049779891967773e-01 2.934054732322692871e-01 -1.079008221626281738e+00 -1.316241025924682617e+00 -7.547837495803833008e-01 1.265488862991333008e-01 -5.622429251670837402e-01
-3.932032287120819092e-01 1.793220996856689453e+00 -8.295355439186096191e-01 5.328353047370910645e-01 -3.842860460281372070e-01 2.299151718616485596e-01 -1.189101696014404297e+00 1.559913158416748047e+00
-7.714679241180419922e-01 3.048641979694366455e-01 4.920417666435241699e-01 1.021550416946411133e+00 1.968854814767837524e-01 2.921104729175567627e-01 5.657228231430053711e-01 -3.863613680005073547e-02
8.457193970680236816e-01 1.265493035316467285e+00 1.802837401628494263e-01 6.231436133384704590e-02 4.557507932186126709e-01 1.620158672332763672e+00 2.057414054870605469e+00 -5.815414190292358398e-01
1.231755256652832031e+00 1.195440411567687988e+00 -1.697002351284027100e-01 2.891491353511810303e-01 5.704557057470083237e-03 -2.289398312568664551e-01 6.716494560241699219e-01 -1.267981171607971191e+00
1.522436738014221191e-01 -8.871415853500366211e-01 2.031264066696166992e+00 -5.511425808072090149e-02 -4.781096875667572021e-01 3.472063541412353516e-01 -1.781247973442077637e+00 1.106232404708862305e+00
2.143659293651580811e-01 -2.319419085979461670e-01 6.674529612064361572e-02 1.551374644041061401e-01 1.516207695007324219e+00 1.783960938453674316e+00 7.346210069954395294e-03 -4.442509710788726807e-01
-7.198055982589721680e-01 -3.915831446647644043e-01 3.572539985179901123e-01 -3.224191665649414062e-01 2.356173515319824219e+00 3.781728148460388184e-01 -2.764448225498199463e-01 -1.299096345901489258e+00
2.613247632980346680e-01 1.214620694518089294e-01 6.780324876308441162e-02 -1.037590131163597107e-01 2.006923437118530273e+00 1.063299417495727539e+00 -5.467179417610168457e-01 8.883370161056518555e-01
-1.367046594619750977e+00 9.938449263572692871e-01 -9.718820452690124512e-01 -9.038193821907043457e-01 -4.081926941871643066e-01 9.183403849601745605e-01 3.221670389175415039e-01 2.667060308158397675e-02
3.932301700115203857e-01 5.500202178955078125e-01 2.977631986141204834e-01 1.655544638633728027e+00 5.765350535511970520e-02 -6.494185328483581543e-01 3.475964367389678955e-01 -6.753950119018554688e-01
6.210966706275939941e-01 -3.786622881889343262e-01 7.832786440849304199e-01 -2.172430045902729034e-03 1.147968292236328125e+00 1.800827383995056152e+00 -2.508093714714050293e-01 -2.350461959838867188e+00
5.910760164260864258e-01 -4.144661128520965576e-01 3.552644327282905579e-02 -2.864886522293090820e+00 -1.888704597949981689e-01 -1.233277559280395508e+00 1.214186474680900574e-01 -2.306617945432662964e-01
-4.144406318664550781e-01 -3.048011064529418945e-01 -1.092002034187316895e+00 4.955821931362152100e-01 1.322569489479064941e+00 1.089622080326080322e-01 -7.985251545906066895e-01 -1.815671920776367188e+00
4.852079972624778748e-02 7.787650823593139648e-01 1.502525061368942261e-01 2.431000024080276489e-01 9.244409203529357910e-01 1.406414389610290527e+00 1.425496578216552734e+00 -1.264336824417114258e+00
-3.289056718349456787e-01 -7.410336136817932129e-01 7.713208794593811035e-01 -2.955856919288635254e-01 2.055609703063964844e+00 -1.718805193901062012e+00 -6.103193759918212891e-02 6.097933650016784668e-01
1.231123328208923340e+00 -8.990210294723510742e-02 1.962169766426086426e+00 6.448557376861572266e-01 6.264759898185729980e-01 6.033346056938171387e-01 -1.880268752574920654e-01 7.397033572196960449e-01
-1.123054146766662598e+00 2.130184322595596313e-01 8.505106568336486816e-01 1.275081157684326172e+00 1.217791676521301270e+00 -1.553690135478973389e-01 1.052841424942016602e+00 3.655789792537689209e-01
5.710605382919311523e-01 -2.040251970291137695e+00 -4.921782016754150391e-02 -7.289199233055114746e-01 4.520624876022338867e-01 -1.414288043975830078e+00 -1.074948310852050781e+00 -1.385269045829772949e+00
-8.959646821022033691e-01 -1.566280484199523926e+00 1.586828231811523438e-01 -6.684668660163879395e-01 1.848957180976867676e+00 1.044064521789550781e+00 -1.566005349159240723e+00 1.611751437187194824e+00
2.644771635532379150e-01 -1.008659601211547852e+00 7.135953903198242188e-01 1.476788967847824097e-01 9.853949397802352905e-02 -1.982087373733520508e+00 3.129726052284240723e-01 9.978626370429992676e-01
-3.976964354515075684e-01 -6.540347337722778320e-01 6.218453496694564819e-02 1.144259810447692871e+00 -4.156932234764099121e-01 8.575333356857299805e-01 9.884595274925231934e-01 2.072986513376235962e-01
-3.823965489864349365e-01 -1.379716396331787109e+00 1.504355818033218384e-01 3.814434409141540527e-01 8.433965593576431274e-02 -1.585353374481201172e+00 3.355688452720642090e-01 1.891338109970092773e+00
6.456137299537658691e-01 3.605458140373229980e-01 -4.713311791419982910e-01 1.084962844848632812e+00 -1.712791323661804199e+00 1.547071218490600586e+00 5.141153335571289062e-01 -7.451643347740173340e-01
1.486411929130554199e+00 7.159088850021362305e-01 7.454617023468017578e-01 -1.506840705871582031e+00 -5.452333390712738037e-02 2.703857421875000000e-01 3.123880326747894287e-01 -2.076046019792556763e-01
-2.118674755096435547e+00 -7.556171417236328125e-01 7.098617553710937500e-01 -9.024621844291687012e-01 4.006557464599609375e-01 -6.637833714485168457e-01 -1.592757582664489746e+00 1.335162401199340820e+00
