-1.084967136383056641e+00
-4.586960375308990479e-01
-7.599129676818847656e-01
1.885714769363403320e+00
1.665336042642593384e-01
2.425287067890167236e-01
-1.311856389045715332e+00
1.330862641334533691e-01
-7.275321483612060547e-01
3.908998668193817139e-01
4.434327483177185059e-01
2.128269150853157043e-02
-1.090682819485664368e-01
2.186136007308959961e+00
-3.668711781501770020e-01
1.421431422233581543e+00
-1.940759122371673584e-01
-8.086448907852172852e-01
-7.733645439147949219e-01
1.329918056726455688e-01
-5.849674940109252930e-01
2.173417329788208008e+00
7.046256959438323975e-02
-9.879600405693054199e-01
9.096093475818634033e-02
-3.698284029960632324e-01
1.388152390718460083e-01
-9.607933163642883301e-01
1.439026892185211182e-01
6.853057444095611572e-02
-1.890143632888793945e+00
-2.106651961803436279e-01
-1.719105601310729980e+00
9.496110677719116211e-01
1.096597433090209961e+00
-9.152982831001281738e-01
1.339856628328561783e-02
-1.311842441558837891e+00
2.461337149143218994e-01
6.243153661489486694e-02
5.599997639656066895e-01
-1.311382293701171875e+00
-3.058288991451263428e-01
-3.179592490196228027e-01
-1.236768603324890137e+00
7.088136672973632812e-01
-4.747440516948699951e-01
-1.121417641639709473e+00
-1.529710888862609863e-01
1.063274383544921875e+00
1.091906905174255371e+00
-2.999970614910125732e-01
-1.520271778106689453e+00
3.454897701740264893e-01
3.492890894412994385e-01
8.679264038801193237e-02
2.127763330936431885e-01
-3.566696047782897949e-01
1.568682789802551270e+00
-1.917629599571228027e+00
7.392622828483581543e-01
1.000945568084716797e+00
2.797705888748168945e+00
-1.824091553688049316e+00
5.021344423294067383e-01
-9.392394870519638062e-02
4.653383195400238037e-01
3.856746479868888855e-02
1.543825984001159668e+00
2.789443135261535645e-01
1.130426406860351562e+00
-1.621419936418533325e-01
-3.236405253410339355e-01
-8.181695342063903809e-01
-1.722931504249572754e+00
-1.191785573959350586e+00
-6.779628992080688477e-01
-1.228988245129585266e-01
-1.445851206779479980e+00
-1.789229154586791992e+00
6.169084459543228149e-02
-1.814982295036315918e-01
3.410868644714355469e-01
5.436147451400756836e-01
-1.357531547546386719e+00
-5.617939680814743042e-02
-1.387431621551513672e-01
-3.708024024963378906e-01
-7.038332223892211914e-01
8.104022592306137085e-02
-2.090955078601837158e-01
2.442054510116577148e+00
1.277971267700195312e+00
1.226326227188110352e+00
8.367189168930053711e-01
-9.025753140449523926e-01
1.726718544960021973e-01
1.587406039237976074e+00
1.221610188484191895e+00
-1.170767068862915039e+00
1.585494428873062134e-01
-4.188897013664245605e-01
1.078582406044006348e+00
-1.668751358985900879e+00
-1.535652518272399902e+00
-8.875334858894348145e-01
1.147138953208923340e+00
-2.083677053451538086e-01
2.859953939914703369e-01
-3.619687855243682861e-01
1.607674837112426758e+00
1.327182769775390625e+00
1.853696405887603760e-01
-1.193566173315048218e-01
1.728209853172302246e-01
8.656848073005676270e-01
-1.572968810796737671e-01
-5.255305767059326172e-01
7.791678905487060547e-01
-1.969652771949768066e-01
3.562887310981750488e-01
-1.080789804458618164e+00
4.916733801364898682e-01
-2.217602133750915527e-01
6.582105159759521484e-01
-2.416306734085083008e-01
1.725397586822509766e+00
3.238034620881080627e-02
4.849536120891571045e-01
-3.782585263252258301e-01
-1.275496721267700195e+00
-5.505224466323852539e-01
2.340210974216461182e-01
-2.205297946929931641e-01
1.185048103332519531e+00
5.935047864913940430e-01
-1.386265873908996582e+00
-7.095279097557067871e-01
2.037297636270523071e-01
-3.020980656147003174e-01
-3.833606541156768799e-01
-9.140812158584594727e-01
-1.582508206367492676e+00
8.553402423858642578e-01
-3.125353455543518066e-01
-5.176475048065185547e-01
1.389063358306884766e+00
1.975615739822387695e+00
-2.036947757005691528e-01
2.569217979907989502e-01
-9.365460276603698730e-01
-6.026155948638916016e-01
1.251181960105895996e+00
8.633882403373718262e-01
3.006630539894104004e-01
-1.220037102699279785e+00
-7.419378161430358887e-01
2.308268696069717407e-01
1.181472897529602051e+00
6.661092638969421387e-01
3.002730607986450195e-01
1.327162623405456543e+00
9.435317516326904297e-01
7.023084163665771484e-01
-1.262926220893859863e+00
-1.073374867439270020e+00
2.205054014921188354e-01
-2.584532499313354492e-01
5.611147880554199219e-01
3.599462211132049561e-01
-6.621721982955932617e-01
1.025420188903808594e+00
1.507174223661422729e-01
-2.935234010219573975e-01
2.704750299453735352e-01
-9.009175300598144531e-01
7.093905806541442871e-01
1.421105265617370605e+00
-1.391437798738479614e-01
3.186419308185577393e-01
-1.685952544212341309e-01
-5.268141031265258789e-01
7.465482354164123535e-01
-9.085886478424072266e-01
4.785082936286926270e-01
-5.612049698829650879e-01
2.201159715652465820e+00
6.021610498428344727e-01
1.882382035255432129e-01
1.946896314620971680e+00
7.605259418487548828e-01
-1.068958401679992676e+00
-5.409281849861145020e-01
7.628051042556762695e-01
-1.807070523500442505e-01
-4.517942965030670166e-01
-7.995113730430603027e-01
-7.411518096923828125e-01
6.726604700088500977e-01
1.198527216911315918e+00
-4.871024787425994873e-01
-1.759503185749053955e-01
-8.734690546989440918e-01
-3.241789340972900391e-01
2.083240270614624023e+00
6.254017949104309082e-01
-4.343861639499664307e-01
7.299527525901794434e-03
1.764875054359436035e+00
1.211830139160156250e+00
2.819907963275909424e-01
7.364566624164581299e-02
-8.091977834701538086e-01
-6.035809516906738281e-01
1.062403678894042969e+00
-2.765744924545288086e-01
-2.066221386194229126e-01
-2.042848110198974609e+00
-4.219870865345001221e-01
-5.164895653724670410e-01
-2.458962053060531616e-01
-6.156840324401855469e-01
-3.051573038101196289e-01
-5.186725258827209473e-01
-4.433897435665130615e-01
-4.589796662330627441e-01
-9.052866101264953613e-01
-1.074964284896850586e+00
9.556713104248046875e-01
4.048830270767211914e-01
9.934422969818115234e-01
2.320605993270874023e+00
-2.213552474975585938e+00
1.041205286979675293e+00
-1.891848444938659668e-01
1.300935298204421997e-01
7.458661794662475586e-01
1.096435710787773132e-01
-4.908322989940643311e-01
-1.413757503032684326e-01
-4.048546850681304932e-01
1.237774610519409180e+00
1.151040077209472656e+00
5.411930680274963379e-01
-7.896401882171630859e-01
-1.002080202102661133e+00
-8.403577208518981934e-01
-1.156622886657714844e+00
-2.104239940643310547e+00
3.614734411239624023e-01
-1.633134335279464722e-01
-5.477124452590942383e-01
-6.391583681106567383e-01
9.900735616683959961e-01
7.676705718040466309e-01
1.114847302436828613e+00
-1.611244320869445801e+00
-1.303344607353210449e+00
-5.059344768524169922e-01
-2.192486047744750977e+00
-2.864142060279846191e-01
-7.379294931888580322e-02
6.577206254005432129e-01
-5.027288198471069336e-01
2.016700506210327148e-01
1.143025159835815430e+00
-2.092465907335281372e-01
-7.563152909278869629e-01
-4.140247106552124023e-01
4.575528800487518311e-01
-5.667911767959594727e-01
1.910541653633117676e-01
-1.210066676139831543e+00
1.411365985870361328e+00
-2.193016856908798218e-01
4.730802774429321289e-02
-7.655052542686462402e-01
-1.136389136314392090e+00
6.320843100547790527e-01
2.326372712850570679e-01
-3.627011775970458984e-01
-5.316218137741088867e-01
-1.203859686851501465e+00
3.498158156871795654e-01
-1.394587993621826172e+00
1.156231403350830078e+00
-2.339301258325576782e-02
-2.003936320543289185e-01
5.917809009552001953e-01
-9.617596268653869629e-01
-1.153935790061950684e+00
-1.289816498756408691e+00
7.452427595853805542e-02
-7.435346245765686035e-01
-6.928130239248275757e-02
5.122767388820648193e-02
1.117981076240539551e+00
-9.288160204887390137e-01
-1.368314743041992188e+00
-1.449481487274169922e+00
7.734476327896118164e-01
-2.030899047851562500e+00
-2.960292696952819824e-01
-1.635020017623901367e+00
3.424815237522125244e-01
7.691345810890197754e-01
-3.306413441896438599e-02
3.646409139037132263e-02
-1.487981796264648438e+00
4.997286498546600342e-01
1.315609693527221680e+00
-2.314258515834808350e-01
-2.896023273468017578e+00
-1.980636715888977051e-01
-1.083456203341484070e-01
-1.341821312904357910e+00
3.579580485820770264e-01
-8.955420851707458496e-01
4.561557769775390625e-01
-3.790242075920104980e-01
-2.598976492881774902e-01
-1.382115364074707031e+00
-1.106411125510931015e-02
-1.343139410018920898e+00
6.509909629821777344e-01
-4.456188976764678955e-01
1.468248963356018066e+00
-2.025525569915771484e+00
-9.572409391403198242e-01
1.682632446289062500e+00
1.435648918151855469e+00
3.866892307996749878e-02
-1.183519601821899414e+00
-2.166514635086059570e+00
4.084633290767669678e-01
-2.543748915195465088e-01
-1.196975827217102051e+00
6.043623685836791992e-01
5.765756368637084961e-01
1.003000020980834961e+00
2.427731305360794067e-01
3.310334682464599609e-01
-1.059595227241516113e+00
-3.332680761814117432e-01
-5.205904245376586914e-01
-1.158736869692802429e-01
-9.497817158699035645e-01
4.410348236560821533e-01
-8.169348239898681641e-01
6.546655893325805664e-01
-5.072389841079711914e-01
1.434682726860046387e+00
1.234425306320190430e+00
8.537663221359252930e-01
-7.034801840782165527e-01
-1.083893537521362305e+00
-7.796919941902160645e-01
2.846112728118896484e+00
2.522715628147125244e-01
1.033044695854187012e+00
-7.328293919563293457e-01
9.173614978790283203e-01
1.751094341278076172e+00
2.136261224746704102e+00
2.902682721614837646e-01
7.211161851882934570e-01
1.534539341926574707e+00
-1.528285503387451172e+00
7.226450443267822266e-01
5.915104746818542480e-01
-7.939755916595458984e-01
3.192160725593566895e-01
-4.917593300342559814e-01
-5.507624521851539612e-02
-1.184340268373489380e-01
-3.777312934398651123e-01
8.530261516571044922e-01
-8.327268809080123901e-02
-8.516090512275695801e-01
7.712996602058410645e-01
-1.623233437538146973e+00
-6.982680559158325195e-01
-4.429207444190979004e-01
-9.849459528923034668e-01
3.068865239620208740e-01
1.291852831840515137e+00
5.260150432586669922e-01
-4.054499566555023193e-01
-6.834917068481445312e-01
1.462752699851989746e+00
-7.097468972206115723e-01
3.007932938635349274e-02
1.131589889526367188e+00
1.020003199577331543e+00
-1.006166696548461914e+00
-9.335891008377075195e-01
6.489902734756469727e-01
1.021900296211242676e+00
5.673300027847290039e-01
7.370638102293014526e-02
-5.605170726776123047e-01
-5.701244808733463287e-03
3.690905272960662842e-01
-2.412403374910354614e-01
2.968499660491943359e-01
1.869641989469528198e-01
-1.355821967124938965e+00
1.094177722930908203e+00
-1.506146043539047241e-01
1.556885838508605957e+00
1.215540766716003418e+00
4.391953349113464355e-01
-8.943781256675720215e-03
-6.576837301254272461e-01
4.603150784969329834e-01
1.648405313491821289e+00
6.016843914985656738e-01
-3.000666759908199310e-02
-3.618855476379394531e-01
-1.070801019668579102e+00
1.237839221954345703e+00
2.579147219657897949e-01
1.616566538810729980e+00
-1.210544586181640625e+00
7.652885317802429199e-01
8.042122125625610352e-01
6.119847893714904785e-01
7.644395232200622559e-01
4.937554895877838135e-01
-1.616332292556762695e+00
-3.895569592714309692e-02
-4.986231923103332520e-01
2.539995908737182617e-01
2.048802852630615234e+00
7.486189249902963638e-03
-1.210542768239974976e-01
1.544227600097656250e+00
2.020222425460815430e+00
7.224212884902954102e-01
3.362930119037628174e-01
-8.665913939476013184e-01
-1.603947639465332031e+00
3.611911535263061523e-01
-1.695301234722137451e-01
9.859894216060638428e-02
-7.692296504974365234e-01
-5.540988445281982422e-01
3.192273154854774475e-02
5.510287284851074219e-01
1.091169238090515137e+00
1.069972634315490723e+00
1.309744417667388916e-01
1.241021990776062012e+00
3.251810073852539062e-01
9.211728572845458984e-01
-1.495079696178436279e-01
6.434814929962158203e-01
4.876129329204559326e-02
9.744219779968261719e-01
-6.629412770271301270e-01
-3.664189577102661133e-01
-4.837300181388854980e-01
1.235019445419311523e+00
-9.917794913053512573e-02
-7.212588191032409668e-02
4.114581346511840820e-01
-1.072082817554473877e-01
-9.962466955184936523e-01
5.985325574874877930e-01
-5.571424365043640137e-01
-3.639299571514129639e-01
-5.606394410133361816e-01
2.659678459167480469e+00
5.311079025268554688e-01
-3.920756746083498001e-03
-2.012820720672607422e+00
6.225570440292358398e-01
3.250447809696197510e-01
-1.302997916936874390e-01
4.340077638626098633e-01
-3.241680860519409180e-01
1.259013652801513672e+00
1.883181691169738770e+00
1.496882557868957520e+00
9.584382772445678711e-01
5.345741510391235352e-01
-1.071150183677673340e+00
-2.223107814788818359e+00
-4.227413237094879150e-01
-6.842975616455078125e-01
4.165022969245910645e-01
-5.636672377586364746e-01
-1.891569733619689941e+00
-4.324482083320617676e-01
2.061427593231201172e+00
-6.678836941719055176e-01
-1.766556352376937866e-01
-4.745751917362213135e-01
-1.227830052375793457e+00
-3.290043175220489502e-01
7.305851578712463379e-01
-2.517497241497039795e-01
4.988592863082885742e-01
-6.515185348689556122e-03
6.653298735618591309e-01
1.541420936584472656e+00
5.733175277709960938e-01
4.157522916793823242e-01
-3.850502148270606995e-02
-4.716838598251342773e-01
-5.262261033058166504e-01
3.330488801002502441e-01
2.020040452480316162e-01
-2.167140841484069824e-01
6.994914412498474121e-01
-2.217824012041091919e-01
-1.429674029350280762e-01
1.120075434446334839e-01
1.566468715667724609e+00
-6.019767001271247864e-02
-6.102376580238342285e-01
1.791379690170288086e+00
-7.407508492469787598e-01
-1.701200604438781738e+00
-8.750584125518798828e-01
-3.294083178043365479e-01
5.310174822807312012e-01
1.348311662673950195e+00
1.055891036987304688e+00
1.018322229385375977e+00
5.470491647720336914e-01
7.353290319442749023e-01
5.332994461059570312e-01
-2.931472063064575195e-01
-3.053955137729644775e-01
-3.273563385009765625e-01
-4.204596877098083496e-01
1.197193384170532227e+00
-8.956219255924224854e-02
1.043285608291625977e+00
1.017928719520568848e+00
2.191174983978271484e+00
-1.209987163543701172e+00
2.902615964412689209e-01
-6.437593102455139160e-01
2.298833131790161133e+00
-1.789905905723571777e+00
1.939972937107086182e-01
1.212929964065551758e+00
-5.167944431304931641e-01
-6.881501674652099609e-01
4.493084251880645752e-01
1.639153718948364258e+00
-3.229644894599914551e-01
-1.264513373374938965e+00
-7.539004683494567871e-01
-4.518417119979858398e-01
7.567390203475952148e-01
-7.228813171386718750e-01
1.376851648092269897e-02
1.833032369613647461e-01
-7.454655170440673828e-01
5.636921152472496033e-02
5.517097115516662598e-01
-1.108609318733215332e+00
-4.813845753669738770e-01
2.019425630569458008e+00
-1.209700465202331543e+00
6.559975743293762207e-01
-2.538908831775188446e-02
-3.967903554439544678e-02
1.151671111583709717e-01
-2.834013998508453369e-01
-9.643072485923767090e-01
5.784721672534942627e-02
-6.967675685882568359e-01
-5.088487863540649414e-01
-5.767341852188110352e-01
4.524894654750823975e-01
8.438799977302551270e-01
-5.689020156860351562e-01
-1.307763934135437012e+00
1.575044512748718262e+00
6.464041471481323242e-01
1.500678420066833496e+00
7.581428289413452148e-01
1.225380152463912964e-01
-5.919575691223144531e-01
5.426874160766601562e-01
-9.292208403348922729e-02
1.243804454803466797e+00
3.801456987857818604e-01
4.150754809379577637e-01
-5.996148660778999329e-02
1.012530684471130371e+00
4.777459502220153809e-01
-1.013707041740417480e+00
7.382947206497192383e-01
2.222461700439453125e-01
6.844047904014587402e-01
-6.144279986619949341e-02
-7.762693166732788086e-01
-3.384924232959747314e-01
-1.108387947082519531e+00
8.672720789909362793e-01
1.409841537475585938e+00
-9.193283319473266602e-01
5.622929930686950684e-01
-6.227276325225830078e-01
1.091710090637207031e+00
2.103010416030883789e+00
2.318090677261352539e+00
-8.975751996040344238e-01
3.761412203311920166e-01
1.859444499015808105e+00
1.115375518798828125e+00
-6.655983924865722656e-01
-1.845533490180969238e+00
-7.334388792514801025e-02
1.025312423706054688e+00
2.061988830566406250e+00
-2.301831722259521484e+00
1.063121080398559570e+00
2.057801187038421631e-01
-2.530897408723831177e-02
3.253991603851318359e-01
1.180849671363830566e-01
-7.792577892541885376e-02
-4.775325953960418701e-01
1.062246680259704590e+00
-7.895367741584777832e-01
-9.655059576034545898e-01
8.893936872482299805e-01
-4.435994029045104980e-01
-1.414819240570068359e+00
-8.504301309585571289e-01
2.898908853530883789e-01
-4.744406342506408691e-01
-4.865154027938842773e-01
2.540457434952259064e-02
6.517378687858581543e-01
4.401851892471313477e-01
7.570340633392333984e-01
-1.755565762519836426e+00
6.662932038307189941e-01
-2.104861587285995483e-01
-1.395527273416519165e-01
-1.996884584426879883e+00
1.803249239921569824e+00
7.834158539772033691e-01
6.940451264381408691e-01
4.709489941596984863e-01
1.146677255630493164e+00
1.680601835250854492e-01
1.897345930337905884e-01
-1.826334595680236816e+00
-1.918548703193664551e+00
5.296123027801513672e-01
-3.804624378681182861e-01
2.511616349220275879e-01
6.801779866218566895e-01
-1.298795789480209351e-01
3.071404397487640381e-01
8.690338730812072754e-01
6.640994548797607422e-01
6.344277262687683105e-01
1.121661305427551270e+00
2.557579576969146729e-01
-4.279472827911376953e-01
2.715856134891510010e-01
-1.238758921623229980e+00
7.914594411849975586e-01
6.144163385033607483e-02
-1.062085628509521484e+00
-6.290584802627563477e-02
9.730875492095947266e-01
-1.608321785926818848e+00
-1.299170374870300293e+00
-1.040934324264526367e-01
1.475794196128845215e+00
-6.136784553527832031e-01
-6.079551577568054199e-01
8.362214565277099609e-01
1.555005550384521484e+00
-3.090042062103748322e-02
2.256383419036865234e+00
-1.330653429031372070e+00
4.749810993671417236e-01
-1.281963467597961426e+00
-2.286521643400192261e-01
-3.634496927261352539e-01
-6.268041133880615234e-01
6.499962210655212402e-01
1.917006254196166992e+00
-4.230508208274841309e-01
6.631723046302795410e-01
5.048367977142333984e-01
-2.948061227798461914e-01
-1.042160868644714355e+00
-2.955862760543823242e+00
-1.242532730102539062e+00
1.828241199254989624e-01
-4.511667788028717041e-01
3.084629774093627930e-01
8.437145352363586426e-01
-4.768088161945343018e-01
1.066343426704406738e+00
3.620519638061523438e-01
-7.219469547271728516e-01
-2.971658408641815186e-01
-6.836593151092529297e-02
-1.848894357681274414e+00
-2.224753499031066895e-01
-2.998295128345489502e-01
-3.519377112388610840e-02
1.409294843673706055e+00
-4.688723012804985046e-02
4.538626074790954590e-01
-1.527207136154174805e+00
8.265007734298706055e-01
3.402802348136901855e-01
2.941225051879882812e+00
-9.372328519821166992e-01
-9.709998965263366699e-01
1.275048732757568359e+00
-1.697107851505279541e-01
-1.914481282234191895e+00
-5.211436748504638672e-01
-2.043834209442138672e+00
7.697156071662902832e-01
5.291809439659118652e-01
-1.655186414718627930e+00
-2.742859721183776855e-01
-3.672135472297668457e-01
-1.697601675987243652e+00
-8.770765662193298340e-01
1.179028987884521484e+00
1.194190979003906250e+00
-4.982851147651672363e-01
1.718048572540283203e+00
1.031493544578552246e-01
4.284508824348449707e-01
-3.545885384082794189e-01
-7.897139191627502441e-01
-4.355258345603942871e-01
7.944208383560180664e-01
-4.709470272064208984e-01
-5.113300085067749023e-01
6.096161901950836182e-02
-1.337505578994750977e+00
-1.621473670005798340e+00
8.662346005439758301e-01
8.605422973632812500e-01
-2.131339758634567261e-01
-1.412832736968994141e-01
5.986958146095275879e-01
-5.455169677734375000e-01
7.526785600930452347e-03
5.726465024054050446e-03
-9.411072134971618652e-01
7.855129241943359375e-01
1.295719265937805176e+00
-2.657448649406433105e-01
-1.437585711479187012e+00
-7.634854316711425781e-01
1.435989886522293091e-02
2.468698769807815552e-01
1.935083568096160889e-01
-1.451481878757476807e-02
-2.229160256683826447e-02
7.609104514122009277e-01
1.991943597793579102e+00
8.239303827285766602e-01
6.288211345672607422e-01
2.221054077148437500e+00
-9.390440583229064941e-01
3.493949398398399353e-02
4.694247841835021973e-01
-7.665927410125732422e-01
1.484802246093750000e+00
-8.222191333770751953e-01
6.682950258255004883e-01
1.075855568051338196e-01
-2.595227360725402832e-01
5.531448125839233398e-01
-1.147206068038940430e+00
9.115018844604492188e-01
8.875459432601928711e-01
-3.749978961423039436e-03
-6.787608861923217773e-01
-7.286695837974548340e-01
7.758551836013793945e-01
-7.710040807723999023e-01
-5.372638702392578125e-01
2.781511545181274414e+00
1.386391997337341309e+00
2.649017870426177979e-01
3.566369414329528809e-01
-1.133517026901245117e+00
1.661759972572326660e+00
