7.000070810317993164e-02
-6.467294096946716309e-01
-3.917163312435150146e-01
5.132559314370155334e-02
4.164300858974456787e-01
1.349669247865676880e-01
7.747882008552551270e-01
-3.055986762046813965e-01
-1.938477039337158203e+00
7.196795344352722168e-01
-4.529138803482055664e-01
3.813326656818389893e-01
-1.550333499908447266e+00
8.970764875411987305e-01
8.920193314552307129e-01
4.709856808185577393e-01
2.563908398151397705e-01
-9.577873945236206055e-01
4.594575464725494385e-01
-1.418643832206726074e+00
-7.762430310249328613e-01
1.710921049118041992e+00
-4.456218481063842773e-01
-5.139207839965820312e-01
-4.009186848998069763e-02
2.449520081281661987e-01
-1.688591092824935913e-01
-8.341165781021118164e-01
-1.960984468460083008e+00
-6.179675459861755371e-01
2.089513063430786133e+00
-4.760656356811523438e-01
-2.703709602355957031e-01
-2.052625566720962524e-01
7.991255521774291992e-01
-1.201813459396362305e+00
3.931611180305480957e-01
-1.190107703208923340e+00
2.045269727706909180e+00
8.234874010086059570e-01
-9.574940800666809082e-01
-7.912689447402954102e-01
6.058447360992431641e-01
-3.225220441818237305e-01
8.315916657447814941e-01
1.986330509185791016e+00
2.308553308248519897e-01
-5.652005076408386230e-01
-2.211191892623901367e+00
3.402054607868194580e-01
3.917234484106302261e-03
1.246764779090881348e+00
1.421373486518859863e+00
1.846965551376342773e-01
-4.741669297218322754e-01
2.520485639572143555e+00
-1.269472122192382812e+00
8.063106536865234375e-01
-9.542055130004882812e-01
4.706237912178039551e-01
1.030425906181335449e+00
-1.804337382316589355e+00
1.875546760857105255e-02
7.860217690467834473e-01
2.612250447273254395e-01
2.029878139495849609e+00
4.233487546443939209e-01
4.419668614864349365e-01
1.079850316047668457e+00
1.844837516546249390e-01
-1.281204074621200562e-01
3.373169600963592529e-01
1.078722715377807617e+00
1.908067613840103149e-01
1.083814740180969238e+00
-4.964581429958343506e-01
-7.114470005035400391e-01
-6.992123126983642578e-01
4.142402857542037964e-02
4.427169263362884521e-01
1.056868433952331543e-01
-6.007965803146362305e-01
-1.075377941131591797e+00
-5.637182593345642090e-01
-9.824274182319641113e-01
-4.083185791969299316e-01
3.745829164981842041e-01
1.416731595993041992e+00
2.191741317510604858e-01
-1.546041965484619141e+00
-5.392327308654785156e-01
4.187690317630767822e-01
1.279669165611267090e+00
-1.264404296875000000e+00
-2.127511501312255859e+00
1.724882125854492188e+00
1.910390257835388184e-01
-2.878157198429107666e-01
-6.412649750709533691e-01
2.127691507339477539e-01
8.463839888572692871e-01
-1.888408899307250977e+00
-3.382457733154296875e+00
-5.109378695487976074e-01
1.200811028480529785e+00
-1.219971776008605957e+00
-8.356637358665466309e-01
-1.084393501281738281e+00
-5.029425024986267090e-01
-3.856399357318878174e-01
2.841902375221252441e-01
-8.724015951156616211e-01
-3.817125856876373291e-01
9.463461637496948242e-01
-1.602559924125671387e+00
8.144566416740417480e-01
-4.450824558734893799e-01
-4.011264443397521973e-01
1.975228935480117798e-01
3.450466990470886230e-01
-1.644518077373504639e-01
-1.059039592742919922e+00
1.231295585632324219e+00
4.146585166454315186e-01
-5.648803114891052246e-01
-2.281191945075988770e-01
1.096827864646911621e+00
-2.529382705688476562e-01
7.663530707359313965e-01
-1.924255490303039551e-01
1.036548167467117310e-01
2.151517391204833984e+00
5.519513785839080811e-02
-3.298898935317993164e+00
6.161091923713684082e-01
9.829975366592407227e-01
-4.838944077491760254e-01
5.804840326309204102e-01
9.797540307044982910e-01
-1.354374885559082031e+00
-8.987739086151123047e-01
1.795423865318298340e+00
-4.762174785137176514e-01
-1.363698124885559082e+00
5.908693075180053711e-01
1.150073558092117310e-01
-1.641551613807678223e+00
9.986876845359802246e-01
-2.966426312923431396e-01
-6.693488359451293945e-01
5.359468460083007812e-01
-1.176007866859436035e+00
-9.928835034370422363e-01
1.705461025238037109e+00
5.975654125213623047e-01
1.138242363929748535e+00
1.213957071304321289e+00
8.137345314025878906e-01
-4.854169189929962158e-01
6.763660311698913574e-01
-1.285077810287475586e+00
-2.466964125633239746e-01
1.175723195075988770e+00
7.229886651039123535e-01
-1.010415077209472656e+00
-1.326084852218627930e+00
-3.745069205760955811e-01
-8.743893504142761230e-01
-1.284539103507995605e+00
-9.782486557960510254e-01
2.123388290405273438e+00
-9.403532743453979492e-02
1.813472747802734375e+00
2.371479511260986328e+00
1.133952498435974121e+00
-2.077281922101974487e-01
1.571992158889770508e+00
2.001239061355590820e+00
3.721928000450134277e-01
-1.792321562767028809e+00
-4.413626790046691895e-01
-1.435103297233581543e+00
2.386164814233779907e-01
1.205011680722236633e-01
-1.068128228187561035e+00
-1.159504055976867676e+00
-2.857894599437713623e-01
1.232851266860961914e+00
-8.561827540397644043e-01
3.847725689411163330e-01
9.559521824121475220e-02
1.383052349090576172e+00
-4.301043599843978882e-02
-3.194787204265594482e-01
-2.632954418659210205e-01
1.116753578186035156e+00
-7.244182825088500977e-01
-1.158720970153808594e+00
2.512445449829101562e-01
1.582591533660888672e-01
-7.702454328536987305e-01
2.093345642089843750e+00
-1.333339065313339233e-01
8.614279627799987793e-01
1.455031991004943848e+00
9.460974931716918945e-01
-1.522949337959289551e-01
-5.773378610610961914e-01
6.710812449455261230e-01
-3.956997692584991455e-01
-1.269173622131347656e-01
-1.368819236755371094e+00
-1.467756479978561401e-01
-1.182499527931213379e+00
1.599871516227722168e+00
-3.046920299530029297e-01
4.000726342201232910e-01
-7.811625599861145020e-01
-1.165713548660278320e+00
1.248803138732910156e+00
-1.263450503349304199e+00
-7.001780271530151367e-01
4.220122098922729492e-01
1.229132175445556641e+00
4.473457038402557373e-01
6.372263431549072266e-01
-1.351546049118041992e+00
-6.201947852969169617e-02
7.870017886161804199e-01
-4.663980901241302490e-01
9.156035184860229492e-01
-1.870324313640594482e-01
-4.222877025604248047e-01
-5.101144909858703613e-01
8.030006289482116699e-01
2.383924424648284912e-01
-1.694514870643615723e+00
1.802454113960266113e+00
-1.123861670494079590e+00
7.524945139884948730e-01
-1.127966403961181641e+00
2.575000524520874023e+00
-2.096912860870361328e+00
-1.939663052558898926e+00
-1.478231072425842285e+00
-5.514824390411376953e-01
3.480251505970954895e-02
-8.229640722274780273e-01
1.777860075235366821e-01
-1.775068640708923340e+00
-1.717366933822631836e+00
5.187035202980041504e-01
2.244032382965087891e+00
-1.311143994331359863e+00
-9.467219933867454529e-03
1.750871419906616211e+00
-3.334571421146392822e-01
6.574526429176330566e-01
6.230056881904602051e-01
-1.321625947952270508e+00
-2.228815406560897827e-01
-5.227581262588500977e-01
1.113487720489501953e+00
-2.403013706207275391e-01
-3.701576590538024902e-01
-3.893268061801791191e-03
3.763705193996429443e-01
-2.871633470058441162e-01
-2.104320079088211060e-01
-7.120776772499084473e-01
-7.162221670150756836e-01
4.243984818458557129e-02
-8.099901676177978516e-01
-4.847212433815002441e-01
-8.659682869911193848e-01
2.164307117462158203e+00
-1.190210461616516113e+00
7.398102879524230957e-01
-3.341827690601348877e-01
6.913968920707702637e-01
-8.285697102546691895e-01
5.763292908668518066e-01
-1.219296813011169434e+00
1.013338088989257812e+00
5.180648565292358398e-01
-1.422694325447082520e+00
-2.326070815324783325e-01
5.647052451968193054e-02
-4.560668766498565674e-01
-5.988397598266601562e-01
1.773268938064575195e+00
8.179084658622741699e-01
1.212915539741516113e+00
7.328803539276123047e-01
1.941493391990661621e+00
-5.274595618247985840e-01
9.379023313522338867e-01
8.074361681938171387e-01
6.641747951507568359e-01
1.304434537887573242e+00
-5.407961606979370117e-01
-7.372747659683227539e-01
4.501320794224739075e-02
2.136017829179763794e-01
-3.442683219909667969e-01
-1.028178811073303223e+00
1.913342237472534180e+00
-1.403997063636779785e+00
-1.438181519508361816e+00
-1.351536154747009277e+00
2.455298304557800293e-01
8.011818528175354004e-01
7.571070194244384766e-01
-7.716427445411682129e-01
4.669760763645172119e-01
-1.176374197006225586e+00
-3.688872158527374268e-01
1.359462380409240723e+00
-2.172558546066284180e+00
-2.199839651584625244e-01
-1.288823336362838745e-01
-6.496258378028869629e-01
-1.100760698318481445e+00
-2.035310745239257812e+00
8.888896554708480835e-02
-1.573763787746429443e-01
-1.039828062057495117e+00
4.134094715118408203e-01
-1.668753266334533691e+00
-6.272204518318176270e-01
1.499234080314636230e+00
1.285721421241760254e+00
-2.849680185317993164e-01
-1.201025694608688354e-01
4.775785207748413086e-01
-9.048395156860351562e-01
-8.694086670875549316e-01
-1.715284228324890137e+00
2.113986946642398834e-02
-9.373729228973388672e-01
-1.429884552955627441e+00
-2.805259823799133301e-02
-1.554062366485595703e-01
1.140827834606170654e-01
-6.521302461624145508e-01
-9.687855243682861328e-01
2.416359484195709229e-01
-8.172462582588195801e-01
-6.531532853841781616e-03
4.154749512672424316e-01
1.807933211326599121e+00
1.206175088882446289e+00
-8.686751723289489746e-01
-3.241208076477050781e+00
-4.581990838050842285e-01
-2.019953876733779907e-01
-2.079860210418701172e+00
6.407606005668640137e-01
-5.352633818984031677e-02
1.871632933616638184e-01
6.190732121467590332e-01
2.328311800956726074e-01
2.106078714132308960e-01
1.047812700271606445e+00
1.883791089057922363e-01
-7.278401851654052734e-01
6.095210909843444824e-01
-5.096389651298522949e-01
-3.090707063674926758e-01
5.277555584907531738e-01
1.436831355094909668e-01
-3.251651823520660400e-01
-1.172418355941772461e+00
-5.980801582336425781e-01
-5.648655295372009277e-01
1.044243454933166504e+00
1.870728135108947754e+00
1.434090971946716309e+00
1.911875963211059570e+00
-4.205613434314727783e-01
-1.051373124122619629e+00
-1.843438148498535156e-01
1.711864233016967773e+00
-1.971692591905593872e-02
-4.461235105991363525e-01
-1.094681262969970703e+00
1.108339548110961914e+00
4.594393670558929443e-01
-1.781109809875488281e+00
-4.636683166027069092e-01
-2.219498157501220703e+00
6.611204240471124649e-03
1.430502653121948242e+00
7.602475285530090332e-01
1.962932109832763672e+00
-4.988470077514648438e-01
1.415582776069641113e+00
1.405650615692138672e+00
-8.274559974670410156e-01
-6.062366813421249390e-02
-3.747894167900085449e-01
-5.396577119827270508e-01
-1.614687293767929077e-01
1.071546912193298340e+00
-1.482599377632141113e-01
-1.227781176567077637e+00
6.117909550666809082e-01
2.628168463706970215e-02
-9.403439760208129883e-01
-2.034292966127395630e-01
-1.573942422866821289e+00
7.121254503726959229e-02
-1.677828192710876465e+00
-1.617696285247802734e-01
-1.491648077964782715e+00
1.716849356889724731e-01
-2.120734155178070068e-01
-1.877565532922744751e-01
9.573996663093566895e-01
1.007132887840270996e+00
4.208829402923583984e-01
2.698837034404277802e-02
-1.140189394354820251e-01
1.495949029922485352e+00
-1.468484640121459961e+00
-9.759874939918518066e-01
-5.580028891563415527e-01
5.154739618301391602e-01
4.366006255149841309e-01
1.893581449985504150e-01
2.402151376008987427e-01
-8.449511528015136719e-01
1.846017539501190186e-01
-4.199433922767639160e-01
-4.101966619491577148e-01
5.450073480606079102e-01
2.158198118209838867e+00
-2.786560952663421631e-01
2.698171615600585938e+00
-1.117859631776809692e-01
8.073144555091857910e-01
4.606656357645988464e-02
-4.074456989765167236e-01
1.506345123052597046e-01
-1.622348666191101074e+00
-1.368432641029357910e+00
1.608889818191528320e+00
-1.926688194274902344e+00
-2.721771299839019775e-01
4.497301280498504639e-01
-9.355930089950561523e-01
3.421643674373626709e-01
2.038340806961059570e+00
8.469120860099792480e-01
-6.259307861328125000e-01
-8.347165584564208984e-01
-1.523997902870178223e+00
-1.633756011724472046e-01
-1.272081136703491211e+00
1.074497818946838379e+00
-1.399555802345275879e+00
9.339420199394226074e-01
1.038979768753051758e+00
-9.143586754798889160e-01
-9.872373342514038086e-01
4.735389649868011475e-01
1.512374639511108398e+00
1.217648148536682129e+00
3.262898325920104980e-02
-2.541093826293945312e+00
9.675902724266052246e-01
9.821953177452087402e-01
2.709543704986572266e-01
-7.298143506050109863e-01
-3.985798060894012451e-01
-1.394916892051696777e+00
5.158234238624572754e-01
-5.556769371032714844e-01
1.533095598220825195e+00
-7.412049770355224609e-01
-8.180871605873107910e-01
-1.143351554870605469e+00
-6.054481267929077148e-01
-4.953046739101409912e-01
6.447845697402954102e-01
6.948231458663940430e-01
4.508665576577186584e-02
4.091040492057800293e-01
1.605820536613464355e+00
6.609628796577453613e-01
9.143835902214050293e-01
-2.261328697204589844e-01
9.172847270965576172e-01
-2.778168618679046631e-01
1.174733161926269531e+00
1.477674365043640137e+00
-1.730196595191955566e+00
4.015188515186309814e-01
1.870594263076782227e+00
-7.180709242820739746e-01
-1.047881245613098145e+00
-1.005964994430541992e+00
-6.873864531517028809e-01
1.673546195030212402e+00
-2.364611864089965820e+00
6.083218455314636230e-01
2.109802961349487305e+00
9.658024907112121582e-01
2.144330501556396484e+00
2.240815907716751099e-01
-6.437894701957702637e-01
1.493714094161987305e+00
-4.670953750610351562e-01
-6.460272669792175293e-01
2.183270901441574097e-01
-9.476984739303588867e-01
1.340162158012390137e+00
1.608064770698547363e+00
3.600663840770721436e-01
2.133557051420211792e-01
3.019141554832458496e-01
-8.569824695587158203e-01
-5.198588967323303223e-01
-1.398733377456665039e+00
-6.168813705444335938e-01
-1.755241900682449341e-01
6.498651504516601562e-01
4.987424612045288086e-01
-6.900748014450073242e-01
4.732184708118438721e-01
-1.051492333412170410e+00
-1.358304500579833984e+00
-4.162185788154602051e-01
-6.949729919433593750e-01
-4.869928956031799316e-01
-8.700167387723922729e-02
-8.121479749679565430e-01
1.662705093622207642e-01
-1.192418098449707031e+00
1.934396922588348389e-01
-1.475461602210998535e+00
8.654401898384094238e-01
5.956465005874633789e-01
2.076311707496643066e-01
-3.079269230365753174e-01
-3.562370836734771729e-01
-1.154513478279113770e+00
1.373607873916625977e+00
7.721976637840270996e-01
-2.604055404663085938e-01
3.361929059028625488e-01
2.832568287849426270e-01
-5.868389457464218140e-02
1.561410546302795410e+00
9.932819604873657227e-01
-1.575735449790954590e+00
-2.224116325378417969e+00
-1.075295954942703247e-01
5.182409286499023438e-01
8.148564100265502930e-01
2.353097200393676758e-01
2.928209006786346436e-01
-7.754242420196533203e-01
-1.959004163742065430e+00
-2.151011705398559570e+00
-5.309101343154907227e-01
1.199976444244384766e+00
3.733524307608604431e-02
-8.065778762102127075e-03
2.001744985580444336e+00
-6.787745952606201172e-01
-3.594996929168701172e-01
1.726471185684204102e+00
1.536793470382690430e+00
9.267459511756896973e-01
5.409964323043823242e-01
1.181724309921264648e+00
5.444781184196472168e-01
-8.879864811897277832e-01
-5.809001922607421875e-01
-1.032880917191505432e-01
1.308853030204772949e+00
-7.241722941398620605e-01
-1.344248890876770020e+00
9.743764400482177734e-01
-1.735010862350463867e+00
1.929259896278381348e+00
2.080847471952438354e-01
4.032014608383178711e-01
-2.287780046463012695e+00
-5.989200472831726074e-01
1.824063211679458618e-01
-1.027890205383300781e+00
7.128778696060180664e-01
-9.617843478918075562e-02
-2.136302143335342407e-01
-1.503539681434631348e-01
-1.703946352005004883e+00
9.547777771949768066e-01
-1.918682932853698730e+00
-1.296923495829105377e-02
8.707389831542968750e-01
-5.330088734626770020e-01
-8.000172972679138184e-01
-1.443262338638305664e+00
2.275594323873519897e-02
4.121372997760772705e-01
-5.514003038406372070e-01
6.929938793182373047e-01
2.908480167388916016e-01
-9.782152771949768066e-01
-4.834644496440887451e-01
2.731668233871459961e+00
-3.864456415176391602e-01
7.730885744094848633e-01
-1.821079403162002563e-01
-3.038234710693359375e+00
-8.642690181732177734e-01
-6.816838979721069336e-01
-1.096489191055297852e+00
-4.324173331260681152e-01
2.315896153450012207e-01
-7.812395691871643066e-01
3.965457156300544739e-02
4.361720085144042969e-01
-5.215380787849426270e-01
-5.982701480388641357e-02
1.541147589683532715e+00
-1.389686346054077148e+00
-1.817130744457244873e-01
-6.091235876083374023e-01
3.020546913146972656e+00
1.718183159828186035e+00
5.473964810371398926e-01
-1.161004543304443359e+00
-9.529058337211608887e-01
1.693406462669372559e+00
-2.195300102233886719e+00
-8.181990981101989746e-01
-1.185444116592407227e+00
5.414273142814636230e-01
-1.103339433670043945e+00
-1.271317124366760254e+00
1.084974884986877441e+00
1.716114640235900879e+00
4.147958755493164062e-01
1.688487410545349121e+00
1.881490230560302734e+00
2.050901174545288086e+00
1.814277172088623047e+00
2.934394776821136475e-01
2.945377826690673828e-01
2.053420066833496094e+00
-1.635982394218444824e+00
1.719319581985473633e+00
7.308003306388854980e-01
-9.546061158180236816e-01
-1.102416515350341797e+00
-7.074306011199951172e-01
3.189606666564941406e-01
2.053870260715484619e-01
-5.799452662467956543e-01
-1.488506674766540527e+00
1.143647670745849609e+00
1.810516595840454102e+00
8.111671805381774902e-01
-9.685508012771606445e-01
-3.993116319179534912e-01
-1.585034847259521484e+00
2.562379650771617889e-02
4.681540653109550476e-02
-9.785843491554260254e-01
4.667336344718933105e-01
-6.284931302070617676e-01
-1.391096353530883789e+00
1.510732769966125488e-01
1.010231733322143555e+00
-2.019870042800903320e+00
-1.388242244720458984e-01
1.119648814201354980e+00
-1.317637681961059570e+00
4.919907748699188232e-01
5.494862198829650879e-01
-1.718804121017456055e+00
6.500747203826904297e-01
1.606396794319152832e+00
9.952090978622436523e-01
-8.352321982383728027e-01
3.570023775100708008e-01
-1.183736920356750488e-01
-1.320052742958068848e+00
-4.994210302829742432e-01
-1.092987537384033203e+00
5.740651488304138184e-01
1.221861124038696289e+00
-5.900970697402954102e-01
6.697659492492675781e-01
1.279821753501892090e+00
-2.103292346000671387e-01
-1.497168421745300293e+00
1.403902411460876465e+00
2.011094570159912109e+00
5.371100902557373047e-01
1.221319913864135742e+00
-5.581955909729003906e-01
7.249730229377746582e-01
-7.062124013900756836e-01
-9.517437219619750977e-01
1.335602521896362305e+00
-9.528193622827529907e-02
1.274049758911132812e+00
-2.333374768495559692e-01
1.608097702264785767e-01
1.136648058891296387e+00
-2.181312084197998047e+00
3.413417637348175049e-01
1.265187501907348633e+00
2.703754425048828125e+00
-8.914846181869506836e-01
-3.268796205520629883e-01
-2.680420875549316406e+00
1.304545998573303223e+00
-2.258015871047973633e+00
3.139458298683166504e-01
5.392553210258483887e-01
-4.605449736118316650e-01
-3.875752687454223633e-01
1.244214653968811035e+00
3.130548894405364990e-01
4.744550883769989014e-01
2.850860357284545898e+00
-3.638913035392761230e-01
2.126973152160644531e+00
-1.427354961633682251e-01
9.102445840835571289e-01
-8.344777822494506836e-01
-2.769339680671691895e-01
1.466362476348876953e+00
-8.988637924194335938e-01
1.125276565551757812e+00
-9.842391014099121094e-01
-9.966287612915039062e-01
-1.005178928375244141e+00
-2.363282591104507446e-01
1.229155302047729492e+00
8.859293535351753235e-03
7.940273880958557129e-01
-3.756695091724395752e-01
-1.559219837188720703e+00
-1.824111938476562500e+00
8.547700047492980957e-01
6.306324005126953125e-01
-1.047901034355163574e+00
7.826430797576904297e-01
-1.424493938684463501e-01
1.138389408588409424e-01
8.486474156379699707e-01
-2.166936993598937988e-01
-3.437534868717193604e-01
1.949383020401000977e+00
2.914583683013916016e-01
-1.126536488533020020e+00
-9.758251309394836426e-01
2.179729938507080078e-01
1.188544988632202148e+00
7.717784643173217773e-01
-2.347244322299957275e-01
-3.680350631475448608e-02
-1.478586792945861816e+00
-1.653603792190551758e+00
-2.474497258663177490e-01
-1.064417958259582520e+00
9.808650612831115723e-01
-2.016414642333984375e+00
-5.390067696571350098e-01
-5.407616496086120605e-01
1.180259108543395996e+00
-1.753729104995727539e+00
6.880915760993957520e-01
-5.601519942283630371e-01
3.523036837577819824e-01
-2.954070568084716797e-01
-1.893205195665359497e-01
6.777814030647277832e-01
-1.073797106742858887e+00
1.371718406677246094e+00
-1.104396581649780273e+00
1.659795880317687988e+00
3.520077764987945557e-01
2.000617265701293945e+00
-7.401872873306274414e-01
9.212959408760070801e-01
2.309845447540283203e+00
8.163066208362579346e-02
3.262278437614440918e-01
1.075172185897827148e+00
4.559803605079650879e-01
-2.384721040725708008e+00
9.545200318098068237e-02
1.342552065849304199e+00
