8.586999773979187012e-01
4.609795212745666504e-01
-1.682446718215942383e+00
-6.260004043579101562e-01
7.730899453163146973e-01
-7.680130004882812500e-01
9.344022274017333984e-01
-2.691598236560821533e-01
-2.074893116950988770e-01
4.773124456405639648e-01
9.733716249465942383e-01
-3.268192708492279053e-01
1.201818823814392090e+00
7.449964433908462524e-02
4.786526560783386230e-01
5.337737202644348145e-01
-4.342958927154541016e-01
2.926070243120193481e-02
4.201378673315048218e-02
4.664146006107330322e-01
6.780649423599243164e-01
1.713234901428222656e+00
6.226008534431457520e-01
1.013447523117065430e+00
5.950034856796264648e-01
5.185201764106750488e-01
-1.728427559137344360e-01
4.420565366744995117e-01
-1.131320834159851074e+00
-1.494026780128479004e+00
-4.129901528358459473e-01
9.898556768894195557e-02
1.897243976593017578e+00
2.046982765197753906e+00
-6.934757232666015625e-01
1.207602381706237793e+00
-4.838113486766815186e-01
-1.489751935005187988e+00
-1.969690993428230286e-02
9.834857583045959473e-01
-4.157583415508270264e-01
1.504960417747497559e+00
6.133114695549011230e-01
-5.184746980667114258e-01
1.000734567642211914e+00
2.320036441087722778e-01
3.516539335250854492e-01
-4.812961220741271973e-01
-1.765124946832656860e-01
1.324635624885559082e+00
7.679175734519958496e-01
1.222949624061584473e+00
-1.336526721715927124e-01
6.035677194595336914e-01
-6.856823563575744629e-01
1.946207404136657715e+00
1.807870715856552124e-01
-9.852254986763000488e-01
-9.268447160720825195e-01
-2.729877233505249023e-01
1.854926705360412598e+00
1.621263474225997925e-01
-4.968587160110473633e-01
-4.486634135246276855e-01
-3.255699574947357178e-01
1.401767492294311523e+00
-9.888460636138916016e-01
-1.816361904144287109e+00
-1.418089985847473145e+00
3.020132184028625488e-01
-1.080855965614318848e+00
2.068245887756347656e+00
-1.830960661172866821e-01
-1.343550443649291992e+00
8.408241271972656250e-01
-5.094441771507263184e-01
-7.636120915412902832e-01
-3.854008615016937256e-01
-1.437571883201599121e+00
8.255894184112548828e-01
4.706929028034210205e-01
-1.034856557846069336e+00
-2.794655084609985352e+00
2.909895777702331543e-01
1.175901532173156738e+00
-4.599058330059051514e-01
-1.138854101300239563e-01
5.003860592842102051e-01
1.541333198547363281e+00
1.014829397201538086e+00
5.683175325393676758e-01
-1.120406270027160645e+00
-3.467096984386444092e-01
-3.960133492946624756e-01
-3.398658037185668945e-01
6.325139999389648438e-01
9.767425656318664551e-01
5.620038509368896484e-01
1.416404843330383301e+00
-1.875654757022857666e-01
-7.733634710311889648e-01
-5.579372644424438477e-01
-1.085847020149230957e+00
-1.631277441978454590e+00
1.725768208503723145e+00
-5.643408298492431641e-01
-1.657118678092956543e+00
5.687242746353149414e-02
-1.164888024330139160e+00
-2.158049345016479492e-01
-1.090312600135803223e+00
-3.557459115982055664e-01
5.930731296539306641e-01
-3.444633483886718750e-01
9.831783771514892578e-01
-3.700471818447113037e-01
-1.499404430389404297e+00
4.486075043678283691e-01
1.128968358039855957e+00
3.453844189643859863e-01
1.149810478091239929e-01
1.097503006458282471e-01
5.222241282463073730e-01
-2.148417085409164429e-01
6.971741914749145508e-01
-1.249227881431579590e+00
-6.806547641754150391e-01
1.162235066294670105e-01
-6.443367004394531250e-01
-3.529037237167358398e-01
-1.169160962104797363e+00
-2.183103263378143311e-01
1.027732968330383301e+00
4.462296962738037109e-01
5.756394267082214355e-01
-3.152906179428100586e+00
-5.933157205581665039e-01
4.255508482456207275e-01
6.949396133422851562e-01
-1.347408652305603027e+00
5.533310174942016602e-01
-4.627681672573089600e-01
5.761328935623168945e-01
-2.328403711318969727e+00
-1.832720518112182617e+00
1.652503728866577148e+00
-7.671324610710144043e-01
-2.673963308334350586e+00
-4.279907643795013428e-01
-1.214233756065368652e+00
-1.227982878684997559e+00
5.860891938209533691e-01
1.006264925003051758e+00
-1.653760433197021484e+00
-9.815269708633422852e-01
-1.472614854574203491e-01
-8.116553425788879395e-01
1.048646450042724609e+00
-1.318589925765991211e+00
4.482063055038452148e-01
-3.578160703182220459e-02
2.114593982696533203e+00
-3.293486237525939941e-01
-4.061623811721801758e-01
5.998142063617706299e-02
6.117830872535705566e-01
-7.021996378898620605e-01
-3.821098208427429199e-01
5.944322943687438965e-01
4.769408702850341797e-01
5.336007475852966309e-01
-4.514653384685516357e-01
-9.523159861564636230e-01
2.479331344366073608e-01
-2.907383441925048828e-01
-3.476206064224243164e-01
-1.052529141306877136e-01
2.148451209068298340e-01
-7.938668727874755859e-01
2.535444259643554688e+00
-9.756476283073425293e-01
3.446048498153686523e-01
-4.666401445865631104e-01
-8.032663464546203613e-01
-1.953768134117126465e+00
-7.773713469505310059e-01
-1.151728034019470215e+00
-1.568742036819458008e+00
-5.528714060783386230e-01
-1.220113873481750488e+00
8.759301900863647461e-01
-2.787907421588897705e-01
-7.294089198112487793e-01
4.351353645324707031e-02
5.131365060806274414e-01
-1.362422943115234375e+00
2.991282343864440918e-01
5.900461077690124512e-01
-2.698048949241638184e-01
-6.228288412094116211e-01
4.526305496692657471e-01
9.917323589324951172e-01
4.446346461772918701e-01
-1.150810003280639648e+00
-8.077085018157958984e-01
5.172335505485534668e-01
8.749594092369079590e-01
3.755612969398498535e-01
1.771015167236328125e+00
-1.427335143089294434e+00
2.995343208312988281e-01
-1.225546598434448242e+00
1.340630173683166504e+00
1.630976200103759766e+00
-1.436492323875427246e+00
1.432269454002380371e+00
-8.907071948051452637e-01
1.172924879938364029e-03
-1.354366898536682129e+00
1.256624907255172729e-01
-4.275617301464080811e-01
7.843171358108520508e-01
-5.542498826980590820e-01
-2.452803254127502441e-01
-4.679217934608459473e-01
-2.875523567199707031e-01
5.751401185989379883e-01
-5.752997398376464844e-01
-7.381128668785095215e-01
-5.474362969398498535e-01
-2.447469830513000488e-01
8.084596991539001465e-01
-2.334758043289184570e-01
-2.095948159694671631e-01
4.402278363704681396e-01
1.110446691513061523e+00
1.099601313471794128e-01
-1.802160382270812988e+00
2.035862058401107788e-01
2.221036434173583984e+00
-7.118824720382690430e-01
-3.429002761840820312e-01
1.469767928123474121e+00
-1.198898315429687500e+00
-1.857058405876159668e+00
-3.937836363911628723e-02
1.836056351661682129e+00
-1.471427083015441895e-01
-7.641549706459045410e-01
-7.068012654781341553e-02
-6.837567090988159180e-01
9.597249627113342285e-01
-1.700141429901123047e-01
1.435672491788864136e-02
-9.217780828475952148e-02
1.065750598907470703e+00
-1.792892231605947018e-03
5.028589963912963867e-01
-1.815598487854003906e+00
-8.705571293830871582e-01
4.539018571376800537e-01
-1.230755209922790527e+00
2.088874340057373047e+00
-1.118116259574890137e+00
2.225637137889862061e-01
-4.626998007297515869e-01
-1.700331449508666992e+00
-2.442742109298706055e+00
1.256300359964370728e-01
-2.418868064880371094e+00
-4.900944232940673828e-01
-2.059924453496932983e-01
1.157342553138732910e+00
-1.540045440196990967e-01
7.763739228248596191e-01
-6.498305797576904297e-01
1.281218044459819794e-02
-9.438311681151390076e-03
1.723159790039062500e+00
2.924452349543571472e-02
1.667316198348999023e+00
3.141081333160400391e-02
-2.394821643829345703e+00
3.485555052757263184e-01
-1.216061472892761230e+00
-1.777424931526184082e+00
1.176235675811767578e+00
6.384565234184265137e-01
-7.849014401435852051e-01
1.056696653366088867e+00
-1.372370719909667969e-01
4.716466739773750305e-02
6.327477693557739258e-01
9.816989898681640625e-01
-5.861003398895263672e-01
-2.678497314453125000e+00
4.754767194390296936e-02
-2.496905803680419922e+00
9.560378789901733398e-01
-1.374550312757492065e-01
4.143493771553039551e-01
6.184511184692382812e-01
7.126011699438095093e-02
-3.720475435256958008e-01
1.187535300850868225e-01
-2.003234863281250000e+00
6.988111734390258789e-01
-5.011957287788391113e-01
-8.384879678487777710e-02
-4.101585224270820618e-02
-3.344199061393737793e-01
5.310064554214477539e-01
3.313953429460525513e-02
3.251579701900482178e-01
-2.046712636947631836e+00
7.035869359970092773e-01
-2.011122941970825195e+00
1.354185700416564941e+00
1.645011305809020996e-01
-1.836269646883010864e-01
6.498724967241287231e-02
4.429354071617126465e-01
3.696260154247283936e-01
6.970490813255310059e-01
-3.136231303215026855e-01
9.258118867874145508e-01
-1.124671697616577148e+00
1.696440577507019043e-01
1.705137610435485840e+00
-2.683618068695068359e+00
-9.814843535423278809e-01
-8.830551505088806152e-01
-3.431628644466400146e-02
-1.415308713912963867e-01
8.993975818157196045e-03
1.134262010455131531e-01
-1.684517860412597656e-01
-2.306329488754272461e+00
3.575512021780014038e-02
5.672849416732788086e-01
-8.812217116355895996e-01
1.610779881477355957e+00
-7.098797559738159180e-01
-2.262899637222290039e+00
-2.902569472789764404e-01
-1.698167085647583008e+00
-2.513130903244018555e-01
-1.177082061767578125e+00
-2.575981616973876953e-01
7.733738422393798828e-01
5.500954985618591309e-01
-1.231795072555541992e+00
1.344235181808471680e+00
1.900249242782592773e+00
5.954563021659851074e-01
1.398778676986694336e+00
-1.277993798255920410e+00
3.392197191715240479e-03
-3.097793757915496826e-01
-7.748911976814270020e-01
-5.340029597282409668e-01
-4.883180856704711914e-01
-8.976442366838455200e-02
7.572371363639831543e-01
3.484691679477691650e-01
-5.511309504508972168e-01
7.837913036346435547e-01
-1.835810244083404541e-01
-1.086015701293945312e+00
-1.282029032707214355e+00
-8.142517805099487305e-01
-1.442425966262817383e+00
8.300064802169799805e-01
1.995399355888366699e+00
6.069082394242286682e-02
-1.311946749687194824e+00
-1.500245571136474609e+00
-6.334219574928283691e-01
-1.486848592758178711e+00
1.148256182670593262e+00
5.433990359306335449e-01
3.864032626152038574e-01
1.037394642829895020e+00
-1.865268945693969727e+00
6.310668587684631348e-02
5.829708576202392578e-01
-1.915157914161682129e+00
4.552869796752929688e-01
-8.816235065460205078e-01
-1.377505362033843994e-01
3.205768465995788574e-01
-6.855815649032592773e-01
-4.819268286228179932e-01
-2.505345344543457031e-01
5.500167012214660645e-01
-7.810490727424621582e-01
-3.116089820861816406e+00
1.764157652854919434e+00
2.420179545879364014e-01
1.783834934234619141e+00
3.930878043174743652e-01
-9.637588858604431152e-01
-3.782794177532196045e-01
-1.022252440452575684e+00
-3.747273683547973633e-01
1.085967049002647400e-01
1.536426097154617310e-01
-9.104926586151123047e-01
8.172048628330230713e-02
3.165241777896881104e-01
-1.169687062501907349e-01
1.582351326942443848e-01
1.455638766288757324e+00
2.799325287342071533e-01
-1.009698510169982910e+00
-4.168875217437744141e-01
2.831180989742279053e-01
9.125411510467529297e-01
-2.265334576368331909e-01
-1.685512065887451172e+00
2.375319004058837891e+00
5.387715101242065430e-01
1.380915284156799316e+00
-3.930044472217559814e-01
1.248229622840881348e+00
-6.948152780532836914e-01
-4.465663135051727295e-01
5.700950026512145996e-01
-7.497529387474060059e-01
1.075042009353637695e+00
1.021136403083801270e+00
4.696514606475830078e-01
-5.641281604766845703e-01
-4.432850480079650879e-01
-3.056867420673370361e-01
1.059705376625061035e+00
-8.170480728149414062e-01
1.309502720832824707e+00
3.094709664583206177e-02
1.037035956978797913e-01
-4.119440913200378418e-02
-1.835432499647140503e-01
-5.805444717407226562e-01
-4.159547984600067139e-01
-7.386569380760192871e-01
2.205597162246704102e-01
-7.358178496360778809e-01
-1.674292087554931641e+00
3.028657436370849609e-01
-7.013001441955566406e-01
5.670935511589050293e-01
1.198085546493530273e+00
6.488291025161743164e-01
1.852227449417114258e-01
1.298653960227966309e+00
7.728367298841476440e-02
-1.865543365478515625e+00
1.339860260486602783e-02
-1.046610713005065918e+00
-4.631492793560028076e-01
-4.338690936565399170e-01
2.831955254077911377e-01
-8.122985959053039551e-01
1.805967986583709717e-01
4.468289911746978760e-01
-2.165893465280532837e-01
1.196367025375366211e+00
-4.475941061973571777e-01
1.470042347908020020e+00
1.600871682167053223e+00
2.972047962248325348e-02
1.094662308692932129e+00
4.626006782054901123e-01
9.506371617317199707e-01
5.457853674888610840e-01
-3.298729360103607178e-01
9.356111288070678711e-01
-2.246833801269531250e+00
-1.190917372703552246e+00
-1.946509256958961487e-02
5.483480170369148254e-03
-8.330053091049194336e-01
8.125276565551757812e-01
-5.854235887527465820e-01
1.102116942405700684e+00
7.471458911895751953e-01
-2.706246376037597656e-01
-1.261477947235107422e+00
8.111929893493652344e-01
1.113924622535705566e+00
1.308946371078491211e+00
-2.581006288528442383e-01
3.275530636310577393e-01
-1.924651861190795898e+00
-4.479419440031051636e-02
9.710636734962463379e-02
2.314729392528533936e-01
-2.070206403732299805e+00
-2.111139297485351562e+00
-4.050930142402648926e-01
9.395089149475097656e-01
7.783579081296920776e-02
1.912021398544311523e+00
-4.571129754185676575e-02
1.580418050289154053e-01
-4.210339188575744629e-01
-1.975989341735839844e-01
-6.771956682205200195e-01
4.543032050132751465e-01
-2.312475889921188354e-01
3.952843546867370605e-01
1.838642716407775879e+00
2.010609626770019531e+00
4.419625103473663330e-01
-1.482432603836059570e+00
-3.861667811870574951e-01
5.161049962043762207e-01
-1.824463009834289551e-01
7.846518158912658691e-01
-3.514791727066040039e-01
-3.912858366966247559e-01
-8.991433978080749512e-01
4.436891898512840271e-02
-4.297741651535034180e-01
1.507276654243469238e+00
4.543852508068084717e-01
-4.043392837047576904e-01
-1.139873266220092773e+00
-1.258727192878723145e+00
-5.092590451240539551e-01
-2.426301002502441406e+00
-1.430215537548065186e-01
-9.082434773445129395e-01
-2.038084030151367188e+00
9.311891198158264160e-01
2.476281523704528809e-01
-1.230490803718566895e+00
6.608079075813293457e-01
1.108753904700279236e-01
7.824404239654541016e-01
-1.053190350532531738e+00
7.286674380302429199e-01
1.343537092208862305e+00
1.328495621681213379e+00
1.825158834457397461e+00
3.874055147171020508e-01
6.357666254043579102e-01
2.829283848404884338e-02
-5.624885559082031250e-01
-1.860690116882324219e-01
2.107222080230712891e-01
-6.681624054908752441e-01
-1.814731657505035400e-01
-3.371390998363494873e-01
1.136553213000297546e-01
-4.074825048446655273e-01
-3.534391224384307861e-01
-1.262326002120971680e+00
2.118131667375564575e-01
-1.667764425277709961e+00
3.562427461147308350e-01
1.301303029060363770e+00
1.197595819830894470e-01
1.248137235641479492e+00
1.716490149497985840e+00
-6.938452720642089844e-01
-1.885729283094406128e-01
2.746260464191436768e-01
7.607498764991760254e-01
3.518020510673522949e-01
-2.157892435789108276e-01
-2.006155252456665039e+00
3.418980166316032410e-02
-9.718954563140869141e-01
1.468468070030212402e+00
6.911993622779846191e-01
-2.231520116329193115e-01
1.391180306673049927e-01
-2.181494981050491333e-01
-2.845310568809509277e-01
1.055616617202758789e+00
3.530583083629608154e-01
-4.374198988080024719e-02
2.727785706520080566e-01
1.291245222091674805e+00
3.301850557327270508e-01
7.792442440986633301e-01
-3.687646090984344482e-01
-8.010622262954711914e-01
-1.224611759185791016e+00
1.165252447128295898e+00
-1.420616060495376587e-01
6.392318010330200195e-01
8.513132333755493164e-01
6.082534790039062500e-01
1.783562779426574707e+00
-3.443217277526855469e-02
1.674546450376510620e-01
7.318341135978698730e-01
8.516547083854675293e-01
9.426760077476501465e-01
1.550011038780212402e+00
-3.897148966789245605e-01
-1.580706834793090820e+00
-1.433217048645019531e+00
1.008712410926818848e+00
-8.159115314483642578e-01
-1.655047386884689331e-01
-4.231464564800262451e-01
-2.131696701049804688e+00
-3.852108716964721680e-01
8.274114727973937988e-01
1.731508612632751465e+00
-3.817357420921325684e-01
1.013141870498657227e+00
-9.127724170684814453e-01
-2.170194089412689209e-01
-1.284115165472030640e-01
-2.033040046691894531e+00
-5.104605555534362793e-01
-4.724586308002471924e-01
1.049119114875793457e+00
-5.541405826807022095e-02
-7.394875884056091309e-01
2.767751812934875488e-01
3.433190882205963135e-01
-1.344388276338577271e-01
7.116182446479797363e-01
-8.743184208869934082e-01
-6.137734651565551758e-01
6.199184805154800415e-03
2.169082760810852051e-01
-6.517599821090698242e-01
1.656162619590759277e+00
6.945003867149353027e-01
9.222234785556793213e-02
-6.859695315361022949e-01
1.558900475502014160e-01
8.736032843589782715e-01
5.459900498390197754e-01
-2.623723745346069336e-01
2.057355165481567383e+00
-1.135492682456970215e+00
2.226858288049697876e-01
1.535030603408813477e+00
1.211706846952438354e-01
6.267822980880737305e-01
-3.724165856838226318e-01
-2.710869014263153076e-01
-1.736625730991363525e-01
-3.339671194553375244e-01
-1.699714779853820801e+00
1.650965511798858643e-01
2.493312507867813110e-01
9.824978113174438477e-01
-1.209247469902038574e+00
2.194173336029052734e+00
-6.480492949485778809e-01
-1.316115856170654297e-01
1.994725346565246582e+00
8.499458432197570801e-02
8.354171514511108398e-01
-3.978881835937500000e-01
-6.945257186889648438e-01
8.506754040718078613e-01
6.776674389839172363e-01
5.681623220443725586e-01
-1.024764657020568848e+00
-1.369951367378234863e+00
-2.546773433685302734e+00
-3.613596558570861816e-01
2.769590020179748535e-01
-9.542051553726196289e-01
1.269371628761291504e+00
-3.166626766324043274e-02
1.434551119804382324e+00
-1.391663789749145508e+00
-1.028019666671752930e+00
-3.255521357059478760e-01
-4.009023904800415039e-01
5.743163824081420898e-01
-4.204308390617370605e-01
5.389947891235351562e-01
-1.491852253675460815e-01
-1.020419478416442871e+00
1.880738854408264160e+00
-7.401682138442993164e-01
-1.000182628631591797e+00
-7.906109094619750977e-01
-5.917220115661621094e-01
7.599937263876199722e-03
-1.787783026695251465e+00
-1.923121362924575806e-01
1.704032778739929199e+00
1.327567696571350098e-01
-6.254824995994567871e-01
-1.864372372627258301e+00
2.806339263916015625e-01
-1.991353631019592285e+00
-1.150274395942687988e+00
-7.324318289756774902e-01
-7.046608924865722656e-01
5.926972627639770508e-01
-1.488959696143865585e-02
-1.024387497454881668e-02
-2.106253862380981445e+00
-5.839372873306274414e-01
-6.398986577987670898e-01
1.608949422836303711e+00
-7.867721840739250183e-03
2.310570925474166870e-01
-7.562909126281738281e-01
2.593518607318401337e-02
-9.593627452850341797e-01
2.974771261215209961e-01
3.338656723499298096e-01
1.035408139228820801e+00
2.970612645149230957e-01
-3.437127172946929932e-01
5.670346617698669434e-01
1.528065562248229980e+00
-1.907637476921081543e+00
-1.292524039745330811e-01
5.505634546279907227e-01
2.449188679456710815e-01
6.647218465805053711e-01
-7.569774389266967773e-01
6.655272841453552246e-01
3.305284678936004639e-01
-1.090568423271179199e+00
-1.280619978904724121e+00
-3.780073821544647217e-01
-8.035980463027954102e-01
-6.340355873107910156e-01
9.124211072921752930e-01
-5.113578438758850098e-01
-1.171380043029785156e+00
-5.237187147140502930e-01
-8.885134458541870117e-01
-4.325844049453735352e-01
-5.499303340911865234e-02
-5.862306952476501465e-01
2.269119739532470703e+00
2.284705936908721924e-01
-2.206331253051757812e+00
-3.866969943046569824e-01
-5.313950404524803162e-02
5.224338173866271973e-01
-1.223221659660339355e+00
-1.571523427963256836e+00
8.972863554954528809e-01
-9.728602766990661621e-01
5.004850029945373535e-01
1.520091295242309570e-01
-4.922526180744171143e-01
1.175868391990661621e+00
1.955012679100036621e+00
4.054155945777893066e-01
-1.012631893157958984e+00
-1.837412565946578979e-01
3.337754309177398682e-01
6.620976924896240234e-01
-5.214143395423889160e-01
4.801192879676818848e-01
5.841190814971923828e-01
1.142238140106201172e+00
1.124587535858154297e+00
-2.645394206047058105e-01
1.555556893348693848e+00
1.851087450981140137e+00
5.501409769058227539e-01
-1.054166436195373535e+00
3.777634799480438232e-01
-1.911593198776245117e+00
2.177170366048812866e-01
-1.400305151939392090e+00
-6.754226684570312500e-01
-3.882483839988708496e-01
-6.736162304878234863e-01
6.439971327781677246e-01
-2.022215127944946289e+00
1.107168719172477722e-01
-6.289905309677124023e-02
-2.351210355758666992e+00
7.958744764328002930e-01
7.271168231964111328e-01
7.092869281768798828e-01
-5.379808545112609863e-01
1.376038342714309692e-01
-7.743406891822814941e-01
-3.525280207395553589e-02
-2.403624057769775391e+00
1.577717661857604980e-01
1.729071736335754395e+00
3.985517099499702454e-02
6.524201631546020508e-01
2.400217019021511078e-02
7.420985698699951172e-01
1.295118212699890137e+00
7.714439034461975098e-01
