1.241482570767402649e-01
7.706679701805114746e-01
-2.377868294715881348e-01
5.079134702682495117e-01
-1.047297596931457520e+00
4.738231599330902100e-01
-5.933588743209838867e-01
1.549112498760223389e-01
7.258833050727844238e-01
9.899357557296752930e-01
-1.752352863550186157e-01
-3.268069028854370117e-01
-6.410984396934509277e-01
-1.422657221555709839e-01
-5.470010638236999512e-01
7.921762466430664062e-01
-3.208196163177490234e+00
-4.834548830986022949e-01
-9.114865660667419434e-01
-2.713763415813446045e-01
-1.589619040489196777e+00
-4.391136462800204754e-04
4.750741720199584961e-01
3.780748546123504639e-01
1.826903104782104492e+00
-1.438685506582260132e-01
-1.585559695959091187e-01
-7.384645342826843262e-01
3.536317497491836548e-02
2.406539618968963623e-01
7.422023415565490723e-01
-2.685897648334503174e-01
5.842890143394470215e-01
-2.465700387954711914e+00
-5.399654507637023926e-01
-1.451590061187744141e-01
3.954820930957794189e-01
-8.409564495086669922e-01
2.810082674026489258e+00
-3.290058076381683350e-01
-1.578721880912780762e+00
1.167154759168624878e-01
-2.407772243022918701e-01
9.722833633422851562e-01
-1.875436753034591675e-01
8.582372963428497314e-02
-7.318686842918395996e-01
1.454839348793029785e+00
6.673487424850463867e-01
7.837749123573303223e-01
-6.467509865760803223e-01
1.292607903480529785e+00
2.590716779232025146e-01
-4.335671663284301758e-02
3.006899058818817139e-01
-3.064955174922943115e-01
-1.066291093826293945e+00
-7.370131015777587891e-01
5.450634956359863281e-01
4.592626690864562988e-01
-1.068024802953004837e-02
6.312742829322814941e-01
-4.317557811737060547e-01
-4.850951135158538818e-01
6.674818694591522217e-02
2.763181924819946289e+00
-5.002778768539428711e-01
-1.322733312845230103e-01
2.336805164813995361e-01
2.123436890542507172e-02
-1.680025219917297363e+00
1.405980944633483887e+00
5.726885795593261719e-01
-3.424614071846008301e-01
-1.180433273315429688e+00
-3.594753444194793701e-01
9.674054980278015137e-01
-5.061770677566528320e-01
-2.115530222654342651e-01
-1.413584947586059570e+00
-1.470358252525329590e+00
5.115143060684204102e-01
-1.366313397884368896e-01
-1.067708730697631836e+00
1.893747687339782715e+00
-3.108341097831726074e-01
-2.061587721109390259e-01
2.474836349487304688e+00
-1.083900928497314453e+00
8.815449476242065430e-01
-5.511128306388854980e-01
6.049998998641967773e-01
3.681733310222625732e-01
-5.910001993179321289e-01
-1.473901718854904175e-01
-1.864929944276809692e-01
5.657253265380859375e-01
-2.735991775989532471e-01
-2.930978834629058838e-01
-7.970860600471496582e-01
-2.579688429832458496e-01
-1.321945071220397949e+00
-9.149579405784606934e-01
-7.531093955039978027e-01
-1.139272332191467285e+00
3.661368191242218018e-01
7.296618819236755371e-01
-2.516690731048583984e+00
1.513977646827697754e-01
-1.777218580245971680e+00
-9.073538333177566528e-02
5.208485722541809082e-01
6.983568668365478516e-01
2.790236711502075195e+00
2.481395244598388672e+00
-1.524612307548522949e-01
-9.237552881240844727e-01
-1.069017648696899414e+00
-8.929650187492370605e-01
1.213812232017517090e+00
-1.175597667694091797e+00
-6.863074302673339844e-01
4.332413375377655029e-01
4.250704646110534668e-01
8.713755011558532715e-02
1.502368688583374023e+00
-4.668673872947692871e-01
6.098464131355285645e-01
-9.016901254653930664e-01
2.298061847686767578e-01
-4.644941687583923340e-01
-8.566749095916748047e-01
-9.877859614789485931e-03
-1.070924282073974609e+00
-1.066813588142395020e+00
-4.015513956546783447e-01
-1.766822218894958496e+00
1.234781742095947266e+00
-8.100407719612121582e-01
-2.482152283191680908e-01
3.816850781440734863e-01
-2.218688488006591797e+00
5.458750724792480469e-01
-3.117112219333648682e-01
-6.935512423515319824e-01
-7.096360921859741211e-01
-1.125839591026306152e+00
1.278164833784103394e-01
-2.532122373580932617e+00
-9.243101477622985840e-01
-1.569119215011596680e+00
-7.606665492057800293e-01
5.261980295181274414e-01
7.882491946220397949e-01
8.136342763900756836e-01
5.462671518325805664e-01
-1.234843492507934570e+00
-5.362607240676879883e-01
-1.105904221534729004e+00
-2.593655288219451904e-01
1.662084102630615234e+00
6.689666509628295898e-01
1.152035236358642578e+00
6.480639427900314331e-02
-1.504547834396362305e+00
-3.224523961544036865e-01
1.352916479110717773e+00
1.553982973098754883e+00
-1.432779073715209961e+00
-1.643829464912414551e+00
2.642112970352172852e-01
4.015108942985534668e-02
-3.192054331302642822e-01
-8.746989965438842773e-01
5.215261578559875488e-01
1.176674246788024902e+00
4.568240940570831299e-01
4.661348164081573486e-01
-2.671319544315338135e-01
2.912217140197753906e+00
-1.238105297088623047e+00
-1.745423555374145508e+00
4.315376579761505127e-01
5.832754373550415039e-01
8.826998472213745117e-01
-1.721932172775268555e+00
3.534147143363952637e-02
-5.523748397827148438e-01
-4.822948575019836426e-01
9.986768364906311035e-01
-4.034341871738433838e-02
-2.263374924659729004e-01
1.712557077407836914e+00
-4.926534891128540039e-01
-1.733012497425079346e-01
6.289337873458862305e-01
1.745239257812500000e+00
3.834848701953887939e-01
-3.837371468544006348e-01
1.924519538879394531e-01
7.863777279853820801e-01
-1.077893495559692383e+00
-5.101709961891174316e-01
6.460579037666320801e-01
1.072189807891845703e+00
-1.360673308372497559e+00
-2.945723831653594971e-01
-6.559718251228332520e-01
4.390830546617507935e-02
-2.221131920814514160e-01
-5.179494619369506836e-01
1.382293999195098877e-01
1.873371958732604980e+00
-8.822947740554809570e-01
6.620094180107116699e-01
5.958347022533416748e-02
-5.106027126312255859e-01
8.240863680839538574e-01
-7.436882257461547852e-01
-4.384354948997497559e-01
-1.194470524787902832e+00
1.527915596961975098e+00
-2.917222082614898682e-01
1.842654705047607422e+00
-5.987536907196044922e-01
-9.552663564682006836e-02
-4.258561134338378906e-01
-5.313839912414550781e-01
1.489328872412443161e-02
-7.848684191703796387e-01
8.259890973567962646e-02
-1.063932999968528748e-01
-2.158725708723068237e-01
-1.347544491291046143e-01
4.363116919994354248e-01
7.216171026229858398e-01
2.216378003358840942e-01
-1.161962151527404785e+00
5.566000938415527344e-01
-1.790672302246093750e+00
-5.428872704505920410e-01
-1.721729993820190430e+00
1.078059434890747070e+00
2.428339123725891113e-01
-5.099018812179565430e-01
1.290112501010298729e-03
-8.176038265228271484e-01
2.785101830959320068e-01
-5.254523158073425293e-01
1.182487010955810547e+00
9.521006941795349121e-01
8.095883131027221680e-01
2.253802269697189331e-01
1.026815295219421387e+00
-5.473002195358276367e-01
2.150187253952026367e+00
1.916022062301635742e+00
2.098347395658493042e-01
-4.851593077182769775e-02
7.694335579872131348e-01
4.526224136352539062e-01
-1.217803210020065308e-01
4.920779168605804443e-01
-9.698282480239868164e-01
1.093720316886901855e+00
4.075458049774169922e-01
-4.282797276973724365e-01
2.861371338367462158e-01
1.390240430831909180e+00
-3.738634288311004639e-01
7.434662580490112305e-01
2.957637548446655273e+00
-1.730777263641357422e+00
2.243033498525619507e-01
-7.822243571281433105e-01
1.473081856966018677e-01
-1.445302844047546387e+00
-2.961278259754180908e-01
1.607469797134399414e+00
-3.660559952259063721e-01
4.366043508052825928e-01
4.131784141063690186e-01
1.527865380048751831e-01
1.326570034027099609e+00
-1.227348372340202332e-01
-1.085359215736389160e+00
-7.786238100379705429e-03
2.487279176712036133e+00
1.741196513175964355e+00
1.376849055290222168e+00
-7.085415720939636230e-01
1.190318986773490906e-01
2.713501686230301857e-03
-1.245024204254150391e+00
1.657642960548400879e+00
2.632895410060882568e-01
1.251992702484130859e+00
-1.407987177371978760e-01
-6.144407391548156738e-01
1.328749418258666992e+00
-1.046792030334472656e+00
3.770200312137603760e-01
1.448165774345397949e+00
-1.338177442550659180e+00
-1.242260694503784180e+00
9.277741312980651855e-01
-5.071261525154113770e-01
-5.710769891738891602e-01
-8.260040283203125000e-01
-3.667707145214080811e-01
2.142700195312500000e+00
-5.496814250946044922e-01
-1.154678583145141602e+00
-1.539101600646972656e+00
-1.308665275573730469e+00
1.792171299457550049e-01
-1.205485820770263672e+00
2.947362065315246582e-01
1.950855612754821777e+00
-4.015208780765533447e-01
-1.849164724349975586e+00
-2.928194701671600342e-01
1.966340243816375732e-01
-9.185875654220581055e-01
2.527561783790588379e-01
1.889591515064239502e-01
-3.633680045604705811e-01
3.377593159675598145e-01
-3.846649527549743652e-01
-1.556565761566162109e-01
-9.433407187461853027e-01
1.671352863311767578e+00
-1.480406045913696289e+00
1.074065923690795898e+00
2.274119108915328979e-01
1.782791852951049805e+00
-6.208998560905456543e-01
7.963526248931884766e-01
-2.781580388545989990e-01
1.984902620315551758e-01
5.831875205039978027e-01
5.904937386512756348e-01
1.677241176366806030e-01
-1.988743066787719727e+00
5.347101688385009766e-01
-3.301966190338134766e-02
9.880662560462951660e-01
-1.109506487846374512e+00
1.782592833042144775e-01
9.524998068809509277e-02
-6.297025084495544434e-01
-3.725951313972473145e-01
1.525267958641052246e+00
8.409827947616577148e-02
-9.563935399055480957e-01
-1.678747892379760742e+00
1.781049370765686035e+00
-9.558572173118591309e-01
9.589172154664993286e-02
-4.491759836673736572e-01
-5.970950722694396973e-01
1.755871027708053589e-01
8.360754251480102539e-01
-7.767514586448669434e-01
-3.108595013618469238e-01
-1.681212663650512695e+00
9.258624315261840820e-01
-2.378483712673187256e-01
-1.032998442649841309e+00
-3.255659043788909912e-01
-9.910985827445983887e-01
4.909300506114959717e-01
-1.918497562408447266e+00
1.426803946495056152e+00
8.575243353843688965e-01
-5.720528960227966309e-01
1.563200473785400391e+00
2.266764342784881592e-01
-7.504668831825256348e-01
-9.782665371894836426e-01
-1.912799715995788574e+00
-5.956109762191772461e-01
1.703342944383621216e-01
7.222748994827270508e-01
4.690890908241271973e-01
-9.329621195793151855e-01
-7.503900527954101562e-01
1.655975341796875000e+00
-1.063427329063415527e-01
1.217632293701171875e-01
3.211723268032073975e-01
-1.156198501586914062e+00
-3.178337514400482178e-01
8.986849188804626465e-01
2.525869369506835938e+00
1.402467936277389526e-01
3.308178782463073730e-01
1.127187371253967285e+00
-4.281504750251770020e-01
-8.995960354804992676e-01
-4.130297303199768066e-01
-6.077763438224792480e-01
-7.535540461540222168e-01
-2.292739629745483398e+00
1.511552095413208008e+00
6.735382676124572754e-01
1.697995215654373169e-01
2.136162519454956055e-01
-4.244943261146545410e-01
-1.040305614471435547e+00
-3.420099318027496338e-01
-3.384818315505981445e+00
-3.051710315048694611e-02
-8.577867746353149414e-01
-6.503345370292663574e-01
3.691176772117614746e-01
5.595398545265197754e-01
4.576369524002075195e-01
2.856935262680053711e-01
9.763275831937789917e-02
5.393031612038612366e-02
-1.119840145111083984e+00
-7.708163931965827942e-03
-8.525149226188659668e-01
-1.217895150184631348e+00
-6.221957206726074219e-01
-6.301566958427429199e-01
-3.513719141483306885e-01
-1.688628196716308594e+00
2.805546820163726807e-01
8.115561008453369141e-01
8.439435958862304688e-01
-7.258183956146240234e-01
-8.616153597831726074e-01
-4.428352117538452148e-01
1.262677907943725586e-01
-2.051450461149215698e-01
-6.603032946586608887e-01
-5.908717215061187744e-02
2.636512555181980133e-02
1.725185990333557129e+00
-6.031906008720397949e-01
2.666135430335998535e-01
6.676760911941528320e-01
1.117491245269775391e+00
1.593007802963256836e+00
-1.245482444763183594e+00
-4.712865352630615234e-01
1.390003442764282227e+00
-6.132668852806091309e-01
1.654173970222473145e+00
5.148854255676269531e-01
4.587486088275909424e-01
-2.920991480350494385e-01
-5.210503339767456055e-01
-9.050717949867248535e-01
-6.203714609146118164e-01
-2.706765174865722656e+00
-9.249209165573120117e-01
2.436088472604751587e-01
1.372652769088745117e+00
-1.266596436500549316e+00
5.166431069374084473e-01
5.446531772613525391e-01
2.389929294586181641e-01
5.029262900352478027e-01
-1.820801258087158203e+00
1.069678544998168945e+00
2.243075817823410034e-01
3.901466429233551025e-01
-4.866566658020019531e-01
1.265351414680480957e+00
7.567398548126220703e-01
1.032220795750617981e-01
-3.358034491539001465e-01
-6.583748012781143188e-02
-7.048180103302001953e-01
-8.409034013748168945e-01
9.213965535163879395e-01
1.397994875907897949e+00
1.647030830383300781e+00
1.816563248634338379e+00
8.773972988128662109e-01
-2.136921405792236328e+00
-9.668017923831939697e-02
7.571260929107666016e-01
-1.606580853462219238e+00
-7.129934430122375488e-01
4.713826775550842285e-01
1.067278385162353516e+00
-2.275841534137725830e-01
8.953917026519775391e-01
-1.388332009315490723e+00
2.151044458150863647e-01
1.712283939123153687e-01
-1.438767671585083008e+00
5.165795683860778809e-01
1.061706662178039551e+00
-6.647810935974121094e-01
5.644927620887756348e-01
1.158233880996704102e+00
2.225050210952758789e+00
-9.318077564239501953e-02
4.294815063476562500e-01
3.680467307567596436e-01
-3.003016114234924316e-01
1.602872908115386963e-01
-4.642648398876190186e-01
-4.177256524562835693e-01
5.234224200248718262e-01
2.269960194826126099e-01
8.201289176940917969e-01
-5.079897642135620117e-01
4.956852793693542480e-01
-8.059900403022766113e-01
-6.099309325218200684e-01
7.637989521026611328e-02
-1.463144719600677490e-01
1.856095343828201294e-01
-2.012785822153091431e-01
-1.043638139963150024e-01
5.253680348396301270e-01
-7.503572106361389160e-01
5.734155178070068359e-01
1.018615484237670898e+00
-4.475186467170715332e-01
-8.821852505207061768e-02
-1.044750094413757324e+00
4.571492075920104980e-01
-5.079962611198425293e-01
6.997273564338684082e-01
9.081000089645385742e-01
2.259755611419677734e+00
-3.257279470562934875e-02
1.966974854469299316e+00
-2.790430188179016113e-01
-5.811108946800231934e-01
4.831510782241821289e-01
-7.219773530960083008e-01
-3.769804909825325012e-02
1.156506061553955078e+00
1.105666995048522949e+00
-9.180842041969299316e-01
-5.174499154090881348e-01
1.165241122245788574e+00
-4.728845357894897461e-01
7.982462644577026367e-01
5.857239961624145508e-01
9.684379100799560547e-01
1.057114720344543457e+00
-4.132384955883026123e-01
-1.528511941432952881e-01
5.872200131416320801e-01
-1.170813441276550293e+00
1.887071490287780762e+00
8.022440075874328613e-01
-9.868961572647094727e-02
1.413797885179519653e-01
1.156764477491378784e-01
1.570284605026245117e+00
2.101503849029541016e+00
-6.280377507209777832e-01
-1.047855734825134277e+00
-2.769283771514892578e+00
-1.197179079055786133e+00
-4.326938092708587646e-01
6.240463852882385254e-01
9.306982755661010742e-01
9.524512290954589844e-01
-7.327039241790771484e-01
2.889529466629028320e-01
-9.195715188980102539e-01
3.982767164707183838e-01
-2.612106323242187500e+00
-4.370277523994445801e-01
-2.236462831497192383e+00
7.286902666091918945e-01
-3.710477352142333984e-01
-1.099635213613510132e-01
7.149825096130371094e-01
-2.200900316238403320e+00
6.070597097277641296e-02
-4.142484664916992188e-01
1.072340250015258789e+00
-8.638254404067993164e-01
-8.298861384391784668e-01
-1.113901972770690918e+00
-1.314002037048339844e+00
-1.407269716262817383e+00
-2.120411396026611328e-01
5.255947113037109375e-01
-8.859128504991531372e-02
-1.403920412063598633e+00
-7.140790224075317383e-01
-3.761819899082183838e-01
4.555880427360534668e-01
-1.381911158561706543e+00
9.045596122741699219e-01
1.036341309547424316e+00
8.221818804740905762e-01
1.897504627704620361e-01
-2.250655889511108398e+00
8.885497450828552246e-01
1.536127209663391113e+00
4.816777706146240234e-01
1.839568018913269043e+00
2.215531021356582642e-01
-4.488054513931274414e-01
-6.997230648994445801e-01
1.819699704647064209e-01
-1.134935468435287476e-01
5.337424278259277344e-01
1.312812447547912598e+00
1.514821201562881470e-01
-6.123195886611938477e-01
-4.988358020782470703e-01
-1.451654672622680664e+00
-7.551790475845336914e-01
-4.305644631385803223e-01
5.997281074523925781e-01
-4.129975736141204834e-01
-7.256408929824829102e-01
1.969275593757629395e+00
5.924571156501770020e-01
-1.621874570846557617e+00
-9.051646292209625244e-02
1.441624283790588379e+00
5.768560767173767090e-01
-2.504250705242156982e-01
-6.233032345771789551e-01
-1.354659497737884521e-01
1.327479004859924316e+00
2.151531934738159180e+00
1.597969412803649902e+00
-2.490444928407669067e-01
4.246729612350463867e-01
-8.917964100837707520e-01
8.674769997596740723e-01
-1.635255098342895508e+00
9.553841501474380493e-02
5.130732655525207520e-01
7.809391617774963379e-01
1.215004324913024902e+00
-4.271255061030387878e-02
-4.503714293241500854e-02
-2.568842470645904541e-01
-2.761814892292022705e-01
-1.225653052330017090e+00
8.791960477828979492e-01
2.689175903797149658e-01
1.574458032846450806e-01
-4.968603551387786865e-01
2.522015333175659180e+00
4.652448296546936035e-01
-3.502579927444458008e-01
7.505400776863098145e-01
-2.012292861938476562e+00
-5.574135780334472656e-01
-2.020289659500122070e+00
-2.475210428237915039e-01
-7.604652643203735352e-02
2.862752974033355713e-01
-1.234552860260009766e-01
-1.169998288154602051e+00
2.164443254470825195e+00
-5.419720411300659180e-01
2.082640886306762695e+00
-7.979089021682739258e-01
-3.155166208744049072e-01
-1.198957324028015137e+00
4.055053293704986572e-01
-3.495174646377563477e-01
-6.915954351425170898e-01
-1.016917079687118530e-01
4.830151051282882690e-02
2.039428502321243286e-01
-1.361033320426940918e+00
4.121797382831573486e-01
-6.212745308876037598e-01
4.666000008583068848e-01
-4.282726049423217773e-01
-1.256920218467712402e+00
-2.519899308681488037e-01
-7.246387600898742676e-01
2.320086240768432617e+00
2.134398669004440308e-01
9.752913713455200195e-01
5.116007924079895020e-01
3.449991941452026367e-01
7.704800367355346680e-01
1.080963015556335449e-01
-9.359578490257263184e-01
7.472704052925109863e-01
5.566140413284301758e-01
-7.607148885726928711e-01
1.787416040897369385e-01
1.044182777404785156e+00
-1.802692115306854248e-01
2.652285337448120117e+00
3.916252404451370239e-02
1.596522808074951172e+00
-1.445922374725341797e+00
-6.271053552627563477e-01
9.006962925195693970e-02
1.080454111099243164e+00
1.275768756866455078e+00
-6.798474788665771484e-01
1.477095603942871094e+00
-1.357033401727676392e-01
5.698189735412597656e-01
6.564781069755554199e-01
3.479483425617218018e-01
-4.132702946662902832e-03
-6.311498284339904785e-01
-2.164273500442504883e+00
-1.209148168563842773e+00
-1.279899477958679199e+00
-1.542006134986877441e+00
7.031638026237487793e-01
-8.628266453742980957e-01
2.756081521511077881e-01
-9.346252083778381348e-01
1.042425632476806641e+00
-1.659627109766006470e-01
4.181361496448516846e-01
-4.365552663803100586e-01
-7.216927409172058105e-01
1.739491701126098633e+00
9.270961880683898926e-01
1.749982088804244995e-01
1.644235610961914062e+00
-2.375186532735824585e-01
1.312569260597229004e+00
4.207763671875000000e-01
-2.183392286300659180e+00
3.850336074829101562e-01
-9.209427833557128906e-01
-7.355609536170959473e-01
9.271512031555175781e-01
-2.890265882015228271e-01
-2.882465422153472900e-01
6.670336723327636719e-01
-6.285531520843505859e-01
-4.075064137578010559e-02
-2.933749854564666748e-01
-6.093132123351097107e-02
1.181496232748031616e-01
6.288148164749145508e-01
-6.136674880981445312e-01
-2.412501811981201172e+00
-2.281389951705932617e+00
1.626566401682794094e-03
8.549527525901794434e-01
-3.674607574939727783e-01
1.532094717025756836e+00
-6.771051883697509766e-01
-6.132342219352722168e-01
6.223311424255371094e-01
-1.333922863006591797e+00
1.586261987686157227e+00
-4.150100648403167725e-01
-2.661670148372650146e-01
2.522132396697998047e+00
-4.822005629539489746e-01
1.326655864715576172e+00
6.877586841583251953e-01
6.755046248435974121e-01
4.385972023010253906e-01
-2.398992180824279785e-01
-8.250763416290283203e-01
1.757585406303405762e+00
-5.411533713340759277e-01
-1.053024649620056152e+00
-4.870888590812683105e-01
8.914282917976379395e-01
-6.964856982231140137e-01
-2.103737592697143555e+00
-1.016473650932312012e+00
1.363327801227569580e-01
1.093806505203247070e+00
-1.431264162063598633e+00
1.358818054199218750e+00
-9.663556814193725586e-01
-1.192876696586608887e+00
1.319759011268615723e+00
-3.684156835079193115e-01
-7.774813175201416016e-01
6.805842369794845581e-02
1.504680991172790527e+00
-2.239523082971572876e-01
1.572569906711578369e-01
5.098567530512809753e-02
6.684904694557189941e-01
2.207527160644531250e-01
3.965522944927215576e-01
6.250823140144348145e-01
-1.826686382293701172e+00
-2.007373094558715820e+00
-8.850200772285461426e-01
1.195711851119995117e+00
