1.644532799720764160e+00
3.763410449028015137e-01
5.339072346687316895e-01
1.829990267753601074e+00
2.651705265045166016e+00
2.150815874338150024e-01
2.924401760101318359e-01
-1.041663408279418945e+00
1.882795333862304688e+00
-1.950458765029907227e+00
1.930979490280151367e-01
-1.515592634677886963e-01
4.778241813182830811e-01
1.777994632720947266e+00
-2.233930975198745728e-01
1.655189394950866699e+00
7.997797727584838867e-01
1.644720196723937988e+00
9.155213832855224609e-02
2.363105565309524536e-01
-4.970391164533793926e-04
-2.231282591819763184e-01
-7.375673651695251465e-01
6.925181746482849121e-01
1.542130351066589355e+00
-1.268535256385803223e+00
6.217033267021179199e-01
-7.602905035018920898e-01
-1.946895122528076172e+00
1.172353744506835938e+00
-1.533846735954284668e+00
1.038725137710571289e+00
5.305226445198059082e-01
5.548431873321533203e-01
7.057650685310363770e-01
-6.332373023033142090e-01
9.630769491195678711e-01
1.914702653884887695e-01
-1.638835430145263672e+00
5.580980703234672546e-02
-1.991209268569946289e+00
1.400579690933227539e+00
-1.590239644050598145e+00
-1.081768393516540527e+00
3.192784070968627930e+00
-1.105796217918395996e+00
1.946141719818115234e+00
-9.095893502235412598e-01
-3.172357976436614990e-01
-2.908870875835418701e-01
-3.999413549900054932e-01
-1.039583444595336914e+00
-3.769375383853912354e-02
1.372965216636657715e+00
5.724351406097412109e-01
-9.927775859832763672e-01
1.236313357949256897e-01
-7.576533555984497070e-01
2.418567240238189697e-01
-7.257717847824096680e-01
2.149150222539901733e-01
-5.595291256904602051e-01
-1.173410341143608093e-01
1.476988345384597778e-01
-7.453736662864685059e-01
-1.842044711112976074e+00
-5.679594352841377258e-02
-3.346303701400756836e-01
5.278889536857604980e-01
1.788952797651290894e-01
-4.535188972949981689e-01
-8.514238893985748291e-02
-1.524776935577392578e+00
-2.322882264852523804e-01
4.043180346488952637e-01
1.395874023437500000e+00
8.896509408950805664e-01
-5.477079153060913086e-01
1.125212669372558594e+00
-1.765571683645248413e-01
2.769869327545166016e+00
2.762109339237213135e-01
3.303552269935607910e-01
2.524075806140899658e-01
8.867517709732055664e-01
-1.176870584487915039e+00
5.829991102218627930e-01
-6.672281622886657715e-01
-2.025896459817886353e-01
-6.182361245155334473e-01
3.662428557872772217e-01
-7.969679832458496094e-01
-1.048987433314323425e-01
5.178737640380859375e-01
-2.453985959291458130e-01
-5.118864774703979492e-02
-3.061722815036773682e-01
1.099424958229064941e+00
6.559996604919433594e-01
1.242293566465377808e-01
-1.163865327835083008e+00
4.186750352382659912e-01
9.058818221092224121e-01
-7.731209993362426758e-01
-5.657351613044738770e-01
-1.915539503097534180e-01
-4.951841831207275391e-01
9.801646471023559570e-01
1.143527269363403320e+00
-1.795945525169372559e+00
-3.401906788349151611e-01
-1.261912226676940918e+00
-1.046177506446838379e+00
1.159297466278076172e+00
-2.120849370956420898e+00
-1.076867461204528809e+00
2.091457605361938477e+00
5.164049565792083740e-02
1.088739395141601562e+00
1.644735693931579590e+00
-9.513187408447265625e-01
-8.957148790359497070e-01
-9.657227993011474609e-01
-8.177508115768432617e-01
2.993420362472534180e-01
7.340322732925415039e-01
1.454802900552749634e-01
-3.267264604568481445e+00
1.131695985794067383e+00
-1.036624550819396973e+00
-6.202613115310668945e-01
-1.385909557342529297e+00
-1.757417678833007812e+00
1.995012760162353516e-01
7.958704233169555664e-01
-1.782596707344055176e-01
7.770364880561828613e-01
1.179168894886970520e-01
4.723036885261535645e-01
2.169665575027465820e+00
-1.037435293197631836e+00
-1.056802749633789062e+00
1.286037325859069824e+00
2.571711838245391846e-01
5.010804533958435059e-01
4.916059076786041260e-01
-9.053486585617065430e-01
-5.465854704380035400e-02
7.343774437904357910e-01
-1.135657668113708496e+00
9.557554721832275391e-01
4.295092225074768066e-01
-7.409756779670715332e-01
-8.102188706398010254e-01
-5.406630635261535645e-01
-1.257611513137817383e+00
6.680884957313537598e-02
-1.263335198163986206e-01
-2.095176577568054199e-01
1.084657311439514160e+00
-5.400075316429138184e-01
-3.910225927829742432e-01
1.031514629721641541e-01
-1.141492605209350586e+00
1.686319231986999512e+00
-6.924873590469360352e-01
3.785798549652099609e-01
-8.878969550132751465e-01
9.242938756942749023e-01
4.396548271179199219e-01
1.804971456527709961e+00
1.342900991439819336e+00
8.734816908836364746e-01
3.999320864677429199e-01
1.290740132331848145e+00
-2.212246060371398926e-01
-9.893843531608581543e-01
-3.860802352428436279e-01
-3.616296947002410889e-01
2.966549694538116455e-01
-2.042213529348373413e-01
-2.752269990742206573e-02
7.666062116622924805e-01
1.219205617904663086e+00
1.180629968643188477e+00
-3.467770516872406006e-01
-2.056966304779052734e+00
4.735785722732543945e-01
-4.188866317272186279e-01
1.094234466552734375e+00
-4.573813974857330322e-01
-8.164862394332885742e-01
-3.068343877792358398e+00
-1.605898439884185791e-01
-1.382042765617370605e+00
-1.269376277923583984e+00
-1.817938089370727539e-01
9.013196229934692383e-01
-8.838295936584472656e-01
-5.291391611099243164e-01
-2.634193003177642822e-01
1.071015834808349609e+00
8.971398472785949707e-01
6.427154541015625000e-01
1.937498599290847778e-01
1.999243944883346558e-01
8.981782197952270508e-01
-6.226598024368286133e-01
1.196751475334167480e+00
-4.415485858917236328e-01
-1.247967839241027832e+00
-2.519297599792480469e-01
-4.193550944328308105e-01
5.372577309608459473e-01
-4.989686012268066406e-01
1.779255747795104980e+00
-1.140392899513244629e+00
1.358038187026977539e+00
2.698658406734466553e-01
-3.076576292514801025e-01
5.604528784751892090e-01
4.830489307641983032e-02
-4.218382239341735840e-01
-3.243255317211151123e-01
1.458476305007934570e+00
-9.994267225265502930e-01
-5.752526521682739258e-01
1.381950497627258301e+00
-1.762387037277221680e+00
2.579555511474609375e+00
-2.260692864656448364e-01
-2.084192276000976562e+00
-7.359840869903564453e-01
-6.800498366355895996e-01
1.142234563827514648e+00
2.865049242973327637e-01
-1.277293443679809570e+00
-2.335316181182861328e+00
1.731368154287338257e-01
-2.408987879753112793e-01
1.798416674137115479e-01
-9.110608696937561035e-02
-7.721031308174133301e-01
-1.579313278198242188e+00
-9.637107253074645996e-01
-5.836490392684936523e-01
-5.312584638595581055e-01
-5.182996988296508789e-01
-9.459418058395385742e-01
-2.591561079025268555e-01
1.048158168792724609e+00
3.802132308483123779e-01
-1.801961541175842285e+00
1.582519412040710449e+00
-1.101856231689453125e+00
-1.831304877996444702e-01
1.526327729225158691e+00
-2.159678786993026733e-01
1.163790583610534668e+00
1.249793171882629395e+00
6.856796741485595703e-01
3.322965204715728760e-01
-1.226570248603820801e+00
-3.920186460018157959e-01
3.954425454139709473e-01
4.811663329601287842e-01
-3.326756954193115234e-01
1.863090693950653076e-01
-1.871043086051940918e+00
-5.701006203889846802e-02
7.059732079505920410e-01
-7.874886989593505859e-01
-2.682941854000091553e-01
1.956075072288513184e+00
8.563702702522277832e-01
3.345957100391387939e-01
2.467923015356063843e-01
-6.944623589515686035e-01
-6.069911718368530273e-01
1.631994366645812988e+00
-1.430193424224853516e+00
1.889937400817871094e+00
5.677450895309448242e-01
-8.114555478096008301e-01
1.667926073074340820e+00
5.877147614955902100e-02
2.495540827512741089e-01
2.429177165031433105e-01
2.389724850654602051e-01
6.283466815948486328e-01
-1.273327589035034180e+00
-2.598991096019744873e-01
2.580845355987548828e-01
-3.763949871063232422e-01
-1.418589949607849121e-01
-8.508920073509216309e-01
1.113776206970214844e+00
-1.183627918362617493e-01
4.686230421066284180e-01
-5.159057974815368652e-01
-4.978859126567840576e-01
6.212100759148597717e-02
1.215714216232299805e+00
4.525811076164245605e-01
-4.871466755867004395e-01
2.094760388135910034e-01
-2.988170385360717773e-01
-1.915654987096786499e-01
-9.725928306579589844e-03
-1.256560444831848145e+00
-7.570610642433166504e-01
-3.481821715831756592e-02
-4.208616018295288086e-01
1.156424641609191895e+00
1.343795776367187500e+00
7.235046029090881348e-01
-1.507006585597991943e-01
1.711514145135879517e-01
-9.896466135978698730e-01
1.742033958435058594e+00
1.230963230133056641e+00
-6.888420581817626953e-01
4.493284597992897034e-02
-5.147027373313903809e-01
8.694455027580261230e-02
-1.398854702711105347e-01
-3.786124587059020996e-01
-7.699161171913146973e-01
2.138623476028442383e+00
-1.652605235576629639e-01
1.558055996894836426e+00
7.487236857414245605e-01
1.826472871471196413e-04
6.976503729820251465e-01
-9.871029257774353027e-01
1.218808531761169434e+00
2.232249230146408081e-01
-4.574214667081832886e-02
-1.650668501853942871e+00
-5.248444154858589172e-02
-8.310773372650146484e-01
4.912815988063812256e-01
-1.433928489685058594e+00
4.446953237056732178e-01
-3.207233846187591553e-01
-3.665231466293334961e-01
-2.352045327425003052e-01
-2.916206791996955872e-02
-1.165311694145202637e+00
1.049904748797416687e-01
3.218831121921539307e-01
8.592475652694702148e-01
1.548345804214477539e+00
8.063628673553466797e-01
1.245650425553321838e-01
-4.325534105300903320e-01
-1.592547893524169922e+00
8.948098421096801758e-01
1.243437647819519043e+00
3.135149776935577393e-01
1.390899538993835449e+00
-2.286818504333496094e+00
5.299845933914184570e-01
4.232907667756080627e-02
1.574129760265350342e-01
-1.239701628684997559e+00
-6.862569451332092285e-01
1.804595351219177246e+00
-6.419936418533325195e-01
1.281172037124633789e+00
3.132438659667968750e-01
-1.007449388504028320e+00
-5.983175635337829590e-01
-9.197269380092620850e-02
-7.788127064704895020e-01
-1.747507750988006592e-01
-1.683887600898742676e+00
2.284311294555664062e+00
9.100722074508666992e-01
-3.206068873405456543e-01
-8.636196255683898926e-01
3.612163960933685303e-01
1.119055986404418945e+00
-4.164328053593635559e-02
-3.327251672744750977e-01
-3.467423021793365479e-01
6.367902159690856934e-01
9.715977907180786133e-01
-3.200440406799316406e-01
-5.508303046226501465e-01
8.165667057037353516e-01
1.335353612899780273e+00
2.270086705684661865e-01
1.251490235328674316e+00
5.693410038948059082e-01
1.558127284049987793e+00
6.245701909065246582e-01
-1.370877861976623535e+00
-1.133056521415710449e+00
1.394405215978622437e-01
1.314156413078308105e+00
-1.717416346073150635e-01
-1.061872690916061401e-01
-2.370484590530395508e+00
-1.027170300483703613e+00
-7.561973333358764648e-01
-3.194700554013252258e-02
3.556469380855560303e-01
-4.205864369869232178e-01
-1.630579710006713867e+00
-1.238782182335853577e-01
-7.418327778577804565e-02
-1.276620864868164062e+00
-3.142917752265930176e-01
-1.375558078289031982e-01
2.677082300186157227e+00
2.278315573930740356e-01
-1.688667982816696167e-01
-1.534488797187805176e+00
-1.172900557518005371e+00
-1.087235927581787109e+00
7.145891189575195312e-01
1.969362646341323853e-01
-1.023331046104431152e+00
-1.763215065002441406e+00
-8.318404555320739746e-01
1.586367636919021606e-01
-8.487062901258468628e-02
7.282446622848510742e-01
1.470165014266967773e+00
-2.692013382911682129e-01
-4.512135982513427734e-01
-9.956040978431701660e-01
7.268452644348144531e-01
7.815926671028137207e-01
9.017034769058227539e-01
2.315938025712966919e-01
-1.720590591430664062e-01
2.515318095684051514e-01
-6.271679997444152832e-01
-7.413414120674133301e-01
6.880847811698913574e-01
-1.635068416595458984e+00
3.663937002420425415e-02
-1.419731322675943375e-02
4.450138211250305176e-01
-8.137127161026000977e-01
-3.149701654911041260e-01
2.177868604660034180e+00
5.028846263885498047e-01
1.045926101505756378e-02
1.685165405273437500e+00
-8.958116173744201660e-01
-2.088398188352584839e-01
4.647791087627410889e-01
-4.378551244735717773e-01
-1.258121967315673828e+00
3.966468274593353271e-01
1.638908386230468750e+00
-5.847717523574829102e-01
6.036441773176193237e-03
3.682611584663391113e-01
7.052166461944580078e-01
7.838429212570190430e-01
2.824821472167968750e-01
-6.516978740692138672e-01
9.016830921173095703e-01
2.839353799819946289e+00
-4.268724024295806885e-01
4.272412359714508057e-01
7.673537731170654297e-01
6.691383719444274902e-01
-1.668624401092529297e+00
9.066493511199951172e-01
-3.819063678383827209e-02
-4.811500906944274902e-01
2.346039563417434692e-01
-6.111467480659484863e-01
4.111506938934326172e-01
1.204076170921325684e+00
-1.453926563262939453e+00
8.225938677787780762e-01
-6.631792187690734863e-01
-2.859919518232345581e-02
-2.200651884078979492e+00
1.449214220046997070e-01
1.594074964523315430e+00
-8.087421655654907227e-01
-3.185384750366210938e+00
3.868829011917114258e-01
5.035442709922790527e-01
-9.212876558303833008e-01
-1.319226622581481934e-01
-7.212221622467041016e-02
7.065631747245788574e-01
1.182155534625053406e-01
2.409577369689941406e-01
1.717088967561721802e-01
-6.951274699531495571e-04
-1.150983214378356934e+00
4.158592522144317627e-01
1.692042946815490723e+00
1.641547679901123047e+00
-2.301639318466186523e-01
8.449890613555908203e-01
-1.545715332031250000e+00
-1.239561811089515686e-01
-1.592630147933959961e-01
3.689877986907958984e-01
1.586590707302093506e-01
2.431152015924453735e-01
-1.083308100700378418e+00
-4.111705720424652100e-01
9.182056784629821777e-01
-6.432117819786071777e-01
1.061337590217590332e+00
6.019877791404724121e-01
-2.546096742153167725e-01
2.116501145064830780e-02
2.547657191753387451e-01
5.996179580688476562e-01
7.858188748359680176e-01
8.989469408988952637e-01
9.348486661911010742e-01
1.065343260765075684e+00
4.449560642242431641e-01
2.530806660652160645e-01
3.950461447238922119e-01
-1.670728623867034912e-01
-6.401936411857604980e-01
-3.238173723220825195e-01
-5.677425861358642578e-01
6.797391772270202637e-01
1.623288869857788086e+00
-3.593161702156066895e-02
-6.717733293771743774e-02
6.072133779525756836e-01
5.015251636505126953e-01
-1.663751721382141113e+00
5.396373867988586426e-01
-3.373004198074340820e-01
-3.357606232166290283e-01
-1.184837222099304199e-01
6.148225069046020508e-01
-4.152807295322418213e-01
1.610305905342102051e+00
5.456612706184387207e-01
6.783677339553833008e-01
3.137592691928148270e-03
1.109882235527038574e+00
-2.795352041721343994e-01
8.993589319288730621e-03
8.894449099898338318e-03
-1.037599682807922363e+00
1.012161016464233398e+00
8.101463913917541504e-01
5.130770206451416016e-01
-1.442621201276779175e-01
7.015101909637451172e-01
3.110162615776062012e-01
-7.562722563743591309e-01
1.602505564689636230e+00
-8.170892596244812012e-01
6.109282970428466797e-01
-4.666044414043426514e-01
-9.420064091682434082e-01
1.389797449111938477e+00
-9.097861647605895996e-01
3.587970510125160217e-02
-3.526490032672882080e-01
9.344161748886108398e-01
2.089165598154067993e-01
-1.537878155708312988e+00
1.024132013320922852e+00
-3.924619555473327637e-01
5.735607743263244629e-01
1.948398709297180176e+00
-1.228846430778503418e+00
-9.375653266906738281e-01
-5.483980476856231689e-02
3.576267510652542114e-02
1.036160826683044434e+00
-1.428295075893402100e-01
-6.792952418327331543e-01
6.267923712730407715e-01
-1.161510467529296875e+00
-5.606604814529418945e-01
1.927561998367309570e+00
3.332271575927734375e-01
-1.686775386333465576e-01
1.199662610888481140e-01
-4.695630967617034912e-01
-8.027876019477844238e-01
-1.067534923553466797e+00
1.849608302116394043e+00
1.173351630568504333e-01
-2.938069701194763184e-01
-1.177800893783569336e+00
-5.009949207305908203e-01
9.356384873390197754e-01
1.131603002548217773e+00
-9.965894222259521484e-01
2.012157887220382690e-01
1.007267594337463379e+00
-4.046045839786529541e-01
8.522970080375671387e-01
-7.554447054862976074e-01
3.238679468631744385e-01
7.905308008193969727e-01
-1.828931450843811035e+00
1.717283606529235840e+00
-4.080910980701446533e-01
4.543995857238769531e-02
1.291135311126708984e+00
2.398288398981094360e-01
1.032530516386032104e-01
-1.075015187263488770e+00
3.272690996527671814e-02
3.253934383392333984e-01
-1.283267855644226074e+00
-6.747089624404907227e-01
1.428611874580383301e+00
5.296763777732849121e-01
-6.881464719772338867e-01
1.390392184257507324e+00
-1.358950376510620117e+00
-2.923711240291595459e-01
8.663601875305175781e-01
-3.918096721172332764e-01
8.778355717658996582e-01
-3.430317044258117676e-01
-1.372155249118804932e-01
1.385593414306640625e+00
6.424047946929931641e-01
-4.797340929508209229e-01
2.089592456817626953e+00
9.762972593307495117e-01
1.328342080116271973e+00
1.440536618232727051e+00
-3.202986121177673340e-01
5.745180249214172363e-01
-2.465839624404907227e+00
8.867179751396179199e-01
-3.703289330005645752e-01
5.035837292671203613e-01
4.443097412586212158e-01
2.925146818161010742e-01
-1.089130520820617676e+00
1.674374938011169434e+00
1.457555651664733887e+00
-1.698384881019592285e+00
-1.471554487943649292e-01
1.104953646659851074e+00
5.725896954536437988e-01
6.268127560615539551e-01
5.177658796310424805e-01
1.258230805397033691e+00
-1.574064970016479492e+00
-1.861032247543334961e-01
2.487880438566207886e-01
-1.150079131126403809e+00
-3.453438580036163330e-01
-4.774168431758880615e-01
6.804040074348449707e-01
2.618711292743682861e-01
-2.640709877014160156e-01
-5.221019387245178223e-01
-1.914912581443786621e+00
-1.881142735481262207e+00
-3.094628751277923584e-01
5.657123327255249023e-01
-2.648994028568267822e-01
7.401695847511291504e-02
1.593113094568252563e-01
1.754907369613647461e+00
-1.269211620092391968e-01
1.080737262964248657e-01
1.625145077705383301e+00
-1.799775958061218262e+00
-7.469078898429870605e-01
-1.204526066780090332e+00
-4.355776309967041016e-01
-7.796013355255126953e-01
-1.953620195388793945e+00
-4.535929858684539795e-01
3.885053694248199463e-01
2.932997047901153564e-01
8.034574985504150391e-01
-6.646855473518371582e-01
3.486687839031219482e-01
2.646165490150451660e-01
2.524371623992919922e+00
-8.128870129585266113e-01
-2.150238275527954102e+00
-5.099367499351501465e-01
-4.473584592342376709e-01
-9.516395330429077148e-01
7.246834635734558105e-01
2.278932482004165649e-01
-1.263168305158615112e-01
1.651110649108886719e+00
1.841929912567138672e+00
-2.612999640405178070e-02
8.435798287391662598e-01
-2.053332090377807617e+00
-1.281145095825195312e+00
1.724874600768089294e-02
-1.603371500968933105e+00
2.098288536071777344e-01
7.737531065940856934e-01
1.552529096603393555e+00
-9.227745532989501953e-01
-1.740461111068725586e+00
1.109822273254394531e+00
1.005132794380187988e+00
-8.072775602340698242e-01
-5.434809327125549316e-01
1.317418694496154785e+00
-4.869308471679687500e-01
-3.883296847343444824e-01
4.445234537124633789e-01
-1.315396666526794434e+00
-9.742365479469299316e-01
8.231479674577713013e-02
2.599004507064819336e-01
2.086106538772583008e+00
1.342064980417490005e-02
1.765185147523880005e-01
-1.882622241973876953e+00
2.390408217906951904e-01
-6.375599503517150879e-01
1.529158592224121094e+00
2.260538339614868164e-01
-3.571085333824157715e-01
1.021909356117248535e+00
-7.350645661354064941e-01
7.799135446548461914e-01
-1.369878768920898438e+00
1.351769566535949707e+00
3.232396543025970459e-01
-2.893542647361755371e-01
2.530318200588226318e-01
3.258093297481536865e-01
1.872041106224060059e+00
-7.602583616971969604e-03
1.488751620054244995e-01
3.869269490242004395e-01
5.154283344745635986e-02
4.079889357089996338e-01
2.999334931373596191e-01
-1.871260881423950195e+00
1.981631755828857422e+00
-2.668838500976562500e-01
1.597646474838256836e+00
1.220180153846740723e+00
2.446091175079345703e-01
3.943164944648742676e-01
-1.661858677864074707e+00
1.222002148628234863e+00
-5.691170692443847656e-01
-1.950486660003662109e+00
1.386659860610961914e+00
9.060251712799072266e-02
-3.944207131862640381e-01
-4.633841216564178467e-01
-1.219458460807800293e+00
-1.608025074005126953e+00
-2.018468677997589111e-01
1.306370794773101807e-01
7.362391948699951172e-01
7.337874770164489746e-01
-1.186541080474853516e+00
-1.787707686424255371e+00
8.349052071571350098e-02
1.633848786354064941e+00
3.285768255591392517e-02
1.369997859001159668e+00
7.389361858367919922e-01
1.108682632446289062e+00
9.869142770767211914e-01
5.689005851745605469e-01
1.022198677062988281e+00
4.169332683086395264e-01
-1.296128034591674805e+00
-9.278314709663391113e-01
-5.363248586654663086e-01
7.361065149307250977e-01
-6.358698010444641113e-01
-3.075795173645019531e+00
2.121802091598510742e+00
8.067210912704467773e-01
3.852341175079345703e-01
-7.930422425270080566e-01
1.497865915298461914e-01
-2.889332175254821777e-01
3.152084946632385254e-01
-1.383259594440460205e-01
5.478956699371337891e-01
1.626806616783142090e+00
-3.965361714363098145e-01
