1.644532799720764160e+00
3.763410449028015137e-01
5.339072346687316895e-01
1.829990267753601074e+00
2.651705265045166016e+00
2.148230969905853271e-01
2.924401760101318359e-01
-1.041663408279418945e+00
1.882795333862304688e+00
-1.950458765029907227e+00
1.925630867481231689e-01
-1.513704359531402588e-01
4.778241813182830811e-01
1.777994632720947266e+00
-2.224757224321365356e-01
1.655189394950866699e+00
7.997797727584838867e-01
1.644720196723937988e+00
9.224460273981094360e-02
2.366060316562652588e-01
-4.469095438253134489e-04
-2.231505960226058960e-01
-7.375673651695251465e-01
6.925181746482849121e-01
1.542130351066589355e+00
-1.268535256385803223e+00
6.217033267021179199e-01
-7.602905035018920898e-01
-1.946895122528076172e+00
1.172353744506835938e+00
-1.533846735954284668e+00
1.038725137710571289e+00
5.305226445198059082e-01
5.548431873321533203e-01
7.057650685310363770e-01
-6.332371234893798828e-01
9.631178379058837891e-01
1.914703100919723511e-01
-1.638835430145263672e+00
5.659833550453186035e-02
-1.991209268569946289e+00
1.400579690933227539e+00
-1.590239644050598145e+00
-1.081768393516540527e+00
3.192784070968627930e+00
-1.105796217918395996e+00
1.946141719818115234e+00
-9.095893502235412598e-01
-3.172357976436614990e-01
-2.908870279788970947e-01
-3.999413549900054932e-01
-1.039583444595336914e+00
-3.769376128911972046e-02
1.372965216636657715e+00
5.726338028907775879e-01
-9.927775859832763672e-01
1.236313357949256897e-01
-7.576533555984497070e-01
2.416362613439559937e-01
-7.257717847824096680e-01
2.149150222539901733e-01
-5.595291256904602051e-01
-1.173632442951202393e-01
1.476988345384597778e-01
-7.453736662864685059e-01
-1.842044711112976074e+00
-5.679594352841377258e-02
-3.343853056430816650e-01
5.278889536857604980e-01
1.789360344409942627e-01
-4.535188972949981689e-01
-8.514238893985748291e-02
-1.524776935577392578e+00
-2.327936291694641113e-01
4.044452607631683350e-01
1.395874023437500000e+00
8.896509408950805664e-01
-5.477079153060913086e-01
1.125212669372558594e+00
-1.767569631338119507e-01
2.769869327545166016e+00
2.762079834938049316e-01
3.303476870059967041e-01
2.525607943534851074e-01
8.867517709732055664e-01
-1.176870584487915039e+00
5.829991102218627930e-01
-6.672281622886657715e-01
-2.024832814931869507e-01
-6.182361245155334473e-01
3.662428557872772217e-01
-7.969679832458496094e-01
-1.031237468123435974e-01
5.179271101951599121e-01
-2.450565397739410400e-01
-5.118864774703979492e-02
-3.061722815036773682e-01
1.099424958229064941e+00
6.559986472129821777e-01
1.242293566465377808e-01
-1.163865327835083008e+00
4.186750352382659912e-01
9.058819413185119629e-01
-7.731209993362426758e-01
-5.657351613044738770e-01
-1.917862445116043091e-01
-4.951318204402923584e-01
9.801823496818542480e-01
1.143527269363403320e+00
-1.795945525169372559e+00
-3.401906788349151611e-01
-1.261912226676940918e+00
-1.046177506446838379e+00
1.159297466278076172e+00
-2.120849370956420898e+00
-1.076867461204528809e+00
2.091457605361938477e+00
5.157440528273582458e-02
1.088739395141601562e+00
1.644735693931579590e+00
-9.513190388679504395e-01
-8.957148790359497070e-01
-9.657532572746276855e-01
-8.177508115768432617e-01
2.992568016052246094e-01
7.340322732925415039e-01
1.456542909145355225e-01
-3.267264604568481445e+00
1.131695985794067383e+00
-1.036624550819396973e+00
-6.202228069305419922e-01
-1.385909557342529297e+00
-1.757417678833007812e+00
1.992649286985397339e-01
7.958704233169555664e-01
-1.800137013196945190e-01
7.770366072654724121e-01
1.179168894886970520e-01
4.723036885261535645e-01
2.169665575027465820e+00
-1.037435293197631836e+00
-1.056775450706481934e+00
1.286037325859069824e+00
2.571711838245391846e-01
5.010814070701599121e-01
4.912512004375457764e-01
-9.053486585617065430e-01
-5.548223853111267090e-02
7.343774437904357910e-01
-1.135657668113708496e+00
9.557554721832275391e-01
4.295092225074768066e-01
-7.409756779670715332e-01
-8.102188706398010254e-01
-5.406630635261535645e-01
-1.257611513137817383e+00
6.680884957313537598e-02
-1.262183934450149536e-01
-2.090922594070434570e-01
1.084657311439514160e+00
-5.400075316429138184e-01
-3.911158442497253418e-01
1.039091348648071289e-01
-1.141492605209350586e+00
1.686319231986999512e+00
-6.924873590469360352e-01
3.786711394786834717e-01
-8.878969550132751465e-01
9.242934584617614746e-01
4.395581185817718506e-01
1.804971456527709961e+00
1.342900991439819336e+00
8.734816908836364746e-01
3.999085426330566406e-01
1.290740132331848145e+00
-2.211375832557678223e-01
-9.893843531608581543e-01
-3.860882818698883057e-01
-3.616296947002410889e-01
2.966549694538116455e-01
-2.042213529348373413e-01
-2.720253728330135345e-02
7.666062116622924805e-01
1.219205617904663086e+00
1.180629968643188477e+00
-3.468390107154846191e-01
-2.056966304779052734e+00
4.736135005950927734e-01
-4.187879562377929688e-01
1.094234704971313477e+00
-4.573710560798645020e-01
-8.164863586425781250e-01
-3.068343877792358398e+00
-1.605898439884185791e-01
-1.382042765617370605e+00
-1.269385337829589844e+00
-1.821045875549316406e-01
9.013196229934692383e-01
-8.838295936584472656e-01
-5.291605591773986816e-01
-2.633668184280395508e-01
1.071015834808349609e+00
8.971398472785949707e-01
6.427154541015625000e-01
1.937498599290847778e-01
1.999243944883346558e-01
8.981782197952270508e-01
-6.226596832275390625e-01
1.196751475334167480e+00
-4.413301050662994385e-01
-1.247967839241027832e+00
-2.519297599792480469e-01
-4.193550944328308105e-01
5.372577309608459473e-01
-4.989686012268066406e-01
1.779255747795104980e+00
-1.140392899513244629e+00
1.358038187026977539e+00
2.699768841266632080e-01
-3.075118958950042725e-01
5.604528784751892090e-01
4.830489307641983032e-02
-4.218382835388183594e-01
-3.243255317211151123e-01
1.458476066589355469e+00
-9.994267225265502930e-01
-5.752526521682739258e-01
1.381950497627258301e+00
-1.762387037277221680e+00
2.579555511474609375e+00
-2.260692864656448364e-01
-2.084192276000976562e+00
-7.359840869903564453e-01
-6.801980137825012207e-01
1.142234563827514648e+00
2.865049242973327637e-01
-1.277293443679809570e+00
-2.335316181182861328e+00
1.735058277845382690e-01
-2.408987879753112793e-01
1.798416674137115479e-01
-9.104675799608230591e-02
-7.721032500267028809e-01
-1.579313278198242188e+00
-9.637107253074645996e-01
-5.836488604545593262e-01
-5.312584638595581055e-01
-5.182996988296508789e-01
-9.459418058395385742e-01
-2.591561079025268555e-01
1.048158168792724609e+00
3.802132308483123779e-01
-1.801961541175842285e+00
1.582519412040710449e+00
-1.101855993270874023e+00
-1.831305176019668579e-01
1.526327729225158691e+00
-2.163223028182983398e-01
1.163790583610534668e+00
1.249793171882629395e+00
6.859245896339416504e-01
3.322965204715728760e-01
-1.226570248603820801e+00
-3.920186460018157959e-01
3.944961726665496826e-01
4.813248515129089355e-01
-3.325985372066497803e-01
1.863090693950653076e-01
-1.871042847633361816e+00
-5.734032765030860901e-02
7.059732079505920410e-01
-7.874886989593505859e-01
-2.684326469898223877e-01
1.956075072288513184e+00
8.563702702522277832e-01
3.346129655838012695e-01
2.467187345027923584e-01
-6.944623589515686035e-01
-6.069911718368530273e-01
1.631994366645812988e+00
-1.430193424224853516e+00
1.889937400817871094e+00
5.677450895309448242e-01
-8.114555478096008301e-01
1.667926073074340820e+00
5.870887264609336853e-02
2.494977563619613647e-01
2.429177165031433105e-01
2.394314557313919067e-01
6.283466815948486328e-01
-1.273327350616455078e+00
-2.600422203540802002e-01
2.580255866050720215e-01
-3.762150704860687256e-01
-1.422504484653472900e-01
-8.508921861648559570e-01
1.113776206970214844e+00
-1.195307075977325439e-01
4.692389965057373047e-01
-5.159321427345275879e-01
-4.978859126567840576e-01
6.271710991859436035e-02
1.215714216232299805e+00
4.525811076164245605e-01
-4.871466755867004395e-01
2.094760388135910034e-01
-2.988341748714447021e-01
-1.915654987096786499e-01
-9.612036868929862976e-03
-1.256560444831848145e+00
-7.570610642433166504e-01
-3.534371033310890198e-02
-4.208616018295288086e-01
1.156424641609191895e+00
1.343795776367187500e+00
7.233923077583312988e-01
-1.502074301242828369e-01
1.708328425884246826e-01
-9.896466135978698730e-01
1.742033958435058594e+00
1.230963230133056641e+00
-6.888420581817626953e-01
4.421295970678329468e-02
-5.147027373313903809e-01
8.654674887657165527e-02
-1.419222205877304077e-01
-3.786124587059020996e-01
-7.699161171913146973e-01
2.138623476028442383e+00
-1.652136594057083130e-01
1.558055996894836426e+00
7.487235665321350098e-01
2.527529140934348106e-04
6.976504921913146973e-01
-9.871029257774353027e-01
1.218808531761169434e+00
2.232249230146408081e-01
-4.574214667081832886e-02
-1.650668501853942871e+00
-5.276725068688392639e-02
-8.310773372650146484e-01
4.912816584110260010e-01
-1.434060692787170410e+00
4.444381892681121826e-01
-3.207234442234039307e-01
-3.665231466293334961e-01
-2.352045327425003052e-01
-2.916206791996955872e-02
-1.165311694145202637e+00
1.047503873705863953e-01
3.219236731529235840e-01
8.592475652694702148e-01
1.548345804214477539e+00
8.063629865646362305e-01
1.251316666603088379e-01
-4.325533509254455566e-01
-1.592547893524169922e+00
8.948098421096801758e-01
1.243437767028808594e+00
3.134422302246093750e-01
1.390899538993835449e+00
-2.286818504333496094e+00
5.299845933914184570e-01
4.314800724387168884e-02
1.574129760265350342e-01
-1.239701628684997559e+00
-6.862569451332092285e-01
1.804595351219177246e+00
-6.419936418533325195e-01
1.281172037124633789e+00
3.132438659667968750e-01
-1.007449388504028320e+00
-5.983174443244934082e-01
-9.197269380092620850e-02
-7.789353132247924805e-01
-1.746537834405899048e-01
-1.683887600898742676e+00
2.284311294555664062e+00
9.100723266601562500e-01
-3.207647800445556641e-01
-8.634385466575622559e-01
3.612163960933685303e-01
1.119055986404418945e+00
-4.164328053593635559e-02
-3.327252566814422607e-01
-3.464265763759613037e-01
6.367902159690856934e-01
9.715977907180786133e-01
-3.200440406799316406e-01
-5.508303046226501465e-01
8.165667057037353516e-01
1.335353612899780273e+00
2.262988835573196411e-01
1.251490235328674316e+00
5.693410038948059082e-01
1.558127284049987793e+00
6.245701909065246582e-01
-1.370877861976623535e+00
-1.133056521415710449e+00
1.394405215978622437e-01
1.314156413078308105e+00
-1.710162460803985596e-01
-1.055166125297546387e-01
-2.370484590530395508e+00
-1.027170300483703613e+00
-7.561973333358764648e-01
-3.203588724136352539e-02
3.557629585266113281e-01
-4.205864369869232178e-01
-1.630579710006713867e+00
-1.238782182335853577e-01
-7.416784763336181641e-02
-1.276621103286743164e+00
-3.141315281391143799e-01
-1.374109089374542236e-01
2.677082300186157227e+00
2.279063910245895386e-01
-1.688668280839920044e-01
-1.534488797187805176e+00
-1.172900557518005371e+00
-1.087235927581787109e+00
7.145892381668090820e-01
1.969362646341323853e-01
-1.023331046104431152e+00
-1.763215065002441406e+00
-8.318404555320739746e-01
1.585077792406082153e-01
-8.447959274053573608e-02
7.282446622848510742e-01
1.470165014266967773e+00
-2.690458893775939941e-01
-4.514899253845214844e-01
-9.956039786338806152e-01
7.268451452255249023e-01
7.815923094749450684e-01
9.017035961151123047e-01
2.315938025712966919e-01
-1.720590740442276001e-01
2.514391541481018066e-01
-6.271679997444152832e-01
-7.413414120674133301e-01
6.881163120269775391e-01
-1.635068178176879883e+00
3.656180575489997864e-02
-1.489559933543205261e-02
4.451496303081512451e-01
-8.137127161026000977e-01
-3.149701654911041260e-01
2.177868604660034180e+00
5.028845071792602539e-01
1.045002229511737823e-02
1.685165405273437500e+00
-8.958116173744201660e-01
-2.088398188352584839e-01
4.647791981697082520e-01
-4.377007186412811279e-01
-1.258121967315673828e+00
3.966451287269592285e-01
1.638908386230468750e+00
-5.846745371818542480e-01
6.036441773176193237e-03
3.682610988616943359e-01
7.052166461944580078e-01
7.837044000625610352e-01
2.824821472167968750e-01
-6.516978740692138672e-01
9.014921188354492188e-01
2.839353799819946289e+00
-4.268723428249359131e-01
4.273017048835754395e-01
7.673537731170654297e-01
6.691383719444274902e-01
-1.668624401092529297e+00
9.064934253692626953e-01
-3.819063678383827209e-02
-4.811500906944274902e-01
2.346668839454650879e-01
-6.111467480659484863e-01
4.112269878387451172e-01
1.204076170921325684e+00
-1.453926563262939453e+00
8.225938677787780762e-01
-6.631792187690734863e-01
-2.864000946283340454e-02
-2.200651884078979492e+00
1.452057957649230957e-01
1.594074964523315430e+00
-8.087421655654907227e-01
-3.185384750366210938e+00
3.868829011917114258e-01
5.035443902015686035e-01
-9.212876558303833008e-01
-1.319226622581481934e-01
-7.217455655336380005e-02
7.065631747245788574e-01
1.182155534625053406e-01
2.409577369689941406e-01
1.717088967561721802e-01
-1.356906141154468060e-04
-1.150983214378356934e+00
4.158858358860015869e-01
1.692042946815490723e+00
1.641547679901123047e+00
-2.301639318466186523e-01
8.449890613555908203e-01
-1.545715332031250000e+00
-1.242502480745315552e-01
-1.592630147933959961e-01
3.689877986907958984e-01
1.586171686649322510e-01
2.431151717901229858e-01
-1.083308100700378418e+00
-4.112454950809478760e-01
9.182056784629821777e-01
-6.432117819786071777e-01
1.061337590217590332e+00
6.019877791404724121e-01
-2.542612850666046143e-01
2.158179692924022675e-02
2.547657191753387451e-01
5.996180772781372070e-01
7.858188748359680176e-01
8.990960121154785156e-01
9.348486661911010742e-01
1.065343260765075684e+00
4.449560642242431641e-01
2.530806660652160645e-01
3.949568271636962891e-01
-1.670728623867034912e-01
-6.403100490570068359e-01
-3.238173723220825195e-01
-5.677425861358642578e-01
6.797392964363098145e-01
1.623288869857788086e+00
-3.602159768342971802e-02
-6.848240643739700317e-02
6.072133779525756836e-01
5.015251636505126953e-01
-1.663751721382141113e+00
5.396372079849243164e-01
-3.376535475254058838e-01
-3.360561430454254150e-01
-1.177952662110328674e-01
6.148225069046020508e-01
-4.151500463485717773e-01
1.610305905342102051e+00
5.456771850585937500e-01
6.783677339553833008e-01
3.270212328061461449e-03
1.109882235527038574e+00
-2.795352041721343994e-01
8.347121998667716980e-03
8.443637751042842865e-03
-1.037599682807922363e+00
1.012161016464233398e+00
8.101463913917541504e-01
5.130767226219177246e-01
-1.442040503025054932e-01
7.015101909637451172e-01
3.110162615776062012e-01
-7.562722563743591309e-01
1.602505564689636230e+00
-8.170892596244812012e-01
6.109281778335571289e-01
-4.666215777397155762e-01
-9.420064091682434082e-01
1.389797449111938477e+00
-9.097861647605895996e-01
3.587970510125160217e-02
-3.526490032672882080e-01
9.344161748886108398e-01
2.090470045804977417e-01
-1.537878155708312988e+00
1.024132013320922852e+00
-3.924619555473327637e-01
5.735607743263244629e-01
1.948398709297180176e+00
-1.228846430778503418e+00
-9.375655055046081543e-01
-5.526858195662498474e-02
3.576267510652542114e-02
1.036160826683044434e+00
-1.427448689937591553e-01
-6.792952418327331543e-01
6.267928481101989746e-01
-1.161510467529296875e+00
-5.606604814529418945e-01
1.927561998367309570e+00
3.333905935287475586e-01
-1.685813218355178833e-01
1.199662610888481140e-01
-4.695630967617034912e-01
-8.027507066726684570e-01
-1.067534923553466797e+00
1.849608302116394043e+00
1.173351779580116272e-01
-2.936641871929168701e-01
-1.177800893783569336e+00
-5.009949207305908203e-01
9.356383681297302246e-01
1.131603002548217773e+00
-9.965894222259521484e-01
2.012157887220382690e-01
1.007267594337463379e+00
-4.046022891998291016e-01
8.522970080375671387e-01
-7.554447054862976074e-01
3.238678872585296631e-01
7.905308008193969727e-01
-1.828931450843811035e+00
1.717283606529235840e+00
-4.079968333244323730e-01
4.511030018329620361e-02
1.291135311126708984e+00
2.398214936256408691e-01
1.032762974500656128e-01
-1.075014948844909668e+00
3.235279023647308350e-02
3.253934383392333984e-01
-1.283267855644226074e+00
-6.747089624404907227e-01
1.428611874580383301e+00
5.296763777732849121e-01
-6.881464719772338867e-01
1.390392184257507324e+00
-1.359086275100708008e+00
-2.924464344978332520e-01
8.663601875305175781e-01
-3.920330107212066650e-01
8.778355717658996582e-01
-3.430430293083190918e-01
-1.367918550968170166e-01
1.385593414306640625e+00
6.424047946929931641e-01
-4.797372221946716309e-01
2.089592456817626953e+00
9.762972593307495117e-01
1.328342080116271973e+00
1.440536618232727051e+00
-3.203001022338867188e-01
5.745180249214172363e-01
-2.465839624404907227e+00
8.866455554962158203e-01
-3.703289330005645752e-01
5.036395192146301270e-01
4.443096518516540527e-01
2.925146818161010742e-01
-1.089130520820617676e+00
1.674374938011169434e+00
1.457555651664733887e+00
-1.698384881019592285e+00
-1.471063494682312012e-01
1.104953646659851074e+00
5.725896954536437988e-01
6.268127560615539551e-01
5.177658796310424805e-01
1.258230805397033691e+00
-1.574064970016479492e+00
-1.860602051019668579e-01
2.487880140542984009e-01
-1.150079131126403809e+00
-3.453438580036163330e-01
-4.772442281246185303e-01
6.804040074348449707e-01
2.619009912014007568e-01
-2.643472850322723389e-01
-5.221019387245178223e-01
-1.914912581443786621e+00
-1.881142735481262207e+00
-3.094628751277923584e-01
5.657195448875427246e-01
-2.648994028568267822e-01
7.401695847511291504e-02
1.593113094568252563e-01
1.754907369613647461e+00
-1.271175444126129150e-01
1.083301380276679993e-01
1.625145077705383301e+00
-1.799775958061218262e+00
-7.469078898429870605e-01
-1.204526066780090332e+00
-4.354445338249206543e-01
-7.796100974082946777e-01
-1.953620195388793945e+00
-4.538750648498535156e-01
3.886132538318634033e-01
2.932079732418060303e-01
8.034574985504150391e-01
-6.646855473518371582e-01
3.486687839031219482e-01
2.646165490150451660e-01
2.524371623992919922e+00
-8.128871321678161621e-01
-2.150238275527954102e+00
-5.099367499351501465e-01
-4.473584592342376709e-01
-9.516399502754211426e-01
7.246834635734558105e-01
2.272146493196487427e-01
-1.259637773036956787e-01
1.651110649108886719e+00
1.841929912567138672e+00
-2.580183930695056915e-02
8.435799479484558105e-01
-2.053332090377807617e+00
-1.281145095825195312e+00
1.737760007381439209e-02
-1.603371739387512207e+00
2.093344628810882568e-01
7.737531065940856934e-01
1.552529096603393555e+00
-9.227745532989501953e-01
-1.740461111068725586e+00
1.109822273254394531e+00
1.005132794380187988e+00
-8.072776794433593750e-01
-5.434815883636474609e-01
1.317418694496154785e+00
-4.869308471679687500e-01
-3.883296847343444824e-01
4.443195760250091553e-01
-1.315396666526794434e+00
-9.742365479469299316e-01
8.226241171360015869e-02
2.599004507064819336e-01
2.086106538772583008e+00
1.403133571147918701e-02
1.763145029544830322e-01
-1.882622241973876953e+00
2.390408217906951904e-01
-6.375599503517150879e-01
1.529158592224121094e+00
2.260538339614868164e-01
-3.571730256080627441e-01
1.021909356117248535e+00
-7.350637912750244141e-01
7.799134254455566406e-01
-1.369878768920898438e+00
1.351769566535949707e+00
3.232396543025970459e-01
-2.893542647361755371e-01
2.530318200588226318e-01
3.258093297481536865e-01
1.872041106224060059e+00
-8.002676069736480713e-03
1.488751620054244995e-01
3.869725465774536133e-01
5.179804190993309021e-02
4.079889357089996338e-01
2.999334931373596191e-01
-1.871260881423950195e+00
1.981631755828857422e+00
-2.668838500976562500e-01
1.597646474838256836e+00
1.220179915428161621e+00
2.447546869516372681e-01
3.943164944648742676e-01
-1.661858677864074707e+00
1.222002148628234863e+00
-5.691170692443847656e-01
-1.950486660003662109e+00
1.386659860610961914e+00
9.037967026233673096e-02
-3.945355117321014404e-01
-4.633841216564178467e-01
-1.219458460807800293e+00
-1.608025074005126953e+00
-2.018038779497146606e-01
1.306370794773101807e-01
7.362393736839294434e-01
7.340014576911926270e-01
-1.186541080474853516e+00
-1.787707686424255371e+00
8.340266346931457520e-02
1.633848786354064941e+00
3.388099744915962219e-02
1.369997859001159668e+00
7.389361858367919922e-01
1.108682632446289062e+00
9.869142770767211914e-01
5.689005851745605469e-01
1.022198677062988281e+00
4.169332683086395264e-01
-1.296128034591674805e+00
-9.278314709663391113e-01
-5.363248586654663086e-01
7.361065149307250977e-01
-6.358698010444641113e-01
-3.075795173645019531e+00
2.121802091598510742e+00
8.067210912704467773e-01
3.852341175079345703e-01
-7.930422425270080566e-01
1.497865915298461914e-01
-2.889331579208374023e-01
3.152084648609161377e-01
-1.383956968784332275e-01
5.478956699371337891e-01
1.626806616783142090e+00
-3.964649438858032227e-01
