7.000070810317993164e-02
-6.467289924621582031e-01
-3.917163312435150146e-01
5.125440657138824463e-02
4.163205623626708984e-01
1.349669247865676880e-01
7.747882008552551270e-01
-3.055986762046813965e-01
-1.938477039337158203e+00
7.196795344352722168e-01
-4.529138803482055664e-01
3.812615871429443359e-01
-1.550333499908447266e+00
8.970764875411987305e-01
8.920193314552307129e-01
4.711705744266510010e-01
2.563895881175994873e-01
-9.577873945236206055e-01
4.594615101814270020e-01
-1.418643832206726074e+00
-7.762429118156433105e-01
1.710921049118041992e+00
-4.456218481063842773e-01
-5.139207839965820312e-01
-4.102662578225135803e-02
2.449520081281661987e-01
-1.682764440774917603e-01
-8.341165781021118164e-01
-1.960984468460083008e+00
-6.179675459861755371e-01
2.089513063430786133e+00
-4.760657250881195068e-01
-2.703709602355957031e-01
-2.052657753229141235e-01
7.991253733634948730e-01
-1.201813459396362305e+00
3.931149542331695557e-01
-1.190107703208923340e+00
2.045269727706909180e+00
8.234874010086059570e-01
-9.574941396713256836e-01
-7.912689447402954102e-01
6.058449149131774902e-01
-3.225220441818237305e-01
8.315916657447814941e-01
1.986330509185791016e+00
2.308553308248519897e-01
-5.652003884315490723e-01
-2.211191892623901367e+00
3.400984704494476318e-01
4.700820427387952805e-03
1.246764779090881348e+00
1.421373486518859863e+00
1.847521811723709106e-01
-4.741780161857604980e-01
2.520485639572143555e+00
-1.269472122192382812e+00
8.063106536865234375e-01
-9.542055130004882812e-01
4.706237912178039551e-01
1.030425906181335449e+00
-1.804337382316589355e+00
1.872404292225837708e-02
7.860379219055175781e-01
2.612250447273254395e-01
2.029878139495849609e+00
4.231927096843719482e-01
4.419668614864349365e-01
1.079850316047668457e+00
1.846556961536407471e-01
-1.281204074621200562e-01
3.373169004917144775e-01
1.078722715377807617e+00
1.912141889333724976e-01
1.083814740180969238e+00
-4.964581429958343506e-01
-7.114470005035400391e-01
-6.992659568786621094e-01
4.142402857542037964e-02
4.427169263362884521e-01
1.056376546621322632e-01
-6.007965803146362305e-01
-1.075377941131591797e+00
-5.637182593345642090e-01
-9.824406504631042480e-01
-4.084591269493103027e-01
3.745828568935394287e-01
1.416731595993041992e+00
2.191741317510604858e-01
-1.546041727066040039e+00
-5.392327308654785156e-01
4.191020727157592773e-01
1.279669165611267090e+00
-1.264404296875000000e+00
-2.127511501312255859e+00
1.724882125854492188e+00
1.910390257835388184e-01
-2.878157198429107666e-01
-6.412648558616638184e-01
2.127596437931060791e-01
8.463839888572692871e-01
-1.888408899307250977e+00
-3.382457733154296875e+00
-5.109376907348632812e-01
1.200811028480529785e+00
-1.219971776008605957e+00
-8.356638550758361816e-01
-1.084393501281738281e+00
-5.029423236846923828e-01
-3.856399059295654297e-01
2.842895388603210449e-01
-8.724017143249511719e-01
-3.817125856876373291e-01
9.463461637496948242e-01
-1.602559924125671387e+00
8.144566416740417480e-01
-4.450824558734893799e-01
-4.011057019233703613e-01
1.977834999561309814e-01
3.450466990470886230e-01
-1.643174886703491211e-01
-1.059039592742919922e+00
1.231295585632324219e+00
4.146313965320587158e-01
-5.648803114891052246e-01
-2.280329763889312744e-01
1.096827864646911621e+00
-2.527698874473571777e-01
7.663784027099609375e-01
-1.922323852777481079e-01
1.033443957567214966e-01
2.151517391204833984e+00
5.517389997839927673e-02
-3.298898935317993164e+00
6.161091923713684082e-01
9.833058118820190430e-01
-4.838981330394744873e-01
5.804840326309204102e-01
9.797540307044982910e-01
-1.354374885559082031e+00
-8.987739086151123047e-01
1.795423865318298340e+00
-4.762174785137176514e-01
-1.363698124885559082e+00
5.908693075180053711e-01
1.150073558092117310e-01
-1.641551613807678223e+00
9.986876845359802246e-01
-2.966426312923431396e-01
-6.693487167358398438e-01
5.359468460083007812e-01
-1.176007866859436035e+00
-9.928835034370422363e-01
1.705461025238037109e+00
5.975654125213623047e-01
1.138242363929748535e+00
1.213957071304321289e+00
8.137345314025878906e-01
-4.852767288684844971e-01
6.763660311698913574e-01
-1.285077810287475586e+00
-2.465798407793045044e-01
1.175723195075988770e+00
7.229886651039123535e-01
-1.010415077209472656e+00
-1.326084852218627930e+00
-3.745069801807403564e-01
-8.743893504142761230e-01
-1.284539103507995605e+00
-9.782486557960510254e-01
2.123388290405273438e+00
-9.399443864822387695e-02
1.813472747802734375e+00
2.371479511260986328e+00
1.133952498435974121e+00
-2.082335203886032104e-01
1.571992158889770508e+00
2.001239061355590820e+00
3.721075057983398438e-01
-1.792321562767028809e+00
-4.413626790046691895e-01
-1.435103297233581543e+00
2.386164814233779907e-01
1.205011680722236633e-01
-1.068128228187561035e+00
-1.159504055976867676e+00
-2.859830260276794434e-01
1.232851266860961914e+00
-8.561827540397644043e-01
3.847736120223999023e-01
9.589908272027969360e-02
1.383052349090576172e+00
-4.301043599843978882e-02
-3.195168077945709229e-01
-2.633594572544097900e-01
1.116753578186035156e+00
-7.244185805320739746e-01
-1.158720970153808594e+00
2.513571381568908691e-01
1.582752466201782227e-01
-7.702294588088989258e-01
2.093345642089843750e+00
-1.333339512348175049e-01
8.614278435707092285e-01
1.455031991004943848e+00
9.460974931716918945e-01
-1.523337364196777344e-01
-5.772733092308044434e-01
6.710812449455261230e-01
-3.956123590469360352e-01
-1.269173622131347656e-01
-1.368819236755371094e+00
-1.473230719566345215e-01
-1.182499527931213379e+00
1.599871516227722168e+00
-3.046920299530029297e-01
4.000726342201232910e-01
-7.811625599861145020e-01
-1.165713548660278320e+00
1.248803138732910156e+00
-1.263450503349304199e+00
-7.001779079437255859e-01
4.220122098922729492e-01
1.229132175445556641e+00
4.473457038402557373e-01
6.372263431549072266e-01
-1.351546049118041992e+00
-6.201945990324020386e-02
7.870019078254699707e-01
-4.663980901241302490e-01
9.156035184860229492e-01
-1.872478425502777100e-01
-4.222877025604248047e-01
-5.101144909858703613e-01
8.030006289482116699e-01
2.381598204374313354e-01
-1.694514870643615723e+00
1.802454113960266113e+00
-1.123861670494079590e+00
7.524945139884948730e-01
-1.127966403961181641e+00
2.575000524520874023e+00
-2.096912860870361328e+00
-1.939663052558898926e+00
-1.478231072425842285e+00
-5.514824390411376953e-01
3.460355475544929504e-02
-8.229640722274780273e-01
1.778726130723953247e-01
-1.775068640708923340e+00
-1.717366933822631836e+00
5.187035202980041504e-01
2.244032382965087891e+00
-1.311143994331359863e+00
-9.460066445171833038e-03
1.750871419906616211e+00
-3.333819210529327393e-01
6.574526429176330566e-01
6.230056881904602051e-01
-1.321625947952270508e+00
-2.234340161085128784e-01
-5.227581262588500977e-01
1.113487720489501953e+00
-2.403368353843688965e-01
-3.700511455535888672e-01
-3.872975939884781837e-03
3.761451840400695801e-01
-2.871633470058441162e-01
-2.103929519653320312e-01
-7.120776772499084473e-01
-7.162221670150756836e-01
4.243984818458557129e-02
-8.099899888038635254e-01
-4.847209751605987549e-01
-8.659682869911193848e-01
2.164307117462158203e+00
-1.190210461616516113e+00
7.398102879524230957e-01
-3.341511785984039307e-01
6.913968920707702637e-01
-8.285697102546691895e-01
5.763294100761413574e-01
-1.219296813011169434e+00
1.013338088989257812e+00
5.180648565292358398e-01
-1.422694563865661621e+00
-2.325284034013748169e-01
5.681896954774856567e-02
-4.560668766498565674e-01
-5.988397598266601562e-01
1.773268938064575195e+00
8.179084658622741699e-01
1.212915539741516113e+00
7.328803539276123047e-01
1.941493391990661621e+00
-5.274595618247985840e-01
9.379023313522338867e-01
8.074363470077514648e-01
6.641747951507568359e-01
1.304434537887573242e+00
-5.407961606979370117e-01
-7.372747659683227539e-01
4.464178532361984253e-02
2.136017829179763794e-01
-3.442682325839996338e-01
-1.028178811073303223e+00
1.913342237472534180e+00
-1.403997063636779785e+00
-1.438181519508361816e+00
-1.351536154747009277e+00
2.457075864076614380e-01
8.011816740036010742e-01
7.571071386337280273e-01
-7.716427445411682129e-01
4.669761359691619873e-01
-1.176374197006225586e+00
-3.688652813434600830e-01
1.359462380409240723e+00
-2.172558546066284180e+00
-2.202775031328201294e-01
-1.288149952888488770e-01
-6.496258378028869629e-01
-1.100760698318481445e+00
-2.035310745239257812e+00
8.888896554708480835e-02
-1.573763787746429443e-01
-1.039828062057495117e+00
4.133584797382354736e-01
-1.668753266334533691e+00
-6.272202730178833008e-01
1.499234080314636230e+00
1.285721421241760254e+00
-2.849680185317993164e-01
-1.201025694608688354e-01
4.775785207748413086e-01
-9.048396348953247070e-01
-8.694086670875549316e-01
-1.715284228324890137e+00
2.113986946642398834e-02
-9.372473955154418945e-01
-1.429884552955627441e+00
-2.805259823799133301e-02
-1.554062366485595703e-01
1.139364615082740784e-01
-6.521301269531250000e-01
-9.687855243682861328e-01
2.416359484195709229e-01
-8.172463178634643555e-01
-6.848124787211418152e-03
4.154749512672424316e-01
1.807933211326599121e+00
1.206175088882446289e+00
-8.686750531196594238e-01
-3.241208076477050781e+00
-4.581039547920227051e-01
-2.020854502916336060e-01
-2.079860210418701172e+00
6.407606005668640137e-01
-5.352633818984031677e-02
1.871632933616638184e-01
6.190733909606933594e-01
2.328943312168121338e-01
2.106078714132308960e-01
1.047812700271606445e+00
1.885163933038711548e-01
-7.278401851654052734e-01
6.095210909843444824e-01
-5.096579194068908691e-01
-3.090707063674926758e-01
5.277555584907531738e-01
1.437330394983291626e-01
-3.251185119152069092e-01
-1.172418355941772461e+00
-5.979837775230407715e-01
-5.648655295372009277e-01
1.044243454933166504e+00
1.870728135108947754e+00
1.434090971946716309e+00
1.911875963211059570e+00
-4.205613434314727783e-01
-1.051373124122619629e+00
-1.842683404684066772e-01
1.711864233016967773e+00
-1.971692591905593872e-02
-4.461235105991363525e-01
-1.094681262969970703e+00
1.108339548110961914e+00
4.594393670558929443e-01
-1.781109809875488281e+00
-4.636683166027069092e-01
-2.219498157501220703e+00
5.786486435681581497e-03
1.430502653121948242e+00
7.602475285530090332e-01
1.962932109832763672e+00
-4.986438453197479248e-01
1.415582776069641113e+00
1.405650615692138672e+00
-8.274559974670410156e-01
-6.062366813421249390e-02
-3.747894167900085449e-01
-5.396577119827270508e-01
-1.614882647991180420e-01
1.071546912193298340e+00
-1.482599377632141113e-01
-1.227781176567077637e+00
6.117909550666809082e-01
2.628168463706970215e-02
-9.403439760208129883e-01
-2.034292966127395630e-01
-1.573942422866821289e+00
7.084978371858596802e-02
-1.677828192710876465e+00
-1.616866141557693481e-01
-1.491648077964782715e+00
1.716849356889724731e-01
-2.120734155178070068e-01
-1.869986802339553833e-01
9.573995471000671387e-01
1.007132887840270996e+00
4.208829402923583984e-01
2.749547734856605530e-02
-1.135748475790023804e-01
1.495949029922485352e+00
-1.468484640121459961e+00
-9.759874939918518066e-01
-5.580027699470520020e-01
5.154739618301391602e-01
4.366551935672760010e-01
1.893573105335235596e-01
2.402151376008987427e-01
-8.449511528015136719e-01
1.837288588285446167e-01
-4.200051128864288330e-01
-4.101966619491577148e-01
5.450073480606079102e-01
2.158198118209838867e+00
-2.783926725387573242e-01
2.698171615600585938e+00
-1.111218556761741638e-01
8.073378801345825195e-01
4.606656357645988464e-02
-4.074456989765167236e-01
1.506211608648300171e-01
-1.622348666191101074e+00
-1.368432641029357910e+00
1.608889818191528320e+00
-1.926688194274902344e+00
-2.721771299839019775e-01
4.497301280498504639e-01
-9.355930089950561523e-01
3.421643674373626709e-01
2.038340806961059570e+00
8.469120860099792480e-01
-6.259307861328125000e-01
-8.347165584564208984e-01
-1.523997902870178223e+00
-1.637164056301116943e-01
-1.272081136703491211e+00
1.074498057365417480e+00
-1.399555802345275879e+00
9.339420199394226074e-01
1.038979768753051758e+00
-9.141811132431030273e-01
-9.872372150421142578e-01
4.735389649868011475e-01
1.512374639511108398e+00
1.217648148536682129e+00
3.242338821291923523e-02
-2.541093826293945312e+00
9.675902724266052246e-01
9.821953177452087402e-01
2.709543704986572266e-01
-7.298144698143005371e-01
-3.985798060894012451e-01
-1.394916892051696777e+00
5.158234238624572754e-01
-5.556769371032714844e-01
1.533095598220825195e+00
-7.412049770355224609e-01
-8.180871605873107910e-01
-1.143351554870605469e+00
-6.054482460021972656e-01
-4.954329729080200195e-01
6.447845697402954102e-01
6.948231458663940430e-01
4.548685625195503235e-02
4.090855717658996582e-01
1.605820536613464355e+00
6.609629988670349121e-01
9.143835902214050293e-01
-2.263929992914199829e-01
9.172847270965576172e-01
-2.778168618679046631e-01
1.174733161926269531e+00
1.477674365043640137e+00
-1.730196595191955566e+00
4.015188515186309814e-01
1.870594263076782227e+00
-7.180709242820739746e-01
-1.047881245613098145e+00
-1.005964994430541992e+00
-6.873864531517028809e-01
1.673546195030212402e+00
-2.364611864089965820e+00
6.083217263221740723e-01
2.109802961349487305e+00
9.658024907112121582e-01
2.144330501556396484e+00
2.239912152290344238e-01
-6.437894701957702637e-01
1.493714094161987305e+00
-4.670953750610351562e-01
-6.460271477699279785e-01
2.182962447404861450e-01
-9.476984739303588867e-01
1.340162158012390137e+00
1.608064770698547363e+00
3.600663840770721436e-01
2.132170349359512329e-01
3.019142150878906250e-01
-8.569824695587158203e-01
-5.198588967323303223e-01
-1.398733377456665039e+00
-6.168813705444335938e-01
-1.756573915481567383e-01
6.498651504516601562e-01
4.987424612045288086e-01
-6.900748014450073242e-01
4.732110500335693359e-01
-1.051492333412170410e+00
-1.358304500579833984e+00
-4.163022637367248535e-01
-6.949729919433593750e-01
-4.869928956031799316e-01
-8.647754043340682983e-02
-8.121479749679565430e-01
1.660120636224746704e-01
-1.192418098449707031e+00
1.934396922588348389e-01
-1.475461602210998535e+00
8.654401898384094238e-01
5.956465005874633789e-01
2.077278941869735718e-01
-3.079269230365753174e-01
-3.562370240688323975e-01
-1.154513478279113770e+00
1.373607873916625977e+00
7.721976637840270996e-01
-2.605125010013580322e-01
3.361929059028625488e-01
2.832962572574615479e-01
-5.880530178546905518e-02
1.561410546302795410e+00
9.932819604873657227e-01
-1.575735449790954590e+00
-2.224116325378417969e+00
-1.070590391755104065e-01
5.182409286499023438e-01
8.148564100265502930e-01
2.353097200393676758e-01
2.928209006786346436e-01
-7.754242420196533203e-01
-1.959004163742065430e+00
-2.151011705398559570e+00
-5.309101343154907227e-01
1.199976444244384766e+00
3.722625970840454102e-02
-8.583395741879940033e-03
2.001744985580444336e+00
-6.787745952606201172e-01
-3.594996929168701172e-01
1.726471185684204102e+00
1.536793470382690430e+00
9.267459511756896973e-01
5.408466458320617676e-01
1.181724309921264648e+00
5.444782376289367676e-01
-8.879867792129516602e-01
-5.809003114700317383e-01
-1.028082966804504395e-01
1.308853030204772949e+00
-7.241722941398620605e-01
-1.344248890876770020e+00
9.743764400482177734e-01
-1.735011100769042969e+00
1.929259896278381348e+00
2.079927772283554077e-01
4.032494127750396729e-01
-2.287780046463012695e+00
-5.989200472831726074e-01
1.835042238235473633e-01
-1.027890205383300781e+00
7.128778696060180664e-01
-9.617843478918075562e-02
-2.138033807277679443e-01
-1.506007909774780273e-01
-1.703946352005004883e+00
9.547776579856872559e-01
-1.918682932853698730e+00
-1.319310069084167480e-02
8.707389831542968750e-01
-5.330089926719665527e-01
-8.000174760818481445e-01
-1.443262338638305664e+00
2.307242155075073242e-02
4.121372997760772705e-01
-5.514003038406372070e-01
6.929938793182373047e-01
2.908480167388916016e-01
-9.782152771949768066e-01
-4.834644496440887451e-01
2.731668233871459961e+00
-3.864203691482543945e-01
7.730885744094848633e-01
-1.819244176149368286e-01
-3.038234710693359375e+00
-8.643285036087036133e-01
-6.816812157630920410e-01
-1.096489191055297852e+00
-4.324172735214233398e-01
2.315896153450012207e-01
-7.812395691871643066e-01
4.037469252943992615e-02
4.361414611339569092e-01
-5.215380787849426270e-01
-5.982701480388641357e-02
1.541147589683532715e+00
-1.389686346054077148e+00
-1.817130744457244873e-01
-6.091235876083374023e-01
3.020546913146972656e+00
1.718183159828186035e+00
5.473964810371398926e-01
-1.161004543304443359e+00
-9.529058337211608887e-01
1.693406462669372559e+00
-2.195300102233886719e+00
-8.181989789009094238e-01
-1.185444116592407227e+00
5.414273142814636230e-01
-1.103339433670043945e+00
-1.271317124366760254e+00
1.084974884986877441e+00
1.716114640235900879e+00
4.147613048553466797e-01
1.688487410545349121e+00
1.881490230560302734e+00
2.050901174545288086e+00
1.814277172088623047e+00
2.934394776821136475e-01
2.945377826690673828e-01
2.053420066833496094e+00
-1.635982394218444824e+00
1.719319581985473633e+00
7.308003306388854980e-01
-9.546061158180236816e-01
-1.102416515350341797e+00
-7.074306011199951172e-01
3.192319869995117188e-01
2.053870260715484619e-01
-5.799452662467956543e-01
-1.488506674766540527e+00
1.143647670745849609e+00
1.810516595840454102e+00
8.111670613288879395e-01
-9.685508012771606445e-01
-3.993116319179534912e-01
-1.585034847259521484e+00
2.567588724195957184e-02
4.649147391319274902e-02
-9.785843491554260254e-01
4.667220711708068848e-01
-6.284931302070617676e-01
-1.391096591949462891e+00
1.508604884147644043e-01
1.010231733322143555e+00
-2.019870042800903320e+00
-1.387944221496582031e-01
1.119648814201354980e+00
-1.317637681961059570e+00
4.919907748699188232e-01
5.494862198829650879e-01
-1.718804121017456055e+00
6.500747203826904297e-01
1.606396794319152832e+00
9.952090978622436523e-01
-8.353199362754821777e-01
3.568462729454040527e-01
-1.183736920356750488e-01
-1.320052742958068848e+00
-4.994210302829742432e-01
-1.092987537384033203e+00
5.740652680397033691e-01
1.221861124038696289e+00
-5.900970697402954102e-01
6.696481704711914062e-01
1.279821753501892090e+00
-2.102147489786148071e-01
-1.497168421745300293e+00
1.403902411460876465e+00
2.011094570159912109e+00
5.371100902557373047e-01
1.221319913864135742e+00
-5.581955909729003906e-01
7.249730229377746582e-01
-7.062124013900756836e-01
-9.517437219619750977e-01
1.335602521896362305e+00
-9.528193622827529907e-02
1.274049758911132812e+00
-2.333374768495559692e-01
1.607312113046646118e-01
1.136648058891296387e+00
-2.181312084197998047e+00
3.411562442779541016e-01
1.265187501907348633e+00
2.703754425048828125e+00
-8.914846181869506836e-01
-3.271139562129974365e-01
-2.680420875549316406e+00
1.304545998573303223e+00
-2.258015871047973633e+00
3.139458298683166504e-01
5.392553210258483887e-01
-4.605449736118316650e-01
-3.874908089637756348e-01
1.244214653968811035e+00
3.130548894405364990e-01
4.744550883769989014e-01
2.850860357284545898e+00
-3.636323809623718262e-01
2.126973152160644531e+00
-1.428353637456893921e-01
9.102445840835571289e-01
-8.344777822494506836e-01
-2.768684029579162598e-01
1.466362476348876953e+00
-8.988637924194335938e-01
1.125276565551757812e+00
-9.842391014099121094e-01
-9.966287612915039062e-01
-1.005178928375244141e+00
-2.363282293081283569e-01
1.229155302047729492e+00
8.168914355337619781e-03
7.940273880958557129e-01
-3.756097555160522461e-01
-1.559219837188720703e+00
-1.824111938476562500e+00
8.547700047492980957e-01
6.305629611015319824e-01
-1.047901034355163574e+00
7.826430797576904297e-01
-1.422962993383407593e-01
1.138384863734245300e-01
8.486474156379699707e-01
-2.168300747871398926e-01
-3.437535464763641357e-01
1.949383020401000977e+00
2.914583683013916016e-01
-1.126536488533020020e+00
-9.758251309394836426e-01
2.179729938507080078e-01
1.188544988632202148e+00
7.717784643173217773e-01
-2.347244322299957275e-01
-3.742327913641929626e-02
-1.478586792945861816e+00
-1.653603792190551758e+00
-2.475525289773941040e-01
-1.064417958259582520e+00
9.808650612831115723e-01
-2.016414642333984375e+00
-5.390068888664245605e-01
-5.407615303993225098e-01
1.180259108543395996e+00
-1.753729104995727539e+00
6.880915760993957520e-01
-5.601519942283630371e-01
3.523036837577819824e-01
-2.954045236110687256e-01
-1.892564147710800171e-01
6.777815818786621094e-01
-1.073797106742858887e+00
1.371718406677246094e+00
-1.104396581649780273e+00
1.659795880317687988e+00
3.520076870918273926e-01
2.000617265701293945e+00
-7.401871681213378906e-01
9.212959408760070801e-01
2.309845447540283203e+00
8.234635740518569946e-02
3.259350657463073730e-01
1.075172185897827148e+00
4.559465646743774414e-01
-2.384721040725708008e+00
9.536908566951751709e-02
1.342552065849304199e+00
