1.246091723442077637e-01
7.706679701805114746e-01
-2.383221983909606934e-01
5.079134702682495117e-01
-1.047297596931457520e+00
4.738231599330902100e-01
-5.933588743209838867e-01
1.550264209508895874e-01
7.258833050727844238e-01
9.899357557296752930e-01
-1.751644462347030640e-01
-3.267799615859985352e-01
-6.413316130638122559e-01
-1.422657221555709839e-01
-5.470011830329895020e-01
7.921763062477111816e-01
-3.208196163177490234e+00
-4.832425117492675781e-01
-9.114865660667419434e-01
-2.713763415813446045e-01
-1.589619040489196777e+00
-4.391136462800204754e-04
4.751699864864349365e-01
3.780748546123504639e-01
1.826903104782104492e+00
-1.442434638738632202e-01
-1.585559695959091187e-01
-7.384646534919738770e-01
3.492643311619758606e-02
2.408535480499267578e-01
7.422024607658386230e-01
-2.684964239597320557e-01
5.842890143394470215e-01
-2.465700387954711914e+00
-5.399654507637023926e-01
-1.446139216423034668e-01
3.955658376216888428e-01
-8.409564495086669922e-01
2.810082674026489258e+00
-3.288820683956146240e-01
-1.578721642494201660e+00
1.167154759168624878e-01
-2.407772243022918701e-01
9.721370339393615723e-01
-1.875436753034591675e-01
8.582372963428497314e-02
-7.318686842918395996e-01
1.454839348793029785e+00
6.673488616943359375e-01
7.837749123573303223e-01
-6.467509865760803223e-01
1.292607903480529785e+00
2.590717375278472900e-01
-4.326342791318893433e-02
3.006899058818817139e-01
-3.064955174922943115e-01
-1.066291093826293945e+00
-7.370131015777587891e-01
5.450636148452758789e-01
4.592902362346649170e-01
-1.080677751451730728e-02
6.312742829322814941e-01
-4.318411946296691895e-01
-4.850933849811553955e-01
6.658796221017837524e-02
2.763181924819946289e+00
-5.002778768539428711e-01
-1.322733312845230103e-01
2.336801141500473022e-01
2.123436890542507172e-02
-1.680025219917297363e+00
1.405980944633483887e+00
5.726885795593261719e-01
-3.422219157218933105e-01
-1.180433273315429688e+00
-3.594753444194793701e-01
9.674054980278015137e-01
-5.061829090118408203e-01
-2.115530222654342651e-01
-1.413584947586059570e+00
-1.470358252525329590e+00
5.114855170249938965e-01
-1.365416347980499268e-01
-1.067708730697631836e+00
1.893747687339782715e+00
-3.108341097831726074e-01
-2.061587721109390259e-01
2.474836349487304688e+00
-1.083900928497314453e+00
8.815449476242065430e-01
-5.511128306388854980e-01
6.049998998641967773e-01
3.681926727294921875e-01
-5.910001993179321289e-01
-1.473901718854904175e-01
-1.864929944276809692e-01
5.657253265380859375e-01
-2.733385562896728516e-01
-2.930978834629058838e-01
-7.970860600471496582e-01
-2.577997148036956787e-01
-1.321945071220397949e+00
-9.149579405784606934e-01
-7.531095743179321289e-01
-1.139272332191467285e+00
3.661451637744903564e-01
7.296618819236755371e-01
-2.516690731048583984e+00
1.513977646827697754e-01
-1.777218580245971680e+00
-9.073538333177566528e-02
5.208485722541809082e-01
6.983568668365478516e-01
2.790236711502075195e+00
2.481395244598388672e+00
-1.533442586660385132e-01
-9.237552881240844727e-01
-1.069017648696899414e+00
-8.929650187492370605e-01
1.213812232017517090e+00
-1.175597906112670898e+00
-6.863074302673339844e-01
4.331101477146148682e-01
4.250704646110534668e-01
8.713755011558532715e-02
1.502368927001953125e+00
-4.668673872947692871e-01
6.098284721374511719e-01
-9.016901254653930664e-01
2.298062145709991455e-01
-4.646603763103485107e-01
-8.566749095916748047e-01
-9.877859614789485931e-03
-1.070924282073974609e+00
-1.066813588142395020e+00
-4.015513956546783447e-01
-1.766822218894958496e+00
1.234781742095947266e+00
-8.100407719612121582e-01
-2.482152283191680908e-01
3.816850781440734863e-01
-2.218688488006591797e+00
5.458750724792480469e-01
-3.116641342639923096e-01
-6.935513615608215332e-01
-7.096360921859741211e-01
-1.125839591026306152e+00
1.275291591882705688e-01
-2.532122373580932617e+00
-9.243101477622985840e-01
-1.569119215011596680e+00
-7.606664299964904785e-01
5.261979103088378906e-01
7.882490754127502441e-01
8.136342763900756836e-01
5.462483763694763184e-01
-1.234843492507934570e+00
-5.362607240676879883e-01
-1.105903983116149902e+00
-2.593655288219451904e-01
1.662084102630615234e+00
6.689666509628295898e-01
1.152035236358642578e+00
6.403246521949768066e-02
-1.504547834396362305e+00
-3.223794698715209961e-01
1.352916479110717773e+00
1.553982973098754883e+00
-1.432779073715209961e+00
-1.643829464912414551e+00
2.642112970352172852e-01
4.065195098519325256e-02
-3.192053735256195068e-01
-8.746989965438842773e-01
5.215261578559875488e-01
1.176674246788024902e+00
4.568359553813934326e-01
4.661348164081573486e-01
-2.671319544315338135e-01
2.912217140197753906e+00
-1.238105297088623047e+00
-1.745423555374145508e+00
4.315376579761505127e-01
5.833390951156616211e-01
8.826997280120849609e-01
-1.721932172775268555e+00
3.606413677334785461e-02
-5.523748397827148438e-01
-4.823577404022216797e-01
9.986768364906311035e-01
-4.068758711218833923e-02
-2.261839061975479126e-01
1.712557077407836914e+00
-4.926534295082092285e-01
-1.733012497425079346e-01
6.289393901824951172e-01
1.745239257812500000e+00
3.834835588932037354e-01
-3.836033940315246582e-01
1.924519538879394531e-01
7.863777279853820801e-01
-1.077893733978271484e+00
-5.101761817932128906e-01
6.460343599319458008e-01
1.072189569473266602e+00
-1.360673308372497559e+00
-2.946871221065521240e-01
-6.559718251228332520e-01
4.392677173018455505e-02
-2.225459963083267212e-01
-5.179493427276611328e-01
1.382293999195098877e-01
1.873371958732604980e+00
-8.822947740554809570e-01
6.620078682899475098e-01
5.958347022533416748e-02
-5.106027126312255859e-01
8.240864872932434082e-01
-7.436882257461547852e-01
-4.383109509944915771e-01
-1.194470524787902832e+00
1.527915596961975098e+00
-2.916827499866485596e-01
1.842654705047607422e+00
-5.987536907196044922e-01
-9.552663564682006836e-02
-4.258163571357727051e-01
-5.313839912414550781e-01
1.469957921653985977e-02
-7.849830985069274902e-01
8.259890973567962646e-02
-1.063932999968528748e-01
-2.154998779296875000e-01
-1.346893310546875000e-01
4.360600411891937256e-01
7.216169834136962891e-01
2.220405787229537964e-01
-1.161962151527404785e+00
5.567522644996643066e-01
-1.790672302246093750e+00
-5.428872704505920410e-01
-1.721729993820190430e+00
1.078059434890747070e+00
2.426428049802780151e-01
-5.099018812179565430e-01
1.290112501010298729e-03
-8.176711797714233398e-01
2.787697613239288330e-01
-5.255773067474365234e-01
1.182487010955810547e+00
9.521008133888244629e-01
8.095883131027221680e-01
2.250782847404479980e-01
1.026815295219421387e+00
-5.473002195358276367e-01
2.150187253952026367e+00
1.916022062301635742e+00
2.098162621259689331e-01
-4.764682054519653320e-02
7.694336771965026855e-01
4.526832401752471924e-01
-1.208536997437477112e-01
4.919451177120208740e-01
-9.698218107223510742e-01
1.093720316886901855e+00
4.075295627117156982e-01
-4.282890856266021729e-01
2.861371338367462158e-01
1.390240430831909180e+00
-3.738634288311004639e-01
7.434662580490112305e-01
2.957637548446655273e+00
-1.730777025222778320e+00
2.237348556518554688e-01
-7.823916673660278320e-01
1.473081856966018677e-01
-1.445302844047546387e+00
-2.961278259754180908e-01
1.607469797134399414e+00
-3.661467432975769043e-01
4.366043508052825928e-01
4.131784141063690186e-01
1.527709811925888062e-01
1.326569795608520508e+00
-1.227322518825531006e-01
-1.085359215736389160e+00
-7.786238100379705429e-03
2.487279176712036133e+00
1.741196513175964355e+00
1.376849055290222168e+00
-7.085413932800292969e-01
1.186863780021667480e-01
3.494695061817765236e-03
-1.245024204254150391e+00
1.657642960548400879e+00
2.632733285427093506e-01
1.251992702484130859e+00
-1.402624547481536865e-01
-6.144406199455261230e-01
1.328749418258666992e+00
-1.046792268753051758e+00
3.770756721496582031e-01
1.448165774345397949e+00
-1.338177442550659180e+00
-1.242260694503784180e+00
9.277743101119995117e-01
-5.071261525154113770e-01
-5.710769891738891602e-01
-8.260040283203125000e-01
-3.667707145214080811e-01
2.142700195312500000e+00
-5.496814250946044922e-01
-1.154678583145141602e+00
-1.539101600646972656e+00
-1.308665513992309570e+00
1.791959255933761597e-01
-1.205485820770263672e+00
2.945978939533233643e-01
1.950855612754821777e+00
-4.015207588672637939e-01
-1.849164962768554688e+00
-2.928194701671600342e-01
1.966830044984817505e-01
-9.185875654220581055e-01
2.527561783790588379e-01
1.890871226787567139e-01
-3.633680045604705811e-01
3.378120064735412598e-01
-3.845351934432983398e-01
-1.557720452547073364e-01
-9.433407187461853027e-01
1.671352863311767578e+00
-1.480406045913696289e+00
1.074065923690795898e+00
2.279539406299591064e-01
1.782791852951049805e+00
-6.208999752998352051e-01
7.963526248931884766e-01
-2.781580388545989990e-01
1.983522772789001465e-01
5.831875205039978027e-01
5.904937386512756348e-01
1.676970273256301880e-01
-1.988742828369140625e+00
5.347099900245666504e-01
-3.301966190338134766e-02
9.880662560462951660e-01
-1.109506487846374512e+00
1.782592833042144775e-01
9.524998068809509277e-02
-6.298221349716186523e-01
-3.723630905151367188e-01
1.525267958641052246e+00
8.412457257509231567e-02
-9.563935399055480957e-01
-1.678747892379760742e+00
1.781049370765686035e+00
-9.558572173118591309e-01
9.589172154664993286e-02
-4.491759836673736572e-01
-5.970950722694396973e-01
1.755097508430480957e-01
8.360754251480102539e-01
-7.767514586448669434e-01
-3.107318282127380371e-01
-1.681212663650512695e+00
9.258624315261840820e-01
-2.381139248609542847e-01
-1.032998442649841309e+00
-3.255883157253265381e-01
-9.910985827445983887e-01
4.909277558326721191e-01
-1.918497562408447266e+00
1.426803946495056152e+00
8.575240373611450195e-01
-5.720528960227966309e-01
1.563200473785400391e+00
2.266764342784881592e-01
-7.504668831825256348e-01
-9.782667160034179688e-01
-1.912799715995788574e+00
-5.956109762191772461e-01
1.702882945537567139e-01
7.222748994827270508e-01
4.690890908241271973e-01
-9.329621195793151855e-01
-7.503900527954101562e-01
1.655975341796875000e+00
-1.076277643442153931e-01
1.218705549836158752e-01
3.212007582187652588e-01
-1.156198501586914062e+00
-3.178337514400482178e-01
8.986850380897521973e-01
2.525869369506835938e+00
1.402467936277389526e-01
3.309093415737152100e-01
1.127187371253967285e+00
-4.277337193489074707e-01
-8.995948433876037598e-01
-4.130407571792602539e-01
-6.077763438224792480e-01
-7.535540461540222168e-01
-2.292739629745483398e+00
1.511552095413208008e+00
6.734514236450195312e-01
1.698887199163436890e-01
2.131139934062957764e-01
-4.244943261146545410e-01
-1.040305614471435547e+00
-3.422585129737854004e-01
-3.384818315505981445e+00
-2.983234263956546783e-02
-8.577867746353149414e-01
-6.503534317016601562e-01
3.691819906234741211e-01
5.595398545265197754e-01
4.576369524002075195e-01
2.856935262680053711e-01
9.763274341821670532e-02
5.380961671471595764e-02
-1.119840145111083984e+00
-7.329472340643405914e-03
-8.525149226188659668e-01
-1.217895150184631348e+00
-6.221957206726074219e-01
-6.301566958427429199e-01
-3.513718545436859131e-01
-1.688628196716308594e+00
2.806509137153625488e-01
8.115561008453369141e-01
8.439435958862304688e-01
-7.258183956146240234e-01
-8.616153597831726074e-01
-4.429259300231933594e-01
1.262677609920501709e-01
-2.052231580018997192e-01
-6.603032946586608887e-01
-5.908717215061187744e-02
2.596054598689079285e-02
1.725185990333557129e+00
-6.031906008720397949e-01
2.665988802909851074e-01
6.676760911941528320e-01
1.117491245269775391e+00
1.593007802963256836e+00
-1.245482444763183594e+00
-4.709052741527557373e-01
1.390003442764282227e+00
-6.133141517639160156e-01
1.654173731803894043e+00
5.148854255676269531e-01
4.587486088275909424e-01
-2.921328842639923096e-01
-5.210503339767456055e-01
-9.050717949867248535e-01
-6.203716397285461426e-01
-2.706765174865722656e+00
-9.249209165573120117e-01
2.436088472604751587e-01
1.372652769088745117e+00
-1.266596436500549316e+00
5.166431069374084473e-01
5.446531772613525391e-01
2.384811937808990479e-01
5.029262900352478027e-01
-1.820801258087158203e+00
1.069678544998168945e+00
2.243075817823410034e-01
3.901466429233551025e-01
-4.866566658020019531e-01
1.265351176261901855e+00
7.567398548126220703e-01
1.032220795750617981e-01
-3.358034491539001465e-01
-6.594489514827728271e-02
-7.048180103302001953e-01
-8.409034013748168945e-01
9.213965535163879395e-01
1.397994875907897949e+00
1.647030830383300781e+00
1.816563248634338379e+00
8.773972988128662109e-01
-2.136921405792236328e+00
-9.650759398937225342e-02
7.569444179534912109e-01
-1.606580853462219238e+00
-7.130014896392822266e-01
4.713826775550842285e-01
1.067278385162353516e+00
-2.276435643434524536e-01
8.953917026519775391e-01
-1.388332009315490723e+00
2.150710225105285645e-01
1.711688786745071411e-01
-1.438767671585083008e+00
5.165795683860778809e-01
1.061706900596618652e+00
-6.647810935974121094e-01
5.644927620887756348e-01
1.158233880996704102e+00
2.225050210952758789e+00
-9.303932636976242065e-02
4.294815063476562500e-01
3.680467307567596436e-01
-3.003016114234924316e-01
1.602872908115386963e-01
-4.640719890594482422e-01
-4.179966747760772705e-01
5.234382748603820801e-01
2.269960194826126099e-01
8.201287984848022461e-01
-5.079897642135620117e-01
4.957167804241180420e-01
-8.059900403022766113e-01
-6.099309325218200684e-01
7.637989521026611328e-02
-1.461564451456069946e-01
1.856095343828201294e-01
-2.013704180717468262e-01
-1.043638139963150024e-01
5.253681540489196777e-01
-7.503572106361389160e-01
5.734092593193054199e-01
1.018615484237670898e+00
-4.474251270294189453e-01
-8.782362937927246094e-02
-1.044750094413757324e+00
4.571492075920104980e-01
-5.079964399337768555e-01
6.996935606002807617e-01
9.081001281738281250e-01
2.259755611419677734e+00
-3.329405188560485840e-02
1.966974854469299316e+00
-2.790439724922180176e-01
-5.811107754707336426e-01
4.831510782241821289e-01
-7.219773530960083008e-01
-3.904346004128456116e-02
1.156506061553955078e+00
1.105666995048522949e+00
-9.180842041969299316e-01
-5.174499154090881348e-01
1.165241122245788574e+00
-4.728944301605224609e-01
7.982462644577026367e-01
5.857239961624145508e-01
9.684380292892456055e-01
1.057114720344543457e+00
-4.133546054363250732e-01
-1.527187824249267578e-01
5.872200131416320801e-01
-1.170813441276550293e+00
1.887071490287780762e+00
8.022440075874328613e-01
-9.868961572647094727e-02
1.409187912940979004e-01
1.146489828824996948e-01
1.570284605026245117e+00
2.101503849029541016e+00
-6.280377507209777832e-01
-1.047855734825134277e+00
-2.769283771514892578e+00
-1.197179079055786133e+00
-4.326938092708587646e-01
6.240463852882385254e-01
9.307187199592590332e-01
9.524511098861694336e-01
-7.327039241790771484e-01
2.889529466629028320e-01
-9.195715188980102539e-01
3.982766270637512207e-01
-2.612106323242187500e+00
-4.370277523994445801e-01
-2.236462831497192383e+00
7.286902666091918945e-01
-3.708852231502532959e-01
-1.099635213613510132e-01
7.149823904037475586e-01
-2.200900316238403320e+00
6.091959401965141296e-02
-4.142484664916992188e-01
1.072340250015258789e+00
-8.638254404067993164e-01
-8.298860192298889160e-01
-1.113901972770690918e+00
-1.314002037048339844e+00
-1.407269716262817383e+00
-2.119170129299163818e-01
5.255900025367736816e-01
-8.859128504991531372e-02
-1.403920412063598633e+00
-7.140790224075317383e-01
-3.761819899082183838e-01
4.555880427360534668e-01
-1.381911158561706543e+00
9.045596122741699219e-01
1.036341309547424316e+00
8.221817612648010254e-01
1.897427439689636230e-01
-2.250655889511108398e+00
8.885605335235595703e-01
1.536127209663391113e+00
4.816777706146240234e-01
1.839568018913269043e+00
2.214301079511642456e-01
-4.488054513931274414e-01
-6.997231841087341309e-01
1.819699704647064209e-01
-1.136430427432060242e-01
5.337424278259277344e-01
1.312812685966491699e+00
1.521951854228973389e-01
-6.123195886611938477e-01
-4.988402426242828369e-01
-1.451654672622680664e+00
-7.551790475845336914e-01
-4.307244718074798584e-01
5.997281074523925781e-01
-4.132167398929595947e-01
-7.256408929824829102e-01
1.969275593757629395e+00
5.924571156501770020e-01
-1.621874570846557617e+00
-9.008805453777313232e-02
1.441624283790588379e+00
5.768560767173767090e-01
-2.504788041114807129e-01
-6.233032345771789551e-01
-1.354659497737884521e-01
1.327479004859924316e+00
2.151531934738159180e+00
1.597969412803649902e+00
-2.490444928407669067e-01
4.246729612350463867e-01
-8.917962312698364258e-01
8.676716089248657227e-01
-1.635255336761474609e+00
9.553841501474380493e-02
5.130732655525207520e-01
7.809391617774963379e-01
1.215004324913024902e+00
-4.271255061030387878e-02
-4.503714293241500854e-02
-2.568207085132598877e-01
-2.761279344558715820e-01
-1.225653052330017090e+00
8.794791698455810547e-01
2.689032554626464844e-01
1.573384255170822144e-01
-4.963114857673645020e-01
2.522015333175659180e+00
4.652448296546936035e-01
-3.504740893840789795e-01
7.505399584770202637e-01
-2.012292861938476562e+00
-5.575450062751770020e-01
-2.020289659500122070e+00
-2.471976429224014282e-01
-7.603480666875839233e-02
2.862752377986907959e-01
-1.225947365164756775e-01
-1.170094251632690430e+00
2.164443254470825195e+00
-5.419720411300659180e-01
2.082640886306762695e+00
-7.979049682617187500e-01
-3.156255185604095459e-01
-1.198957324028015137e+00
4.055053293704986572e-01
-3.495027422904968262e-01
-6.915956735610961914e-01
-1.016638651490211487e-01
4.830151051282882690e-02
2.039428353309631348e-01
-1.361033320426940918e+00
4.121797382831573486e-01
-6.212745308876037598e-01
4.664925932884216309e-01
-4.282726049423217773e-01
-1.256920218467712402e+00
-2.520818710327148438e-01
-7.246387600898742676e-01
2.320086240768432617e+00
2.134398669004440308e-01
9.752913713455200195e-01
5.116007924079895020e-01
3.449991941452026367e-01
7.704679369926452637e-01
1.080963015556335449e-01
-9.359580278396606445e-01
7.472702860832214355e-01
5.566139221191406250e-01
-7.607148885726928711e-01
1.787416040897369385e-01
1.044182777404785156e+00
-1.802692115306854248e-01
2.652285337448120117e+00
3.942501544952392578e-02
1.596522808074951172e+00
-1.445922374725341797e+00
-6.272473931312561035e-01
9.006242454051971436e-02
1.080454111099243164e+00
1.275768756866455078e+00
-6.798474788665771484e-01
1.477095603942871094e+00
-1.357033401727676392e-01
5.698202848434448242e-01
6.564782261848449707e-01
3.479483425617218018e-01
-4.674637690186500549e-03
-6.311498284339904785e-01
-2.164273500442504883e+00
-1.209148168563842773e+00
-1.279899477958679199e+00
-1.542006134986877441e+00
7.031645178794860840e-01
-8.628266453742980957e-01
2.758273184299468994e-01
-9.346252083778381348e-01
1.042425632476806641e+00
-1.659627109766006470e-01
4.181361496448516846e-01
-4.366814792156219482e-01
-7.216928601264953613e-01
1.739491701126098633e+00
9.270676970481872559e-01
1.749982088804244995e-01
1.644235610961914062e+00
-2.366714477539062500e-01
1.312569260597229004e+00
4.207763671875000000e-01
-2.183392286300659180e+00
3.850338160991668701e-01
-9.209424853324890137e-01
-7.355609536170959473e-01
9.271512031555175781e-01
-2.891357541084289551e-01
-2.882646322250366211e-01
6.670336723327636719e-01
-6.285531520843505859e-01
-4.075064137578010559e-02
-2.933749854564666748e-01
-6.093132123351097107e-02
1.177740097045898438e-01
6.288148164749145508e-01
-6.136674880981445312e-01
-2.412501811981201172e+00
-2.281389951705932617e+00
1.626550336368381977e-03
8.549525737762451172e-01
-3.673449754714965820e-01
1.532094717025756836e+00
-6.771051883697509766e-01
-6.132342219352722168e-01
6.223310232162475586e-01
-1.333922863006591797e+00
1.586261987686157227e+00
-4.149197041988372803e-01
-2.664868533611297607e-01
2.522132396697998047e+00
-4.821830689907073975e-01
1.326655864715576172e+00
6.877586841583251953e-01
6.755046248435974121e-01
4.384797513484954834e-01
-2.398992180824279785e-01
-8.250763416290283203e-01
1.757585406303405762e+00
-5.411533713340759277e-01
-1.053024649620056152e+00
-4.870296716690063477e-01
8.914282917976379395e-01
-6.964856982231140137e-01
-2.103737592697143555e+00
-1.016473650932312012e+00
1.364305317401885986e-01
1.093806385993957520e+00
-1.431264162063598633e+00
1.358818054199218750e+00
-9.663556814193725586e-01
-1.192876696586608887e+00
1.319759011268615723e+00
-3.684055805206298828e-01
-7.774813175201416016e-01
6.819386035203933716e-02
1.504680991172790527e+00
-2.241325229406356812e-01
1.572569906711578369e-01
5.098567530512809753e-02
6.684904694557189941e-01
2.191847711801528931e-01
3.965522944927215576e-01
6.250824332237243652e-01
-1.826686382293701172e+00
-2.007373094558715820e+00
-8.850200772285461426e-01
1.195711851119995117e+00
