-1.084543347358703613e+00
-4.577238857746124268e-01
-7.599287629127502441e-01
1.885463714599609375e+00
1.671490520238876343e-01
2.430643886327743530e-01
-1.312019467353820801e+00
1.333968043327331543e-01
-7.292038202285766602e-01
3.918289542198181152e-01
4.432954490184783936e-01
2.082464471459388733e-02
-1.078172251582145691e-01
2.186136007308959961e+00
-3.659441173076629639e-01
1.421542406082153320e+00
-1.940388381481170654e-01
-8.084750175476074219e-01
-7.713363170623779297e-01
1.323775947093963623e-01
-5.862116217613220215e-01
2.173417329788208008e+00
7.083900272846221924e-02
-9.878657460212707520e-01
9.278472512960433960e-02
-3.699443042278289795e-01
1.405102312564849854e-01
-9.607914686203002930e-01
1.463450938463211060e-01
7.146190851926803589e-02
-1.890144109725952148e+00
-2.117591053247451782e-01
-1.719105958938598633e+00
9.500996470451354980e-01
1.096495270729064941e+00
-9.157004952430725098e-01
1.450600009411573410e-02
-1.311842441558837891e+00
2.456648647785186768e-01
6.279913336038589478e-02
5.600379705429077148e-01
-1.311274409294128418e+00
-3.058289885520935059e-01
-3.215434253215789795e-01
-1.236219048500061035e+00
7.086300849914550781e-01
-4.745541810989379883e-01
-1.121417641639709473e+00
-1.536675840616226196e-01
1.063274383544921875e+00
1.091415047645568848e+00
-2.979094684123992920e-01
-1.520489692687988281e+00
3.448432087898254395e-01
3.484904468059539795e-01
8.689348399639129639e-02
2.116647213697433472e-01
-3.549839854240417480e-01
1.568683147430419922e+00
-1.917629599571228027e+00
7.392621636390686035e-01
1.000945568084716797e+00
2.797705888748168945e+00
-1.824091315269470215e+00
5.026021003723144531e-01
-9.220371395349502563e-02
4.653825461864471436e-01
3.745231777429580688e-02
1.543825984001159668e+00
2.789441645145416260e-01
1.130426406860351562e+00
-1.620922535657882690e-01
-3.249787092208862305e-01
-8.187007904052734375e-01
-1.722931504249572754e+00
-1.192019701004028320e+00
-6.779109835624694824e-01
-1.209726929664611816e-01
-1.446003198623657227e+00
-1.789229154586791992e+00
6.104605272412300110e-02
-1.792440563440322876e-01
3.413043916225433350e-01
5.429554581642150879e-01
-1.357531547546386719e+00
-5.567526817321777344e-02
-1.369157135486602783e-01
-3.722209930419921875e-01
-7.037169337272644043e-01
8.080869168043136597e-02
-2.093384116888046265e-01
2.442054510116577148e+00
1.277971267700195312e+00
1.225992918014526367e+00
8.364882469177246094e-01
-9.026038050651550293e-01
1.726312339305877686e-01
1.587406039237976074e+00
1.221610188484191895e+00
-1.170782923698425293e+00
1.587108373641967773e-01
-4.189279973506927490e-01
1.079031705856323242e+00
-1.668751358985900879e+00
-1.535652279853820801e+00
-8.874334692955017090e-01
1.147138953208923340e+00
-2.086025327444076538e-01
2.883288264274597168e-01
-3.628636300563812256e-01
1.607674837112426758e+00
1.327182769775390625e+00
1.852455735206604004e-01
-1.192415878176689148e-01
1.716444343328475952e-01
8.658825755119323730e-01
-1.600849926471710205e-01
-5.255721807479858398e-01
7.793658971786499023e-01
-1.997277736663818359e-01
3.568738996982574463e-01
-1.080789804458618164e+00
4.880793392658233643e-01
-2.200092226266860962e-01
6.581951975822448730e-01
-2.416618466377258301e-01
1.725397586822509766e+00
2.968452870845794678e-02
4.842307865619659424e-01
-3.778125345706939697e-01
-1.275854825973510742e+00
-5.504060983657836914e-01
2.331583499908447266e-01
-2.200884968042373657e-01
1.184590220451354980e+00
5.925034284591674805e-01
-1.386265873908996582e+00
-7.095279097557067871e-01
2.044516503810882568e-01
-3.022258579730987549e-01
-3.832217156887054443e-01
-9.140495657920837402e-01
-1.582504391670227051e+00
8.541878461837768555e-01
-3.124735355377197266e-01
-5.177228450775146484e-01
1.389063358306884766e+00
1.975598454475402832e+00
-2.032096236944198608e-01
2.574063837528228760e-01
-9.365460276603698730e-01
-6.026155948638916016e-01
1.251182317733764648e+00
8.640583157539367676e-01
3.007458150386810303e-01
-1.220037102699279785e+00
-7.420591711997985840e-01
2.297717779874801636e-01
1.181472539901733398e+00
6.661933660507202148e-01
2.997179925441741943e-01
1.327162981033325195e+00
9.435317516326904297e-01
7.020771503448486328e-01
-1.262689352035522461e+00
-1.073374629020690918e+00
2.218980342149734497e-01
-2.586910128593444824e-01
5.612637996673583984e-01
3.599640429019927979e-01
-6.584680676460266113e-01
1.025420188903808594e+00
1.497988700866699219e-01
-2.960644066333770752e-01
2.703518271446228027e-01
-9.004514217376708984e-01
7.093750834465026855e-01
1.421105504035949707e+00
-1.398130059242248535e-01
3.184823393821716309e-01
-1.694331467151641846e-01
-5.270318388938903809e-01
7.469344735145568848e-01
-9.102046489715576172e-01
4.793101847171783447e-01
-5.612481236457824707e-01
2.201159715652465820e+00
6.023946404457092285e-01
1.900492310523986816e-01
1.946345567703247070e+00
7.615050077438354492e-01
-1.068958401679992676e+00
-5.379122495651245117e-01
7.628052234649658203e-01
-1.787425875663757324e-01
-4.519123435020446777e-01
-7.995114922523498535e-01
-7.420595288276672363e-01
6.720594167709350586e-01
1.198527216911315918e+00
-4.874024391174316406e-01
-1.753589659929275513e-01
-8.740149736404418945e-01
-3.242194950580596924e-01
2.083240270614624023e+00
6.252483725547790527e-01
-4.342775344848632812e-01
7.595457136631011963e-03
1.764873862266540527e+00
1.211830377578735352e+00
2.818754017353057861e-01
7.312338054180145264e-02
-8.091979026794433594e-01
-6.050277948379516602e-01
1.062404751777648926e+00
-2.769282162189483643e-01
-2.075742036104202271e-01
-2.042848110198974609e+00
-4.255517125129699707e-01
-5.171846747398376465e-01
-2.464720606803894043e-01
-6.156283020973205566e-01
-3.053515553474426270e-01
-5.187842845916748047e-01
-4.435408413410186768e-01
-4.542720317840576172e-01
-9.052867293357849121e-01
-1.074964284896850586e+00
9.559463858604431152e-01
4.043991863727569580e-01
9.934322834014892578e-01
2.320605993270874023e+00
-2.213552474975585938e+00
1.041205286979675293e+00
-1.870674043893814087e-01
1.313506066799163818e-01
7.458663582801818848e-01
1.085386499762535095e-01
-4.902173578739166260e-01
-1.407006233930587769e-01
-4.049325287342071533e-01
1.237774610519409180e+00
1.151040911674499512e+00
5.414609909057617188e-01
-7.896401882171630859e-01
-1.002079963684082031e+00
-8.403577208518981934e-01
-1.156717658042907715e+00
-2.104239940643310547e+00
3.616117835044860840e-01
-1.623005270957946777e-01
-5.477124452590942383e-01
-6.395410895347595215e-01
9.900735616683959961e-01
7.676704525947570801e-01
1.115104436874389648e+00
-1.611244559288024902e+00
-1.303344845771789551e+00
-5.059342980384826660e-01
-2.192486047744750977e+00
-2.860978543758392334e-01
-7.371553778648376465e-02
6.577207446098327637e-01
-5.027288198471069336e-01
2.020565718412399292e-01
1.143025159835815430e+00
-2.095374614000320435e-01
-7.567723989486694336e-01
-4.141222536563873291e-01
4.574218690395355225e-01
-5.662075281143188477e-01
1.908627003431320190e-01
-1.210066676139831543e+00
1.411365985870361328e+00
-2.194273322820663452e-01
4.716741666197776794e-02
-7.654458880424499512e-01
-1.136389136314392090e+00
6.320934891700744629e-01
2.326527237892150879e-01
-3.636919260025024414e-01
-5.320376753807067871e-01
-1.203859686851501465e+00
3.506107926368713379e-01
-1.394300460815429688e+00
1.156231760978698730e+00
-2.434055693447589874e-02
-1.983680278062820435e-01
5.918466448783874512e-01
-9.623963832855224609e-01
-1.153576493263244629e+00
-1.289816498756408691e+00
7.539846003055572510e-02
-7.439069151878356934e-01
-6.900317221879959106e-02
5.239498242735862732e-02
1.117981076240539551e+00
-9.288264513015747070e-01
-1.368315100669860840e+00
-1.449481487274169922e+00
7.735748887062072754e-01
-2.030899047851562500e+00
-2.960689663887023926e-01
-1.635902047157287598e+00
3.421773910522460938e-01
7.691345810890197754e-01
-3.267620876431465149e-02
3.611426055431365967e-02
-1.487981796264648438e+00
5.001605153083801270e-01
1.315609693527221680e+00
-2.310961037874221802e-01
-2.896023273468017578e+00
-1.973495930433273315e-01
-1.081556752324104309e-01
-1.341821312904357910e+00
3.581330478191375732e-01
-8.955420851707458496e-01
4.559643566608428955e-01
-3.783301711082458496e-01
-2.598373889923095703e-01
-1.382115602493286133e+00
-7.721210829913616180e-03
-1.343139410018920898e+00
6.509775519371032715e-01
-4.461715221405029297e-01
1.468248963356018066e+00
-2.025525569915771484e+00
-9.572541117668151855e-01
1.682632446289062500e+00
1.435646772384643555e+00
3.807387501001358032e-02
-1.183519601821899414e+00
-2.166514635086059570e+00
4.087164700031280518e-01
-2.544150650501251221e-01
-1.196975588798522949e+00
6.043623685836791992e-01
5.764203071594238281e-01
1.003000020980834961e+00
2.425410002470016479e-01
3.306758403778076172e-01
-1.058010339736938477e+00
-3.372192084789276123e-01
-5.207133293151855469e-01
-1.175263375043869019e-01
-9.497818350791931152e-01
4.412227272987365723e-01
-8.127857446670532227e-01
6.551517844200134277e-01
-5.072405934333801270e-01
1.434637308120727539e+00
1.234364271163940430e+00
8.544438481330871582e-01
-7.034801840782165527e-01
-1.084098815917968750e+00
-7.794432640075683594e-01
2.846133708953857422e+00
2.527784109115600586e-01
1.033060669898986816e+00
-7.329113483428955078e-01
9.172321557998657227e-01
1.751651644706726074e+00
2.136261224746704102e+00
2.901809215545654297e-01
7.212538123130798340e-01
1.534539341926574707e+00
-1.528457403182983398e+00
7.230687737464904785e-01
5.915107727050781250e-01
-7.947543859481811523e-01
3.194055259227752686e-01
-4.921213686466217041e-01
-5.127700045704841614e-02
-1.193207204341888428e-01
-3.780693411827087402e-01
8.530507087707519531e-01
-8.275996148586273193e-02
-8.516417741775512695e-01
7.722485065460205078e-01
-1.623243212699890137e+00
-6.986260414123535156e-01
-4.452369511127471924e-01
-9.851167798042297363e-01
3.068224489688873291e-01
1.292249798774719238e+00
5.266805887222290039e-01
-4.048455059528350830e-01
-6.835127472877502441e-01
1.462752699851989746e+00
-7.099935412406921387e-01
3.058481402695178986e-02
1.131589889526367188e+00
1.020081639289855957e+00
-1.006166696548461914e+00
-9.326089620590209961e-01
6.491170525550842285e-01
1.021900296211242676e+00
5.663424134254455566e-01
7.387053221464157104e-02
-5.605229735374450684e-01
-6.831918377429246902e-03
3.644468784332275391e-01
-2.411093711853027344e-01
2.963379025459289551e-01
1.886577457189559937e-01
-1.355318307876586914e+00
1.094210505485534668e+00
-1.504694670438766479e-01
1.556402206420898438e+00
1.215493321418762207e+00
4.361540675163269043e-01
-7.889685221016407013e-03
-6.580842137336730957e-01
4.612726569175720215e-01
1.648843288421630859e+00
6.016843914985656738e-01
-3.112601675093173981e-02
-3.631101250648498535e-01
-1.070801019668579102e+00
1.237839460372924805e+00
2.579147219657897949e-01
1.616566538810729980e+00
-1.210544347763061523e+00
7.652885317802429199e-01
8.048053979873657227e-01
6.120376586914062500e-01
7.641019821166992188e-01
4.959150254726409912e-01
-1.616332292556762695e+00
-4.265136271715164185e-02
-4.985040426254272461e-01
2.534987628459930420e-01
2.048802852630615234e+00
8.112649433314800262e-03
-1.224155202507972717e-01
1.544227957725524902e+00
2.020221948623657227e+00
7.224238514900207520e-01
3.398635089397430420e-01
-8.676620125770568848e-01
-1.603576421737670898e+00
3.628144860267639160e-01
-1.693080812692642212e-01
9.686548262834548950e-02
-7.691362500190734863e-01
-5.542259216308593750e-01
3.280162811279296875e-02
5.510311126708984375e-01
1.091169238090515137e+00
1.069972634315490723e+00
1.305828243494033813e-01
1.241019606590270996e+00
3.245649933815002441e-01
9.210129380226135254e-01
-1.508098840713500977e-01
6.423421502113342285e-01
4.863059893250465393e-02
9.738152027130126953e-01
-6.629412770271301270e-01
-3.664190471172332764e-01
-4.833685159683227539e-01
1.235019445419311523e+00
-9.937638044357299805e-02
-7.337943464517593384e-02
4.118490815162658691e-01
-1.083913967013359070e-01
-9.961569309234619141e-01
5.985248088836669922e-01
-5.573371648788452148e-01
-3.640927076339721680e-01
-5.606394410133361816e-01
2.659678459167480469e+00
5.310610532760620117e-01
-3.745577298104763031e-03
-2.012820720672607422e+00
6.214450001716613770e-01
3.249171674251556396e-01
-1.299366652965545654e-01
4.353768229484558105e-01
-3.244749903678894043e-01
1.258766651153564453e+00
1.883181691169738770e+00
1.496882557868957520e+00
9.614232182502746582e-01
5.350423455238342285e-01
-1.071150541305541992e+00
-2.223107814788818359e+00
-4.225751161575317383e-01
-6.843106746673583984e-01
4.158244729042053223e-01
-5.636672377586364746e-01
-1.891569972038269043e+00
-4.331847131252288818e-01
2.061427593231201172e+00
-6.681547164916992188e-01
-1.766561418771743774e-01
-4.765729308128356934e-01
-1.227830052375793457e+00
-3.292519152164459229e-01
7.305853366851806641e-01
-2.513686418533325195e-01
4.988592863082885742e-01
-6.694037001579999924e-03
6.653314828872680664e-01
1.541420698165893555e+00
5.733590722084045410e-01
4.158993661403656006e-01
-3.691723570227622986e-02
-4.718571603298187256e-01
-5.263918638229370117e-01
3.328915238380432129e-01
2.012325227260589600e-01
-2.172340154647827148e-01
6.994914412498474121e-01
-2.205813974142074585e-01
-1.413706988096237183e-01
1.122604086995124817e-01
1.566468715667724609e+00
-5.828759819269180298e-02
-6.104709506034851074e-01
1.791044473648071289e+00
-7.407507300376892090e-01
-1.701200604438781738e+00
-8.750584125518798828e-01
-3.290422856807708740e-01
5.314772725105285645e-01
1.348457455635070801e+00
1.055891275405883789e+00
1.019063830375671387e+00
5.463733673095703125e-01
7.360320091247558594e-01
5.328392386436462402e-01
-2.930054664611816406e-01
-3.065561354160308838e-01
-3.277591764926910400e-01
-4.209797382354736328e-01
1.197193384170532227e+00
-9.045140445232391357e-02
1.043285608291625977e+00
1.017841219902038574e+00
2.191174507141113281e+00
-1.209916353225708008e+00
2.902391552925109863e-01
-6.437594890594482422e-01
2.298833608627319336e+00
-1.789883494377136230e+00
1.935146450996398926e-01
1.212900757789611816e+00
-5.182876586914062500e-01
-6.878661513328552246e-01
4.491907060146331787e-01
1.639508724212646484e+00
-3.235388994216918945e-01
-1.264513611793518066e+00
-7.536900043487548828e-01
-4.490033984184265137e-01
7.572383284568786621e-01
-7.228811383247375488e-01
1.334817800670862198e-02
1.844918280839920044e-01
-7.456920742988586426e-01
5.832375958561897278e-02
5.515702962875366211e-01
-1.108618974685668945e+00
-4.815578162670135498e-01
2.019425630569458008e+00
-1.209700465202331543e+00
6.565546393394470215e-01
-2.605851553380489349e-02
-3.966129571199417114e-02
1.148527413606643677e-01
-2.846960723400115967e-01
-9.643280506134033203e-01
5.835722014307975769e-02
-6.967671513557434082e-01
-5.091398358345031738e-01
-5.767114162445068359e-01
4.512509703636169434e-01
8.430753350257873535e-01
-5.696066617965698242e-01
-1.307763934135437012e+00
1.575053691864013672e+00
6.463714241981506348e-01
1.500678420066833496e+00
7.581427097320556641e-01
1.225834190845489502e-01
-5.920894742012023926e-01
5.425262451171875000e-01
-9.266577661037445068e-02
1.244063258171081543e+00
3.803258538246154785e-01
4.152251482009887695e-01
-5.945957824587821960e-02
1.012520790100097656e+00
4.783201217651367188e-01
-1.013707041740417480e+00
7.382947206497192383e-01
2.217472493648529053e-01
6.844047904014587402e-01
-5.931460484862327576e-02
-7.762693166732788086e-01
-3.386979997158050537e-01
-1.108387947082519531e+00
8.673694133758544922e-01
1.409841299057006836e+00
-9.193283319473266602e-01
5.622931122779846191e-01
-6.235738396644592285e-01
1.091710090637207031e+00
2.103010416030883789e+00
2.318090677261352539e+00
-8.976805210113525391e-01
3.762986063957214355e-01
1.859459519386291504e+00
1.115375518798828125e+00
-6.655983924865722656e-01
-1.845570564270019531e+00
-7.216737419366836548e-02
1.025312662124633789e+00
2.061988830566406250e+00
-2.301831722259521484e+00
1.063121080398559570e+00
2.048565447330474854e-01
-2.595590986311435699e-02
3.256694078445434570e-01
1.188929080963134766e-01
-7.751777768135070801e-02
-4.777523279190063477e-01
1.062246680259704590e+00
-7.882099747657775879e-01
-9.655389189720153809e-01
8.892093300819396973e-01
-4.437272548675537109e-01
-1.415858149528503418e+00
-8.504301309585571289e-01
2.915687561035156250e-01
-4.742374122142791748e-01
-4.864276945590972900e-01
2.555306255817413330e-02
6.511163115501403809e-01
4.403262436389923096e-01
7.570776343345642090e-01
-1.755565762519836426e+00
6.664664745330810547e-01
-2.092655003070831299e-01
-1.395527273416519165e-01
-1.996884942054748535e+00
1.803249239921569824e+00
7.828786373138427734e-01
6.940450072288513184e-01
4.709489941596984863e-01
1.146677255630493164e+00
1.656375825405120850e-01
1.891623437404632568e-01
-1.826334595680236816e+00
-1.918548703193664551e+00
5.296499133110046387e-01
-3.790970146656036377e-01
2.485051602125167847e-01
6.801779866218566895e-01
-1.297694295644760132e-01
3.085411787033081055e-01
8.691128492355346680e-01
6.640940904617309570e-01
6.344163417816162109e-01
1.121654987335205078e+00
2.560241520404815674e-01
-4.293601214885711670e-01
2.715856134891510010e-01
-1.238758921623229980e+00
7.914594411849975586e-01
6.293828040361404419e-02
-1.062085628509521484e+00
-6.213639304041862488e-02
9.725106954574584961e-01
-1.608321785926818848e+00
-1.299170374870300293e+00
-1.038479134440422058e-01
1.475794196128845215e+00
-6.136785745620727539e-01
-6.074232459068298340e-01
8.356057405471801758e-01
1.555005550384521484e+00
-2.946322597563266754e-02
2.256383419036865234e+00
-1.330653786659240723e+00
4.756567478179931641e-01
-1.281963467597961426e+00
-2.286290228366851807e-01
-3.596956729888916016e-01
-6.268041133880615234e-01
6.499812602996826172e-01
1.917006254196166992e+00
-4.240925014019012451e-01
6.637093424797058105e-01
5.048367977142333984e-01
-2.949143648147583008e-01
-1.042160630226135254e+00
-2.955862760543823242e+00
-1.242532491683959961e+00
1.841149926185607910e-01
-4.494845867156982422e-01
3.096143007278442383e-01
8.431733250617980957e-01
-4.768364429473876953e-01
1.066343665122985840e+00
3.634930551052093506e-01
-7.219468355178833008e-01
-2.986574172973632812e-01
-6.815433502197265625e-02
-1.848894357681274414e+00
-2.224764376878738403e-01
-3.008588254451751709e-01
-3.613500669598579407e-02
1.409294843673706055e+00
-4.405501484870910645e-02
4.539771080017089844e-01
-1.527207136154174805e+00
8.261370062828063965e-01
3.408081233501434326e-01
2.941225051879882812e+00
-9.373459219932556152e-01
-9.709761142730712891e-01
1.275048732757568359e+00
-1.698077321052551270e-01
-1.914481282234191895e+00
-5.211436748504638672e-01
-2.043834209442138672e+00
7.697156071662902832e-01
5.294247865676879883e-01
-1.654377579689025879e+00
-2.744894027709960938e-01
-3.664676845073699951e-01
-1.697601675987243652e+00
-8.774460554122924805e-01
1.179040670394897461e+00
1.194190979003906250e+00
-4.978614449501037598e-01
1.718048572540283203e+00
1.032223924994468689e-01
4.275665581226348877e-01
-3.544272482395172119e-01
-7.901979088783264160e-01
-4.355382621288299561e-01
7.943581938743591309e-01
-4.706321656703948975e-01
-5.114378929138183594e-01
5.981072783470153809e-02
-1.337505221366882324e+00
-1.621473670005798340e+00
8.664586544036865234e-01
8.604457974433898926e-01
-2.152938097715377808e-01
-1.383883059024810791e-01
5.984054803848266602e-01
-5.455175638198852539e-01
7.646201644092798233e-03
5.602528341114521027e-03
-9.411070942878723145e-01
7.868235707283020020e-01
1.295719265937805176e+00
-2.658858895301818848e-01
-1.437431097030639648e+00
-7.636106014251708984e-01
1.223614998161792755e-02
2.466182112693786621e-01
1.941326856613159180e-01
-1.546331401914358139e-02
-1.911904849112033844e-02
7.612429857254028320e-01
1.991943597793579102e+00
8.239303827285766602e-01
6.288377046585083008e-01
2.221054077148437500e+00
-9.376314282417297363e-01
3.467060625553131104e-02
4.690256416797637939e-01
-7.669962048530578613e-01
1.484802246093750000e+00
-8.235173821449279785e-01
6.682950258255004883e-01
1.075850427150726318e-01
-2.571044564247131348e-01
5.535385608673095703e-01
-1.147206068038940430e+00
9.115079045295715332e-01
8.874825239181518555e-01
-4.018987063318490982e-03
-6.786518096923828125e-01
-7.273337841033935547e-01
7.758553028106689453e-01
-7.710060477256774902e-01
-5.372638702392578125e-01
2.781511545181274414e+00
1.386391997337341309e+00
2.650910019874572754e-01
3.567895293235778809e-01
-1.133646249771118164e+00
1.661759734153747559e+00
