8.586999773979187012e-01
4.642991721630096436e-01
-1.682446718215942383e+00
-6.268950104713439941e-01
7.730899453163146973e-01
-7.678717970848083496e-01
9.344004392623901367e-01
-2.691598236560821533e-01
-2.061628848314285278e-01
4.819904863834381104e-01
9.733716249465942383e-01
-3.271929621696472168e-01
1.202015161514282227e+00
7.197259366512298584e-02
4.776278734207153320e-01
5.337740778923034668e-01
-4.342958927154541016e-01
2.926070243120193481e-02
4.201378673315048218e-02
4.664146006107330322e-01
6.799492835998535156e-01
1.713294148445129395e+00
6.221793293952941895e-01
1.013447523117065430e+00
5.955255031585693359e-01
5.185201764106750488e-01
-1.795169711112976074e-01
4.419394135475158691e-01
-1.131344676017761230e+00
-1.493923187255859375e+00
-4.129901528358459473e-01
9.914985299110412598e-02
1.897360205650329590e+00
2.047779321670532227e+00
-6.934386491775512695e-01
1.207743525505065918e+00
-4.838113486766815186e-01
-1.489751935005187988e+00
-1.882034167647361755e-02
9.834857583045959473e-01
-4.126887917518615723e-01
1.505023002624511719e+00
6.132785081863403320e-01
-5.184746980667114258e-01
1.000506758689880371e+00
2.317140251398086548e-01
3.543466031551361084e-01
-4.818454682826995850e-01
-1.779689937829971313e-01
1.324635624885559082e+00
7.675324082374572754e-01
1.223990201950073242e+00
-1.336150765419006348e-01
6.035677194595336914e-01
-6.855048537254333496e-01
1.946207404136657715e+00
1.822775453329086304e-01
-9.851824641227722168e-01
-9.268447160720825195e-01
-2.730233371257781982e-01
1.854926705360412598e+00
1.622382551431655884e-01
-4.938046336174011230e-01
-4.479857981204986572e-01
-3.255699574947357178e-01
1.402375102043151855e+00
-9.888460636138916016e-01
-1.816361904144287109e+00
-1.418522357940673828e+00
3.045866787433624268e-01
-1.081021308898925781e+00
2.068470716476440430e+00
-1.803890019655227661e-01
-1.343999505043029785e+00
8.406308293342590332e-01
-5.094441771507263184e-01
-7.636014819145202637e-01
-3.854008615016937256e-01
-1.437761306762695312e+00
8.254274129867553711e-01
4.706929028034210205e-01
-1.034480690956115723e+00
-2.794655084609985352e+00
2.893632948398590088e-01
1.175243735313415527e+00
-4.581449925899505615e-01
-1.131171137094497681e-01
5.014974474906921387e-01
1.541333198547363281e+00
1.014829397201538086e+00
5.669291615486145020e-01
-1.120375275611877441e+00
-3.465439677238464355e-01
-3.954139947891235352e-01
-3.398658037185668945e-01
6.325139999389648438e-01
9.759569764137268066e-01
5.620038509368896484e-01
1.416404843330383301e+00
-1.899115294218063354e-01
-7.733159661293029785e-01
-5.579372644424438477e-01
-1.085847020149230957e+00
-1.631268620491027832e+00
1.725722074508666992e+00
-5.641428828239440918e-01
-1.657118678092956543e+00
5.696647614240646362e-02
-1.164888024330139160e+00
-2.159801423549652100e-01
-1.089336752891540527e+00
-3.557459115982055664e-01
5.929818153381347656e-01
-3.444633483886718750e-01
9.844576716423034668e-01
-3.700471818447113037e-01
-1.499404430389404297e+00
4.478695988655090332e-01
1.128874421119689941e+00
3.453844189643859863e-01
1.159694343805313110e-01
1.097503006458282471e-01
5.207760334014892578e-01
-2.152156233787536621e-01
6.971818804740905762e-01
-1.248405098915100098e+00
-6.806415915489196777e-01
1.149131730198860168e-01
-6.443367004394531250e-01
-3.529037237167358398e-01
-1.169160962104797363e+00
-2.156201601028442383e-01
1.027732253074645996e+00
4.437474012374877930e-01
5.756394267082214355e-01
-3.152906179428100586e+00
-5.914984345436096191e-01
4.252300858497619629e-01
6.949396133422851562e-01
-1.347359776496887207e+00
5.533310174942016602e-01
-4.638860821723937988e-01
5.761328935623168945e-01
-2.328209400177001953e+00
-1.832720518112182617e+00
1.652503728866577148e+00
-7.684544324874877930e-01
-2.673963308334350586e+00
-4.280211627483367920e-01
-1.216039180755615234e+00
-1.227982878684997559e+00
5.873350501060485840e-01
1.006379008293151855e+00
-1.653760433197021484e+00
-9.815269708633422852e-01
-1.492523849010467529e-01
-8.116553425788879395e-01
1.048646450042724609e+00
-1.318393349647521973e+00
4.482063055038452148e-01
-3.578160703182220459e-02
2.114593982696533203e+00
-3.291210532188415527e-01
-4.058579206466674805e-01
5.998142063617706299e-02
6.117830872535705566e-01
-7.017532587051391602e-01
-3.788895606994628906e-01
5.942116379737854004e-01
4.769408702850341797e-01
5.334703326225280762e-01
-4.514748454093933105e-01
-9.523451328277587891e-01
2.480198889970779419e-01
-2.906365096569061279e-01
-3.478859066963195801e-01
-1.052529141306877136e-01
2.148075401782989502e-01
-7.935121059417724609e-01
2.535242557525634766e+00
-9.758381247520446777e-01
3.446048498153686523e-01
-4.666401445865631104e-01
-8.035756349563598633e-01
-1.952699780464172363e+00
-7.773713469505310059e-01
-1.151728034019470215e+00
-1.568742036819458008e+00
-5.528714060783386230e-01
-1.220113873481750488e+00
8.754006028175354004e-01
-2.787907421588897705e-01
-7.294089198112487793e-01
4.440709576010704041e-02
5.134681463241577148e-01
-1.362422943115234375e+00
2.991282343864440918e-01
5.900993347167968750e-01
-2.698048949241638184e-01
-6.221157908439636230e-01
4.526305496692657471e-01
9.917323589324951172e-01
4.446346461772918701e-01
-1.151023983955383301e+00
-8.077085018157958984e-01
5.174919366836547852e-01
8.749594092369079590e-01
3.751383125782012939e-01
1.771015167236328125e+00
-1.427405953407287598e+00
2.998245954513549805e-01
-1.226306676864624023e+00
1.340630173683166504e+00
1.631001234054565430e+00
-1.436003327369689941e+00
1.431897401809692383e+00
-8.907071948051452637e-01
1.642387593165040016e-03
-1.354366898536682129e+00
1.244215890765190125e-01
-4.275617301464080811e-01
7.874976992607116699e-01
-5.558118224143981934e-01
-2.430896908044815063e-01
-4.640862941741943359e-01
-2.888192236423492432e-01
5.772839784622192383e-01
-5.763418078422546387e-01
-7.381128668785095215e-01
-5.471346974372863770e-01
-2.470406293869018555e-01
8.082112073898315430e-01
-2.358661741018295288e-01
-2.100909501314163208e-01
4.391844570636749268e-01
1.110446691513061523e+00
1.115150004625320435e-01
-1.802112340927124023e+00
2.026849091053009033e-01
2.221036434173583984e+00
-7.116725444793701172e-01
-3.427733182907104492e-01
1.469767928123474121e+00
-1.199019551277160645e+00
-1.856735110282897949e+00
-3.937836363911628723e-02
1.835921525955200195e+00
-1.471427083015441895e-01
-7.639586329460144043e-01
-7.055261731147766113e-02
-6.841835975646972656e-01
9.599710106849670410e-01
-1.702088713645935059e-01
1.413709297776222229e-02
-8.916397392749786377e-02
1.065669536590576172e+00
-1.792913652025163174e-03
5.028589963912963867e-01
-1.815087556838989258e+00
-8.695318698883056641e-01
4.528309404850006104e-01
-1.230327367782592773e+00
2.088874101638793945e+00
-1.117636680603027344e+00
2.224114388227462769e-01
-4.619033932685852051e-01
-1.700188875198364258e+00
-2.442742109298706055e+00
1.232266500592231750e-01
-2.418860912322998047e+00
-4.890848696231842041e-01
-2.059924453496932983e-01
1.157342553138732910e+00
-1.602342426776885986e-01
7.753579020500183105e-01
-6.497800350189208984e-01
1.280618831515312195e-02
-9.593424387276172638e-03
1.723159790039062500e+00
2.924452349543571472e-02
1.667316198348999023e+00
3.141081333160400391e-02
-2.395092725753784180e+00
3.485555052757263184e-01
-1.216061472892761230e+00
-1.776809930801391602e+00
1.176235675811767578e+00
6.382439732551574707e-01
-7.847369313240051270e-01
1.056629538536071777e+00
-1.363948434591293335e-01
4.716466739773750305e-02
6.326446533203125000e-01
9.816747307777404785e-01
-5.860600471496582031e-01
-2.679080247879028320e+00
4.904091730713844299e-02
-2.496905803680419922e+00
9.560378789901733398e-01
-1.374550312757492065e-01
4.143138527870178223e-01
6.181698441505432129e-01
6.908073276281356812e-02
-3.717085123062133789e-01
1.196210309863090515e-01
-2.003234863281250000e+00
6.994246840476989746e-01
-5.003745555877685547e-01
-8.384879678487777710e-02
-4.101585224270820618e-02
-3.367904126644134521e-01
5.310064554214477539e-01
3.602088615298271179e-02
3.251513242721557617e-01
-2.046712636947631836e+00
7.035869359970092773e-01
-2.011016368865966797e+00
1.354192137718200684e+00
1.628320515155792236e-01
-1.819180399179458618e-01
6.526638567447662354e-02
4.439611732959747314e-01
3.672804534435272217e-01
6.968261599540710449e-01
-3.140459656715393066e-01
9.258118867874145508e-01
-1.124863028526306152e+00
1.696290969848632812e-01
1.704959392547607422e+00
-2.683584213256835938e+00
-9.818390607833862305e-01
-8.830551505088806152e-01
-3.429830819368362427e-02
-1.415039002895355225e-01
9.223747998476028442e-03
1.135764569044113159e-01
-1.695082932710647583e-01
-2.306312561035156250e+00
3.575512021780014038e-02
5.672849416732788086e-01
-8.812217116355895996e-01
1.611799001693725586e+00
-7.099738121032714844e-01
-2.262899637222290039e+00
-2.902569472789764404e-01
-1.698167085647583008e+00
-2.513130903244018555e-01
-1.176899075508117676e+00
-2.575981616973876953e-01
7.731764912605285645e-01
5.500954985618591309e-01
-1.231721639633178711e+00
1.344320893287658691e+00
1.900448560714721680e+00
5.954563021659851074e-01
1.399088859558105469e+00
-1.277993798255920410e+00
3.392197191715240479e-03
-3.097793757915496826e-01
-7.749674916267395020e-01
-5.340029597282409668e-01
-4.884522557258605957e-01
-8.863033354282379150e-02
7.577722072601318359e-01
3.484691679477691650e-01
-5.511347651481628418e-01
7.837913036346435547e-01
-1.850291043519973755e-01
-1.086015701293945312e+00
-1.282339692115783691e+00
-8.142519593238830566e-01
-1.442390084266662598e+00
8.272463679313659668e-01
1.995399355888366699e+00
5.917586758732795715e-02
-1.311946749687194824e+00
-1.500093579292297363e+00
-6.328300833702087402e-01
-1.486848592758178711e+00
1.148104429244995117e+00
5.448206067085266113e-01
3.864032626152038574e-01
1.037394642829895020e+00
-1.863014101982116699e+00
6.237010657787322998e-02
5.829708576202392578e-01
-1.915157914161682129e+00
4.552869796752929688e-01
-8.820894956588745117e-01
-1.380305439233779907e-01
3.205768465995788574e-01
-6.858201026916503906e-01
-4.765379428863525391e-01
-2.505345344543457031e-01
5.500059723854064941e-01
-7.811842560768127441e-01
-3.116145372390747070e+00
1.764154672622680664e+00
2.429419457912445068e-01
1.782991290092468262e+00
3.935311734676361084e-01
-9.639527797698974609e-01
-3.782794177532196045e-01
-1.022520780563354492e+00
-3.706878423690795898e-01
1.073520109057426453e-01
1.486293077468872070e-01
-9.104835987091064453e-01
8.172048628330230713e-02
3.164317309856414795e-01
-1.165567785501480103e-01
1.582351326942443848e-01
1.455638766288757324e+00
2.770743966102600098e-01
-1.009270787239074707e+00
-4.171751439571380615e-01
2.831180989742279053e-01
9.125411510467529297e-01
-2.265334576368331909e-01
-1.685985088348388672e+00
2.375275611877441406e+00
5.377843976020812988e-01
1.381042361259460449e+00
-3.929488062858581543e-01
1.248851180076599121e+00
-6.948152780532836914e-01
-4.465306699275970459e-01
5.710886716842651367e-01
-7.497529387474060059e-01
1.075590252876281738e+00
1.019805073738098145e+00
4.716380536556243896e-01
-5.641136765480041504e-01
-4.432850480079650879e-01
-3.059478700160980225e-01
1.059806466102600098e+00
-8.170480728149414062e-01
1.309502720832824707e+00
3.048403188586235046e-02
1.037035956978797913e-01
-4.119440913200378418e-02
-1.835432499647140503e-01
-5.806208848953247070e-01
-4.192172586917877197e-01
-7.386444807052612305e-01
2.205597162246704102e-01
-7.358178496360778809e-01
-1.674292087554931641e+00
3.027541041374206543e-01
-7.024273276329040527e-01
5.676355361938476562e-01
1.198338150978088379e+00
6.488291025161743164e-01
1.813856512308120728e-01
1.298653960227966309e+00
7.846558839082717896e-02
-1.866865396499633789e+00
1.342833228409290314e-02
-1.046610713005065918e+00
-4.632903635501861572e-01
-4.302726984024047852e-01
2.831955254077911377e-01
-8.126264214515686035e-01
1.805967986583709717e-01
4.462421834468841553e-01
-2.199564576148986816e-01
1.196367025375366211e+00
-4.475941061973571777e-01
1.470042347908020020e+00
1.600767850875854492e+00
2.796852588653564453e-02
1.093687415122985840e+00
4.621401727199554443e-01
9.505138397216796875e-01
5.461682677268981934e-01
-3.298729360103607178e-01
9.356111288070678711e-01
-2.246833801269531250e+00
-1.191541671752929688e+00
-1.946509256958961487e-02
4.853879567235708237e-03
-8.326243162155151367e-01
8.123475909233093262e-01
-5.854235887527465820e-01
1.102116942405700684e+00
7.471458911895751953e-01
-2.680873870849609375e-01
-1.261148333549499512e+00
8.114210367202758789e-01
1.113360166549682617e+00
1.308946371078491211e+00
-2.579399943351745605e-01
3.276269137859344482e-01
-1.924774050712585449e+00
-4.481945559382438660e-02
9.395310282707214355e-02
2.315011620521545410e-01
-2.070206403732299805e+00
-2.111139297485351562e+00
-4.048105180263519287e-01
9.377981424331665039e-01
7.827305793762207031e-02
1.912021398544311523e+00
-4.571129754185676575e-02
1.585758030414581299e-01
-4.221024811267852783e-01
-1.970487236976623535e-01
-6.771944165229797363e-01
4.543029665946960449e-01
-2.308720052242279053e-01
3.962067067623138428e-01
1.838574647903442383e+00
2.010703802108764648e+00
4.431079924106597900e-01
-1.482633829116821289e+00
-3.867937028408050537e-01
5.161054730415344238e-01
-1.843960881233215332e-01
7.840008139610290527e-01
-3.514791727066040039e-01
-3.912858366966247559e-01
-8.980779647827148438e-01
4.327654093503952026e-02
-4.298043251037597656e-01
1.507276654243469238e+00
4.532419741153717041e-01
-4.043392837047576904e-01
-1.139451146125793457e+00
-1.258727192878723145e+00
-5.092590451240539551e-01
-2.426301002502441406e+00
-1.430215537548065186e-01
-9.082434773445129395e-01
-2.038084030151367188e+00
9.311891198158264160e-01
2.434180825948715210e-01
-1.230490803718566895e+00
6.608079075813293457e-01
1.096826791763305664e-01
7.827319502830505371e-01
-1.053190350532531738e+00
7.284060120582580566e-01
1.343538403511047363e+00
1.328343033790588379e+00
1.825509548187255859e+00
3.873215019702911377e-01
6.361103653907775879e-01
3.019468300044536591e-02
-5.625034570693969727e-01
-1.881018728017807007e-01
2.107222080230712891e-01
-6.680557131767272949e-01
-1.784957349300384521e-01
-3.371390998363494873e-01
1.138719394803047180e-01
-4.083788990974426270e-01
-3.561120927333831787e-01
-1.262326002120971680e+00
2.118739336729049683e-01
-1.668002963066101074e+00
3.567320406436920166e-01
1.301224470138549805e+00
1.197595819830894470e-01
1.247334480285644531e+00
1.716490149497985840e+00
-6.936323642730712891e-01
-1.919544637203216553e-01
2.742860019207000732e-01
7.620477080345153809e-01
3.515256047248840332e-01
-2.157892435789108276e-01
-2.006155252456665039e+00
3.418672829866409302e-02
-9.713572859764099121e-01
1.468468070030212402e+00
6.917127966880798340e-01
-2.256801128387451172e-01
1.392721086740493774e-01
-2.181494981050491333e-01
-2.839346528053283691e-01
1.055616617202758789e+00
3.496356606483459473e-01
-4.374198988080024719e-02
2.727878093719482422e-01
1.291245222091674805e+00
3.288798928260803223e-01
7.787360548973083496e-01
-3.687646090984344482e-01
-8.010622262954711914e-01
-1.224583506584167480e+00
1.165288209915161133e+00
-1.421010494232177734e-01
6.392318010330200195e-01
8.483286499977111816e-01
6.086467504501342773e-01
1.783662438392639160e+00
-3.624995052814483643e-02
1.674700379371643066e-01
7.318341135978698730e-01
8.508241772651672363e-01
9.457700848579406738e-01
1.549981713294982910e+00
-3.897148966789245605e-01
-1.580706834793090820e+00
-1.433289766311645508e+00
1.008728861808776855e+00
-8.159115314483642578e-01
-1.650094538927078247e-01
-4.231464564800262451e-01
-2.131315708160400391e+00
-3.837327361106872559e-01
8.272112011909484863e-01
1.731425046920776367e+00
-3.814510703086853027e-01
1.013321876525878906e+00
-9.124636650085449219e-01
-2.142890989780426025e-01
-1.293110400438308716e-01
-2.033039093017578125e+00
-5.104037523269653320e-01
-4.729055762290954590e-01
1.049119114875793457e+00
-5.348015576601028442e-02
-7.394875884056091309e-01
2.783497869968414307e-01
3.433190882205963135e-01
-1.344388276338577271e-01
7.114518880844116211e-01
-8.740644454956054688e-01
-6.137734651565551758e-01
5.918382201343774796e-03
2.187590897083282471e-01
-6.517599821090698242e-01
1.656119823455810547e+00
6.945760846138000488e-01
9.383581578731536865e-02
-6.855336427688598633e-01
1.535844802856445312e-01
8.731750845909118652e-01
5.471349954605102539e-01
-2.619610130786895752e-01
2.057355165481567383e+00
-1.135492682456970215e+00
2.240896821022033691e-01
1.535030603408813477e+00
1.214083507657051086e-01
6.267822980880737305e-01
-3.723416626453399658e-01
-2.674668729305267334e-01
-1.733543723821640015e-01
-3.328388929367065430e-01
-1.700706243515014648e+00
1.684752851724624634e-01
2.508034706115722656e-01
9.824317693710327148e-01
-1.209163784980773926e+00
2.194173336029052734e+00
-6.480492949485778809e-01
-1.316115856170654297e-01
1.994698286056518555e+00
8.998337388038635254e-02
8.352799415588378906e-01
-3.945268690586090088e-01
-6.945409178733825684e-01
8.506754040718078613e-01
6.790438890457153320e-01
5.686461925506591797e-01
-1.025446891784667969e+00
-1.369951367378234863e+00
-2.546773433685302734e+00
-3.637177944183349609e-01
2.792223393917083740e-01
-9.542051553726196289e-01
1.269372940063476562e+00
-3.172079473733901978e-02
1.434025764465332031e+00
-1.392103910446166992e+00
-1.027851104736328125e+00
-3.292178213596343994e-01
-4.009023904800415039e-01
5.742947459220886230e-01
-4.204249382019042969e-01
5.388935208320617676e-01
-1.470462381839752197e-01
-1.020419478416442871e+00
1.880394101142883301e+00
-7.401682138442993164e-01
-1.000584721565246582e+00
-7.904707789421081543e-01
-5.917220115661621094e-01
7.599937263876199722e-03
-1.787783026695251465e+00
-1.923121362924575806e-01
1.704737544059753418e+00
1.327567696571350098e-01
-6.254824995994567871e-01
-1.864372491836547852e+00
2.806760072708129883e-01
-1.991493940353393555e+00
-1.150274395942687988e+00
-7.324318289756774902e-01
-7.046507000923156738e-01
5.926972627639770508e-01
-1.488959696143865585e-02
-1.024387497454881668e-02
-2.106253862380981445e+00
-5.839372873306274414e-01
-6.398986577987670898e-01
1.609133720397949219e+00
-5.339459050446748734e-03
2.285748273134231567e-01
-7.556567788124084473e-01
2.590890787541866302e-02
-9.588338136672973633e-01
2.974771261215209961e-01
3.338656723499298096e-01
1.034790635108947754e+00
2.970612645149230957e-01
-3.410972058773040771e-01
5.671982169151306152e-01
1.528279542922973633e+00
-1.907507181167602539e+00
-1.292524039745330811e-01
5.505634546279907227e-01
2.449188679456710815e-01
6.647218465805053711e-01
-7.578485608100891113e-01
6.655272841453552246e-01
3.305895328521728516e-01
-1.092054605484008789e+00
-1.280675530433654785e+00
-3.729358911514282227e-01
-8.038555383682250977e-01
-6.340355873107910156e-01
9.133858680725097656e-01
-5.094655752182006836e-01
-1.171109318733215332e+00
-5.238685607910156250e-01
-8.885134458541870117e-01
-4.360811114311218262e-01
-5.642240494489669800e-02
-5.864705443382263184e-01
2.269119739532470703e+00
2.262985110282897949e-01
-2.205916404724121094e+00
-3.866969943046569824e-01
-5.175792425870895386e-02
5.212863087654113770e-01
-1.223313927650451660e+00
-1.570960402488708496e+00
8.974624872207641602e-01
-9.728602766990661621e-01
4.950816929340362549e-01
1.516126692295074463e-01
-4.922526180744171143e-01
1.175868391990661621e+00
1.954799532890319824e+00
4.054155945777893066e-01
-1.012662053108215332e+00
-1.881509572267532349e-01
3.329046070575714111e-01
6.620976924896240234e-01
-5.214143395423889160e-01
4.801192879676818848e-01
5.841190814971923828e-01
1.142346024513244629e+00
1.124587535858154297e+00
-2.632840871810913086e-01
1.555556893348693848e+00
1.851115465164184570e+00
5.491559505462646484e-01
-1.053858399391174316e+00
3.730721771717071533e-01
-1.911593198776245117e+00
2.177170366048812866e-01
-1.400305151939392090e+00
-6.754226684570312500e-01
-3.877164423465728760e-01
-6.736162304878234863e-01
6.440976858139038086e-01
-2.022215127944946289e+00
1.100860163569450378e-01
-6.443861871957778931e-02
-2.351468801498413086e+00
7.958744764328002930e-01
7.272977232933044434e-01
7.092629671096801758e-01
-5.375407934188842773e-01
1.404661536216735840e-01
-7.743406891822814941e-01
-3.758559748530387878e-02
-2.403321743011474609e+00
1.590884476900100708e-01
1.729207873344421387e+00
4.031614959239959717e-02
6.489487290382385254e-01
2.402556128799915314e-02
7.420964241027832031e-01
1.295165181159973145e+00
7.714877128601074219e-01
