1.644532799720764160e+00
3.763410449028015137e-01
5.339072346687316895e-01
1.829990267753601074e+00
2.651705265045166016e+00
2.142461836338043213e-01
2.924401760101318359e-01
-1.043419599533081055e+00
1.882795333862304688e+00
-1.949388027191162109e+00
1.918662190437316895e-01
-1.537158340215682983e-01
4.778241813182830811e-01
1.777806639671325684e+00
-2.271808534860610962e-01
1.655189394950866699e+00
7.997797727584838867e-01
1.644720196723937988e+00
8.870660513639450073e-02
2.328200936317443848e-01
-5.040734540671110153e-04
-2.195150554180145264e-01
-7.372868061065673828e-01
6.925181746482849121e-01
1.542130231857299805e+00
-1.268535137176513672e+00
6.216989159584045410e-01
-7.602905035018920898e-01
-1.946850061416625977e+00
1.172353744506835938e+00
-1.533737182617187500e+00
1.038781285285949707e+00
5.306265354156494141e-01
5.548431873321533203e-01
7.057650685310363770e-01
-6.338521242141723633e-01
9.647524356842041016e-01
1.913913041353225708e-01
-1.637447953224182129e+00
5.496405065059661865e-02
-1.991708040237426758e+00
1.400047302246093750e+00
-1.590239644050598145e+00
-1.082004666328430176e+00
3.192784070968627930e+00
-1.107153177261352539e+00
1.946141719818115234e+00
-9.095893502235412598e-01
-3.172047436237335205e-01
-2.919261753559112549e-01
-3.999572098255157471e-01
-1.039710998535156250e+00
-3.719507902860641479e-02
1.372965216636657715e+00
5.731539726257324219e-01
-9.927775859832763672e-01
1.241203770041465759e-01
-7.576533555984497070e-01
2.417634427547454834e-01
-7.259150743484497070e-01
2.149150371551513672e-01
-5.584833025932312012e-01
-1.175275668501853943e-01
1.487182527780532837e-01
-7.457551956176757812e-01
-1.842044711112976074e+00
-5.679594352841377258e-02
-3.345516622066497803e-01
5.284896492958068848e-01
1.769840121269226074e-01
-4.535188972949981689e-01
-8.514238893985748291e-02
-1.524073362350463867e+00
-2.357734739780426025e-01
4.066150188446044922e-01
1.395874023437500000e+00
8.896509408950805664e-01
-5.477079153060913086e-01
1.125212669372558594e+00
-1.775910109281539917e-01
2.770204067230224609e+00
2.769727408885955811e-01
3.306655883789062500e-01
2.552316784858703613e-01
8.867517709732055664e-01
-1.176870584487915039e+00
5.829991102218627930e-01
-6.672281622886657715e-01
-2.008826285600662231e-01
-6.182361245155334473e-01
3.662428557872772217e-01
-7.969679832458496094e-01
-1.038312986493110657e-01
5.169861912727355957e-01
-2.457728236913681030e-01
-5.118864774703979492e-02
-3.044418096542358398e-01
1.099424958229064941e+00
6.563538908958435059e-01
1.242293566465377808e-01
-1.163865327835083008e+00
4.186750352382659912e-01
9.057370424270629883e-01
-7.731209993362426758e-01
-5.657351613044738770e-01
-1.906118541955947876e-01
-4.965266287326812744e-01
9.787734746932983398e-01
1.143527269363403320e+00
-1.796509742736816406e+00
-3.401577770709991455e-01
-1.261912226676940918e+00
-1.046195983886718750e+00
1.159297466278076172e+00
-2.120849370956420898e+00
-1.077085137367248535e+00
2.091457605361938477e+00
5.038918182253837585e-02
1.087215304374694824e+00
1.644278883934020996e+00
-9.526768922805786133e-01
-8.943596482276916504e-01
-9.657434821128845215e-01
-8.179011344909667969e-01
2.980710566043853760e-01
7.340322732925415039e-01
1.430316567420959473e-01
-3.267264604568481445e+00
1.131695985794067383e+00
-1.036624550819396973e+00
-6.200080513954162598e-01
-1.385909557342529297e+00
-1.758853793144226074e+00
1.993520259857177734e-01
7.958210706710815430e-01
-1.831822097301483154e-01
7.776556015014648438e-01
1.179168894886970520e-01
4.723095595836639404e-01
2.169006109237670898e+00
-1.037435293197631836e+00
-1.057448863983154297e+00
1.286037325859069824e+00
2.571711838245391846e-01
5.002430677413940430e-01
4.914630055427551270e-01
-9.037672281265258789e-01
-5.352539941668510437e-02
7.343774437904357910e-01
-1.134820938110351562e+00
9.548631310462951660e-01
4.295092225074768066e-01
-7.409756779670715332e-01
-8.102188706398010254e-01
-5.406630635261535645e-01
-1.257611513137817383e+00
6.681811064481735229e-02
-1.269689798355102539e-01
-2.064074724912643433e-01
1.084702610969543457e+00
-5.400075316429138184e-01
-3.906218111515045166e-01
9.880050271749496460e-02
-1.141492605209350586e+00
1.686319231986999512e+00
-6.916839480400085449e-01
3.810305297374725342e-01
-8.878969550132751465e-01
9.242234826087951660e-01
4.388050138950347900e-01
1.804971456527709961e+00
1.342900991439819336e+00
8.734816908836364746e-01
4.004645645618438721e-01
1.290740132331848145e+00
-2.199814617633819580e-01
-9.893843531608581543e-01
-3.850094974040985107e-01
-3.633597493171691895e-01
2.963312864303588867e-01
-2.086419761180877686e-01
-2.497364021837711334e-02
7.666062116622924805e-01
1.219205617904663086e+00
1.180629968643188477e+00
-3.467077910900115967e-01
-2.057747125625610352e+00
4.748784899711608887e-01
-4.171892106533050537e-01
1.091854691505432129e+00
-4.542806446552276611e-01
-8.162747025489807129e-01
-3.068343877792358398e+00
-1.605898439884185791e-01
-1.379945635795593262e+00
-1.269312262535095215e+00
-1.806965470314025879e-01
9.038240313529968262e-01
-8.837335109710693359e-01
-5.292594432830810547e-01
-2.628812193870544434e-01
1.070727109909057617e+00
8.956891894340515137e-01
6.425406336784362793e-01
1.937498599290847778e-01
1.997644305229187012e-01
8.981782197952270508e-01
-6.233058571815490723e-01
1.196751594543457031e+00
-4.431205987930297852e-01
-1.247960805892944336e+00
-2.519297599792480469e-01
-4.193815886974334717e-01
5.389952063560485840e-01
-4.989686012268066406e-01
1.779255747795104980e+00
-1.140368342399597168e+00
1.358234405517578125e+00
2.700647115707397461e-01
-3.088179826736450195e-01
5.601449608802795410e-01
4.830489307641983032e-02
-4.177658557891845703e-01
-3.243255317211151123e-01
1.458167076110839844e+00
-9.994267225265502930e-01
-5.752526521682739258e-01
1.383054018020629883e+00
-1.760895252227783203e+00
2.579555511474609375e+00
-2.261600047349929810e-01
-2.084085464477539062e+00
-7.359168529510498047e-01
-6.793486475944519043e-01
1.142234563827514648e+00
2.873004376888275146e-01
-1.277293443679809570e+00
-2.335316181182861328e+00
1.754818260669708252e-01
-2.408987879753112793e-01
1.798416674137115479e-01
-9.219085425138473511e-02
-7.722275853157043457e-01
-1.579313278198242188e+00
-9.640988707542419434e-01
-5.834224224090576172e-01
-5.318956971168518066e-01
-5.182996988296508789e-01
-9.460455179214477539e-01
-2.591543495655059814e-01
1.048158168792724609e+00
3.799429833889007568e-01
-1.801207661628723145e+00
1.582519412040710449e+00
-1.101841568946838379e+00
-1.827923208475112915e-01
1.526113748550415039e+00
-2.153728455305099487e-01
1.165523290634155273e+00
1.249793171882629395e+00
6.860426664352416992e-01
3.296998143196105957e-01
-1.226034522056579590e+00
-3.920229971408843994e-01
3.983646333217620850e-01
4.828251004219055176e-01
-3.328140079975128174e-01
1.863090693950653076e-01
-1.871238350868225098e+00
-5.723868310451507568e-02
7.056327462196350098e-01
-7.874886989593505859e-01
-2.677554786205291748e-01
1.956075072288513184e+00
8.563702702522277832e-01
3.347015082836151123e-01
2.490217536687850952e-01
-6.949694156646728516e-01
-6.070236563682556152e-01
1.632330775260925293e+00
-1.430193424224853516e+00
1.889183521270751953e+00
5.677450895309448242e-01
-8.108730316162109375e-01
1.667958736419677734e+00
6.251899152994155884e-02
2.536439895629882812e-01
2.429177165031433105e-01
2.364219278097152710e-01
6.286509633064270020e-01
-1.272296786308288574e+00
-2.613385021686553955e-01
2.582097053527832031e-01
-3.757037222385406494e-01
-1.461092531681060791e-01
-8.508631587028503418e-01
1.112947463989257812e+00
-1.218835562467575073e-01
4.679448008537292480e-01
-5.169789195060729980e-01
-4.981284439563751221e-01
6.472591310739517212e-02
1.217496752738952637e+00
4.525811076164245605e-01
-4.871466755867004395e-01
2.094760388135910034e-01
-2.992935776710510254e-01
-1.915654987096786499e-01
-1.087138336151838303e-02
-1.256560444831848145e+00
-7.574151754379272461e-01
-3.511604294180870056e-02
-4.208616018295288086e-01
1.156874895095825195e+00
1.343795776367187500e+00
7.235347032546997070e-01
-1.496367603540420532e-01
1.716725379228591919e-01
-9.896466135978698730e-01
1.742033958435058594e+00
1.230963230133056641e+00
-6.885023713111877441e-01
4.655651748180389404e-02
-5.147027373313903809e-01
8.777477592229843140e-02
-1.379486024379730225e-01
-3.806413114070892334e-01
-7.698209881782531738e-01
2.138623476028442383e+00
-1.623412221670150757e-01
1.558055996894836426e+00
7.503970265388488770e-01
4.420258628670126200e-04
6.974317431449890137e-01
-9.871029257774353027e-01
1.218808531761169434e+00
2.231615334749221802e-01
-4.574214667081832886e-02
-1.650519013404846191e+00
-5.204927548766136169e-02
-8.311058282852172852e-01
4.891738891601562500e-01
-1.431878924369812012e+00
4.447692930698394775e-01
-3.209375441074371338e-01
-3.664329946041107178e-01
-2.350090295076370239e-01
-2.916206791996955872e-02
-1.166505813598632812e+00
1.034788563847541809e-01
3.205791413784027100e-01
8.593418002128601074e-01
1.548345804214477539e+00
8.067553639411926270e-01
1.235863789916038513e-01
-4.348729252815246582e-01
-1.592547893524169922e+00
8.948098421096801758e-01
1.243368148803710938e+00
3.134821355342864990e-01
1.390899538993835449e+00
-2.286624670028686523e+00
5.300164818763732910e-01
4.375175386667251587e-02
1.574129760265350342e-01
-1.239701628684997559e+00
-6.862569451332092285e-01
1.804595351219177246e+00
-6.419936418533325195e-01
1.281172037124633789e+00
3.132438659667968750e-01
-1.007449388504028320e+00
-5.970280170440673828e-01
-9.197269380092620850e-02
-7.795778512954711914e-01
-1.763688027858734131e-01
-1.683891057968139648e+00
2.284311294555664062e+00
9.115155339241027832e-01
-3.185137808322906494e-01
-8.650286197662353516e-01
3.611780107021331787e-01
1.119055986404418945e+00
-4.164328053593635559e-02
-3.329576253890991211e-01
-3.455457389354705811e-01
6.356077194213867188e-01
9.715977907180786133e-01
-3.200440406799316406e-01
-5.508303046226501465e-01
8.165667057037353516e-01
1.335686564445495605e+00
2.273295521736145020e-01
1.251302480697631836e+00
5.693410038948059082e-01
1.556999683380126953e+00
6.244723796844482422e-01
-1.370877861976623535e+00
-1.131493806838989258e+00
1.394405215978622437e-01
1.314450144767761230e+00
-1.677621006965637207e-01
-1.057981103658676147e-01
-2.370294332504272461e+00
-1.027138829231262207e+00
-7.561843395233154297e-01
-3.195763751864433289e-02
3.579930067062377930e-01
-4.202271699905395508e-01
-1.630579710006713867e+00
-1.238782182335853577e-01
-7.519590854644775391e-02
-1.277190327644348145e+00
-3.142026364803314209e-01
-1.379725337028503418e-01
2.676884889602661133e+00
2.279319614171981812e-01
-1.690760701894760132e-01
-1.534685254096984863e+00
-1.172900557518005371e+00
-1.087235927581787109e+00
7.138240337371826172e-01
1.967535018920898438e-01
-1.023331046104431152e+00
-1.763215065002441406e+00
-8.314275145530700684e-01
1.618296802043914795e-01
-8.345455676317214966e-02
7.282446622848510742e-01
1.470040321350097656e+00
-2.722905576229095459e-01
-4.543340802192687988e-01
-9.968933463096618652e-01
7.274776697158813477e-01
7.823807001113891602e-01
9.017034769058227539e-01
2.315938025712966919e-01
-1.718271374702453613e-01
2.501813471317291260e-01
-6.271679997444152832e-01
-7.413414120674133301e-01
6.880107522010803223e-01
-1.635124564170837402e+00
3.809200599789619446e-02
-1.291484292596578598e-02
4.462822377681732178e-01
-8.140107393264770508e-01
-3.149701654911041260e-01
2.177868604660034180e+00
5.024921298027038574e-01
9.934785775840282440e-03
1.685644626617431641e+00
-8.958116173744201660e-01
-2.088398188352584839e-01
4.642767906188964844e-01
-4.382706880569458008e-01
-1.258930206298828125e+00
3.973208367824554443e-01
1.639193892478942871e+00
-5.844004750251770020e-01
6.036443170160055161e-03
3.681619167327880859e-01
7.051842808723449707e-01
7.840870022773742676e-01
2.824980318546295166e-01
-6.509758234024047852e-01
9.022271037101745605e-01
2.839353799819946289e+00
-4.242883622646331787e-01
4.292176663875579834e-01
7.673537731170654297e-01
6.691383719444274902e-01
-1.668624401092529297e+00
9.053317308425903320e-01
-3.819049894809722900e-02
-4.811500906944274902e-01
2.324111312627792358e-01
-6.110870838165283203e-01
4.114285409450531006e-01
1.203950405120849609e+00
-1.453926563262939453e+00
8.225938677787780762e-01
-6.631792187690734863e-01
-2.703501284122467041e-02
-2.200520038604736328e+00
1.449468582868576050e-01
1.593687176704406738e+00
-8.086261749267578125e-01
-3.186388015747070312e+00
3.868829011917114258e-01
5.046495795249938965e-01
-9.210868477821350098e-01
-1.319607943296432495e-01
-7.102152705192565918e-02
7.065631747245788574e-01
1.182155534625053406e-01
2.409577369689941406e-01
1.717088967561721802e-01
-2.307303715497255325e-03
-1.150983214378356934e+00
4.145310819149017334e-01
1.691636323928833008e+00
1.641547679901123047e+00
-2.308155000209808350e-01
8.450829982757568359e-01
-1.545487642288208008e+00
-1.257773637771606445e-01
-1.592630147933959961e-01
3.689877986907958984e-01
1.613075286149978638e-01
2.436330914497375488e-01
-1.083308100700378418e+00
-4.106357395648956299e-01
9.182056784629821777e-01
-6.432117819786071777e-01
1.062216162681579590e+00
6.019877791404724121e-01
-2.498549073934555054e-01
2.239374630153179169e-02
2.547657191753387451e-01
6.011882424354553223e-01
7.855659723281860352e-01
8.997068405151367188e-01
9.335615038871765137e-01
1.065343260765075684e+00
4.449560642242431641e-01
2.530806660652160645e-01
3.949855268001556396e-01
-1.670728623867034912e-01
-6.422566771507263184e-01
-3.238173723220825195e-01
-5.677425861358642578e-01
6.800901293754577637e-01
1.623288869857788086e+00
-3.641467913985252380e-02
-6.810607761144638062e-02
6.072210669517517090e-01
5.000312328338623047e-01
-1.664391160011291504e+00
5.397267341613769531e-01
-3.370690643787384033e-01
-3.340025842189788818e-01
-1.199789345264434814e-01
6.148225069046020508e-01
-4.161485731601715088e-01
1.610305905342102051e+00
5.478477478027343750e-01
6.774718165397644043e-01
2.598382066935300827e-03
1.109982728958129883e+00
-2.789426743984222412e-01
6.701767444610595703e-03
8.813970722258090973e-03
-1.037599682807922363e+00
1.012232184410095215e+00
8.101463913917541504e-01
5.131382942199707031e-01
-1.438820064067840576e-01
7.012910246849060059e-01
3.110162615776062012e-01
-7.562722563743591309e-01
1.602505564689636230e+00
-8.179397583007812500e-01
6.108292341232299805e-01
-4.655928015708923340e-01
-9.409265518188476562e-01
1.389797449111938477e+00
-9.098672270774841309e-01
3.587970510125160217e-02
-3.526490032672882080e-01
9.348564147949218750e-01
2.089500129222869873e-01
-1.537878155708312988e+00
1.024639725685119629e+00
-3.924619555473327637e-01
5.735607743263244629e-01
1.948398709297180176e+00
-1.228846430778503418e+00
-9.370595812797546387e-01
-5.307259783148765564e-02
3.576267510652542114e-02
1.036160230636596680e+00
-1.431045830249786377e-01
-6.835416555404663086e-01
6.256114244461059570e-01
-1.161510467529296875e+00
-5.611312389373779297e-01
1.926596403121948242e+00
3.329943120479583740e-01
-1.694658994674682617e-01
1.199662610888481140e-01
-4.695630967617034912e-01
-8.020748496055603027e-01
-1.067534923553466797e+00
1.849608302116394043e+00
1.143825650215148926e-01
-2.934504151344299316e-01
-1.177800893783569336e+00
-5.009949207305908203e-01
9.337320923805236816e-01
1.131638407707214355e+00
-9.965894222259521484e-01
2.012157887220382690e-01
1.007953166961669922e+00
-4.033153057098388672e-01
8.522970080375671387e-01
-7.554447054862976074e-01
3.241386115550994873e-01
7.894037961959838867e-01
-1.828931450843811035e+00
1.717283606529235840e+00
-4.088286459445953369e-01
4.744583740830421448e-02
1.291135311126708984e+00
2.368971407413482666e-01
1.040928289294242859e-01
-1.074633240699768066e+00
3.090602159500122070e-02
3.254210352897644043e-01
-1.283267855644226074e+00
-6.747089624404907227e-01
1.428611874580383301e+00
5.292364954948425293e-01
-6.879979372024536133e-01
1.390392184257507324e+00
-1.358591556549072266e+00
-2.945202887058258057e-01
8.663601875305175781e-01
-3.924134671688079834e-01
8.778355717658996582e-01
-3.432148098945617676e-01
-1.397463232278823853e-01
1.385606169700622559e+00
6.424047946929931641e-01
-4.804880321025848389e-01
2.089663267135620117e+00
9.763762354850769043e-01
1.328299760818481445e+00
1.440536618232727051e+00
-3.204235434532165527e-01
5.745180249214172363e-01
-2.465839624404907227e+00
8.877179026603698730e-01
-3.703289330005645752e-01
5.047063827514648438e-01
4.461397826671600342e-01
2.925146818161010742e-01
-1.089130520820617676e+00
1.674374938011169434e+00
1.457555651664733887e+00
-1.698384881019592285e+00
-1.432752162218093872e-01
1.104677557945251465e+00
5.725896954536437988e-01
6.268127560615539551e-01
5.177500844001770020e-01
1.258230805397033691e+00
-1.575220704078674316e+00
-1.876383125782012939e-01
2.489806860685348511e-01
-1.149761557579040527e+00
-3.453438580036163330e-01
-4.782986044883728027e-01
6.817672848701477051e-01
2.585274577140808105e-01
-2.637149393558502197e-01
-5.221019387245178223e-01
-1.915066838264465332e+00
-1.881142735481262207e+00
-3.094444870948791504e-01
5.648721456527709961e-01
-2.648994028568267822e-01
7.401695847511291504e-02
1.593632698059082031e-01
1.755271315574645996e+00
-1.271841526031494141e-01
1.065153330564498901e-01
1.625316381454467773e+00
-1.799301743507385254e+00
-7.469078898429870605e-01
-1.204526066780090332e+00
-4.356383979320526123e-01
-7.799304723739624023e-01
-1.953620195388793945e+00
-4.516929686069488525e-01
3.875086903572082520e-01
2.937335371971130371e-01
8.034574985504150391e-01
-6.646855473518371582e-01
3.487587273120880127e-01
2.646165490150451660e-01
2.524688720703125000e+00
-8.128190040588378906e-01
-2.150238275527954102e+00
-5.099367499351501465e-01
-4.550393223762512207e-01
-9.522086977958679199e-01
7.245691418647766113e-01
2.283605635166168213e-01
-1.262251287698745728e-01
1.650328159332275391e+00
1.842304587364196777e+00
-2.817519754171371460e-02
8.434440493583679199e-01
-2.052970409393310547e+00
-1.281145095825195312e+00
1.726644858717918396e-02
-1.604100704193115234e+00
2.098554223775863647e-01
7.726314067840576172e-01
1.552529096603393555e+00
-9.227377176284790039e-01
-1.740461111068725586e+00
1.109822273254394531e+00
1.005132794380187988e+00
-8.074758648872375488e-01
-5.434763431549072266e-01
1.317418694496154785e+00
-4.869308471679687500e-01
-3.884041905403137207e-01
4.460356831550598145e-01
-1.315401673316955566e+00
-9.742365479469299316e-01
8.348584175109863281e-02
2.591561377048492432e-01
2.086106538772583008e+00
1.448502764105796814e-02
1.772526651620864868e-01
-1.881689786911010742e+00
2.390408217906951904e-01
-6.375599503517150879e-01
1.529158592224121094e+00
2.260538339614868164e-01
-3.609592318534851074e-01
1.022673845291137695e+00
-7.350347638130187988e-01
7.783285975456237793e-01
-1.370902895927429199e+00
1.352685689926147461e+00
3.232396543025970459e-01
-2.893542647361755371e-01
2.530318200588226318e-01
3.255843818187713623e-01
1.872041106224060059e+00
-7.927462458610534668e-03
1.488751620054244995e-01
3.875662088394165039e-01
5.281015858054161072e-02
4.079889357089996338e-01
2.999334931373596191e-01
-1.871260881423950195e+00
1.981631755828857422e+00
-2.668838500976562500e-01
1.596966505050659180e+00
1.222864270210266113e+00
2.494591027498245239e-01
3.943164944648742676e-01
-1.661859750747680664e+00
1.222158908843994141e+00
-5.691170692443847656e-01
-1.950486660003662109e+00
1.387277483940124512e+00
9.136560559272766113e-02
-3.897378146648406982e-01
-4.633841216564178467e-01
-1.219458460807800293e+00
-1.608025074005126953e+00
-2.026794254779815674e-01
1.309321820735931396e-01
7.363210320472717285e-01
7.338286042213439941e-01
-1.186397910118103027e+00
-1.788294672966003418e+00
8.427369594573974609e-02
1.633956670761108398e+00
3.479759395122528076e-02
1.370365381240844727e+00
7.356411218643188477e-01
1.108682632446289062e+00
9.868493080139160156e-01
5.689005851745605469e-01
1.022198677062988281e+00
4.178027510643005371e-01
-1.296291947364807129e+00
-9.277880787849426270e-01
-5.364453792572021484e-01
7.361065149307250977e-01
-6.357539892196655273e-01
-3.075795173645019531e+00
2.122249841690063477e+00
8.067210912704467773e-01
3.852341175079345703e-01
-7.931087613105773926e-01
1.497865915298461914e-01
-2.889853417873382568e-01
3.198279738426208496e-01
-1.403469592332839966e-01
5.478956699371337891e-01
1.626806616783142090e+00
-3.956364691257476807e-01
