1.218249574303627014e-01
7.704983949661254883e-01
-2.352290451526641846e-01
5.079134702682495117e-01
-1.048462748527526855e+00
4.738231599330902100e-01
-5.928857326507568359e-01
1.570207625627517700e-01
7.257518768310546875e-01
9.899357557296752930e-01
-1.758305430412292480e-01
-3.270323276519775391e-01
-6.411627531051635742e-01
-1.422657221555709839e-01
-5.461637973785400391e-01
7.923927307128906250e-01
-3.208739280700683594e+00
-4.799897968769073486e-01
-9.123873114585876465e-01
-2.713763415813446045e-01
-1.589619040489196777e+00
-4.391136462800204754e-04
4.748543500900268555e-01
3.780748546123504639e-01
1.826903104782104492e+00
-1.453210264444351196e-01
-1.585597991943359375e-01
-7.398438453674316406e-01
3.535880520939826965e-02
2.409837394952774048e-01
7.426499128341674805e-01
-2.677630186080932617e-01
5.834259390830993652e-01
-2.465684175491333008e+00
-5.399654507637023926e-01
-1.467925459146499634e-01
3.927814364433288574e-01
-8.408607244491577148e-01
2.810474395751953125e+00
-3.288989961147308350e-01
-1.580503106117248535e+00
1.167154759168624878e-01
-2.407772243022918701e-01
9.717164039611816406e-01
-1.875436753034591675e-01
8.423889428377151489e-02
-7.324446439743041992e-01
1.455237865447998047e+00
6.673098206520080566e-01
7.838354110717773438e-01
-6.467964053153991699e-01
1.292607903480529785e+00
2.589612603187561035e-01
-4.360028356313705444e-02
3.024061322212219238e-01
-3.064955174922943115e-01
-1.065767765045166016e+00
-7.370131015777587891e-01
5.454987287521362305e-01
4.589845538139343262e-01
-1.207051612436771393e-02
6.318364739418029785e-01
-4.337756633758544922e-01
-4.850281178951263428e-01
6.416963785886764526e-02
2.763172864913940430e+00
-5.005673766136169434e-01
-1.316091865301132202e-01
2.336207926273345947e-01
2.339557744562625885e-02
-1.680025219917297363e+00
1.406387567520141602e+00
5.726885795593261719e-01
-3.397773206233978271e-01
-1.180433273315429688e+00
-3.594753444194793701e-01
9.671241641044616699e-01
-5.049562454223632812e-01
-2.115530222654342651e-01
-1.413584947586059570e+00
-1.470358252525329590e+00
5.104443430900573730e-01
-1.356629282236099243e-01
-1.067757248878479004e+00
1.893241047859191895e+00
-3.119532465934753418e-01
-2.061587721109390259e-01
2.474309921264648438e+00
-1.083900928497314453e+00
8.815450072288513184e-01
-5.506812930107116699e-01
6.049998998641967773e-01
3.673216700553894043e-01
-5.910001993179321289e-01
-1.485137790441513062e-01
-1.864929944276809692e-01
5.665782094001770020e-01
-2.747752666473388672e-01
-2.930978834629058838e-01
-7.970860600471496582e-01
-2.588130235671997070e-01
-1.321945071220397949e+00
-9.149579405784606934e-01
-7.533026337623596191e-01
-1.139272332191467285e+00
3.676936626434326172e-01
7.296618819236755371e-01
-2.516690731048583984e+00
1.513977646827697754e-01
-1.778064727783203125e+00
-9.073538333177566528e-02
5.208485722541809082e-01
6.983568668365478516e-01
2.790901184082031250e+00
2.481048345565795898e+00
-1.567747145891189575e-01
-9.209145903587341309e-01
-1.069017648696899414e+00
-8.929646611213684082e-01
1.213812232017517090e+00
-1.174898862838745117e+00
-6.863074302673339844e-01
4.324383735656738281e-01
4.250960648059844971e-01
8.713755756616592407e-02
1.500469446182250977e+00
-4.670653641223907471e-01
6.107434034347534180e-01
-9.025627374649047852e-01
2.308102995157241821e-01
-4.646187722682952881e-01
-8.566749095916748047e-01
-9.877859614789485931e-03
-1.070924282073974609e+00
-1.066813588142395020e+00
-4.015513956546783447e-01
-1.766325950622558594e+00
1.234569191932678223e+00
-8.100404143333435059e-01
-2.480352669954299927e-01
3.816850781440734863e-01
-2.218688488006591797e+00
5.455080866813659668e-01
-3.124017715454101562e-01
-6.938156485557556152e-01
-7.098596096038818359e-01
-1.125711560249328613e+00
1.310751885175704956e-01
-2.530471563339233398e+00
-9.243101477622985840e-01
-1.568709373474121094e+00
-7.600611448287963867e-01
5.257841348648071289e-01
7.880339622497558594e-01
8.133489489555358887e-01
5.452429056167602539e-01
-1.234937429428100586e+00
-5.362607240676879883e-01
-1.105403900146484375e+00
-2.593655288219451904e-01
1.662443518638610840e+00
6.689666509628295898e-01
1.151965141296386719e+00
6.177240982651710510e-02
-1.504472851753234863e+00
-3.237886428833007812e-01
1.353013277053833008e+00
1.553993463516235352e+00
-1.433329582214355469e+00
-1.643829464912414551e+00
2.642112970352172852e-01
4.006918147206306458e-02
-3.182485699653625488e-01
-8.746989965438842773e-01
5.215261578559875488e-01
1.176674246788024902e+00
4.564209580421447754e-01
4.661348164081573486e-01
-2.671319544315338135e-01
2.912217140197753906e+00
-1.238105297088623047e+00
-1.745423555374145508e+00
4.308234155178070068e-01
5.830817818641662598e-01
8.824609518051147461e-01
-1.721932172775268555e+00
3.840223699808120728e-02
-5.523748397827148438e-01
-4.823953807353973389e-01
9.986768364906311035e-01
-3.763841837644577026e-02
-2.255188971757888794e-01
1.712557077407836914e+00
-4.927953779697418213e-01
-1.732993423938751221e-01
6.288267970085144043e-01
1.745239257812500000e+00
3.838734328746795654e-01
-3.829341828823089600e-01
1.924519538879394531e-01
7.863777279853820801e-01
-1.078339099884033203e+00
-5.091888308525085449e-01
6.442250609397888184e-01
1.072043061256408691e+00
-1.360673308372497559e+00
-2.947115004062652588e-01
-6.559718251228332520e-01
4.435179382562637329e-02
-2.248409390449523926e-01
-5.167873501777648926e-01
1.382998079061508179e-01
1.873371958732604980e+00
-8.822947740554809570e-01
6.620243191719055176e-01
5.958347022533416748e-02
-5.103898048400878906e-01
8.253153562545776367e-01
-7.425047159194946289e-01
-4.382741749286651611e-01
-1.194470524787902832e+00
1.527915596961975098e+00
-2.910238206386566162e-01
1.842654705047607422e+00
-5.991790890693664551e-01
-9.552663564682006836e-02
-4.249883890151977539e-01
-5.313839912414550781e-01
1.460837200284004211e-02
-7.844405174255371094e-01
8.241925388574600220e-02
-1.063803136348724365e-01
-2.174543738365173340e-01
-1.351545006036758423e-01
4.362910091876983643e-01
7.216621041297912598e-01
2.223969548940658569e-01
-1.162009716033935547e+00
5.563763976097106934e-01
-1.790672302246093750e+00
-5.422911047935485840e-01
-1.721729993820190430e+00
1.077141642570495605e+00
2.424155920743942261e-01
-5.099018812179565430e-01
1.290534157305955887e-03
-8.168968558311462402e-01
2.797420918941497803e-01
-5.250506997108459473e-01
1.182487010955810547e+00
9.540461301803588867e-01
8.090804815292358398e-01
2.254242449998855591e-01
1.026815295219421387e+00
-5.473002195358276367e-01
2.150187253952026367e+00
1.916276693344116211e+00
2.101152986288070679e-01
-4.784644767642021179e-02
7.695751786231994629e-01
4.554643332958221436e-01
-1.208459734916687012e-01
4.915614128112792969e-01
-9.702386260032653809e-01
1.093720316886901855e+00
4.077888429164886475e-01
-4.233300983905792236e-01
2.861237227916717529e-01
1.390240430831909180e+00
-3.732509315013885498e-01
7.434662580490112305e-01
2.957637548446655273e+00
-1.729504823684692383e+00
2.212242782115936279e-01
-7.822299003601074219e-01
1.473081856966018677e-01
-1.445302844047546387e+00
-2.961278259754180908e-01
1.607469797134399414e+00
-3.678439259529113770e-01
4.367363154888153076e-01
4.131784141063690186e-01
1.530666500329971313e-01
1.326661109924316406e+00
-1.239324286580085754e-01
-1.085359215736389160e+00
-7.786200381815433502e-03
2.487279176712036133e+00
1.739325642585754395e+00
1.376849055290222168e+00
-7.083023786544799805e-01
1.197831407189369202e-01
4.907181020826101303e-03
-1.245906829833984375e+00
1.657642960548400879e+00
2.626078128814697266e-01
1.252281785011291504e+00
-1.405657678842544556e-01
-6.137439608573913574e-01
1.328749418258666992e+00
-1.046817421913146973e+00
3.789299428462982178e-01
1.448165774345397949e+00
-1.337206363677978516e+00
-1.242803335189819336e+00
9.290030002593994141e-01
-5.071261525154113770e-01
-5.710769891738891602e-01
-8.252122998237609863e-01
-3.681726455688476562e-01
2.142726421356201172e+00
-5.500676035881042480e-01
-1.154678583145141602e+00
-1.539101600646972656e+00
-1.308710694313049316e+00
1.776816397905349731e-01
-1.205487132072448730e+00
2.940655946731567383e-01
1.949721813201904297e+00
-4.012705087661743164e-01
-1.849189877510070801e+00
-2.916291654109954834e-01
2.000073790550231934e-01
-9.185875654220581055e-01
2.527561783790588379e-01
1.889598369598388672e-01
-3.633680045604705811e-01
3.376956284046173096e-01
-3.852412402629852295e-01
-1.556214243173599243e-01
-9.433407187461853027e-01
1.670890450477600098e+00
-1.479632616043090820e+00
1.074591517448425293e+00
2.260970920324325562e-01
1.782909512519836426e+00
-6.202599406242370605e-01
7.963526248931884766e-01
-2.781580388545989990e-01
1.970077306032180786e-01
5.825695395469665527e-01
5.905113220214843750e-01
1.695071458816528320e-01
-1.989076018333435059e+00
5.349095463752746582e-01
-3.301966190338134766e-02
9.880662560462951660e-01
-1.109506130218505859e+00
1.782592833042144775e-01
9.524998068809509277e-02
-6.294420361518859863e-01
-3.724210858345031738e-01
1.525267958641052246e+00
8.413460105657577515e-02
-9.563400149345397949e-01
-1.678757190704345703e+00
1.781049370765686035e+00
-9.560487270355224609e-01
9.589172154664993286e-02
-4.491759836673736572e-01
-5.970950722694396973e-01
1.741869300603866577e-01
8.358541727066040039e-01
-7.766779065132141113e-01
-3.088085949420928955e-01
-1.681684136390686035e+00
9.258624315261840820e-01
-2.380029261112213135e-01
-1.032998442649841309e+00
-3.259331285953521729e-01
-9.917418360710144043e-01
4.909809827804565430e-01
-1.919418096542358398e+00
1.427469611167907715e+00
8.582320213317871094e-01
-5.722097158432006836e-01
1.563181042671203613e+00
2.266764342784881592e-01
-7.504668831825256348e-01
-9.776799082756042480e-01
-1.910920381546020508e+00
-5.951541066169738770e-01
1.698849201202392578e-01
7.222779393196105957e-01
4.690890908241271973e-01
-9.329621195793151855e-01
-7.503900527954101562e-01
1.655975341796875000e+00
-1.057862043380737305e-01
1.216785758733749390e-01
3.201833367347717285e-01
-1.155660986900329590e+00
-3.178337514400482178e-01
8.976747393608093262e-01
2.525869369506835938e+00
1.402467936277389526e-01
3.283053040504455566e-01
1.127187371253967285e+00
-4.283061623573303223e-01
-8.996344804763793945e-01
-4.130440354347229004e-01
-6.077763438224792480e-01
-7.535540461540222168e-01
-2.292927742004394531e+00
1.511586546897888184e+00
6.719559431076049805e-01
1.701729446649551392e-01
2.152694016695022583e-01
-4.244943261146545410e-01
-1.040828347206115723e+00
-3.416736423969268799e-01
-3.384818315505981445e+00
-3.074890375137329102e-02
-8.577859401702880859e-01
-6.498137712478637695e-01
3.678437471389770508e-01
5.595398545265197754e-01
4.576369524002075195e-01
2.856935262680053711e-01
9.763680398464202881e-02
5.244594067335128784e-02
-1.119840145111083984e+00
-8.082463406026363373e-03
-8.525149226188659668e-01
-1.218262195587158203e+00
-6.222445368766784668e-01
-6.301566958427429199e-01
-3.514458239078521729e-01
-1.688365221023559570e+00
2.823372483253479004e-01
8.114928007125854492e-01
8.439435958862304688e-01
-7.258182168006896973e-01
-8.616153597831726074e-01
-4.432446658611297607e-01
1.262641549110412598e-01
-2.049457877874374390e-01
-6.587706208229064941e-01
-5.908717215061187744e-02
2.967013604938983917e-02
1.724816679954528809e+00
-6.031554937362670898e-01
2.597219944000244141e-01
6.676760911941528320e-01
1.117491245269775391e+00
1.593007802963256836e+00
-1.245102286338806152e+00
-4.699856340885162354e-01
1.390108704566955566e+00
-6.154695749282836914e-01
1.655472755432128906e+00
5.148854255676269531e-01
4.580447971820831299e-01
-2.940553128719329834e-01
-5.210503339767456055e-01
-9.050717949867248535e-01
-6.205039024353027344e-01
-2.705859422683715820e+00
-9.244709610939025879e-01
2.436088472604751587e-01
1.372652769088745117e+00
-1.266596436500549316e+00
5.166431069374084473e-01
5.421911478042602539e-01
2.401522397994995117e-01
5.024906396865844727e-01
-1.820801258087158203e+00
1.069738388061523438e+00
2.243075668811798096e-01
3.901466429233551025e-01
-4.866566658020019531e-01
1.264510273933410645e+00
7.567398548126220703e-01
1.032220795750617981e-01
-3.358034491539001465e-01
-6.464730203151702881e-02
-7.048180103302001953e-01
-8.405300378799438477e-01
9.213937520980834961e-01
1.397817492485046387e+00
1.647030830383300781e+00
1.816563248634338379e+00
8.770717978477478027e-01
-2.136921405792236328e+00
-9.632349014282226562e-02
7.554202675819396973e-01
-1.606580853462219238e+00
-7.137910127639770508e-01
4.713110029697418213e-01
1.068080902099609375e+00
-2.286206185817718506e-01
8.953917026519775391e-01
-1.388332009315490723e+00
2.182136476039886475e-01
1.715054512023925781e-01
-1.438767671585083008e+00
5.165795683860778809e-01
1.061616659164428711e+00
-6.647810935974121094e-01
5.645932555198669434e-01
1.158240199089050293e+00
2.225050210952758789e+00
-9.096053242683410645e-02
4.290820360183715820e-01
3.680467307567596436e-01
-3.003016114234924316e-01
1.602872908115386963e-01
-4.628011286258697510e-01
-4.184058904647827148e-01
5.233152508735656738e-01
2.270178347826004028e-01
8.207818865776062012e-01
-5.091408491134643555e-01
4.932680130004882812e-01
-8.059900403022766113e-01
-6.099309325218200684e-01
7.637619972229003906e-02
-1.424836516380310059e-01
1.856771111488342285e-01
-2.013906389474868774e-01
-1.043638139963150024e-01
5.251677036285400391e-01
-7.503572106361389160e-01
5.737697482109069824e-01
1.018615484237670898e+00
-4.481929540634155273e-01
-8.825603127479553223e-02
-1.044646024703979492e+00
4.574511349201202393e-01
-5.070337057113647461e-01
6.992000937461853027e-01
9.080821275711059570e-01
2.259112358093261719e+00
-3.180200979113578796e-02
1.966974854469299316e+00
-2.804442048072814941e-01
-5.798576474189758301e-01
4.829383194446563721e-01
-7.219773530960083008e-01
-3.983770310878753662e-02
1.156506061553955078e+00
1.105666995048522949e+00
-9.180842041969299316e-01
-5.174499154090881348e-01
1.165878295898437500e+00
-4.697302877902984619e-01
7.982462644577026367e-01
5.857239961624145508e-01
9.672695994377136230e-01
1.057114720344543457e+00
-4.119157493114471436e-01
-1.545948088169097900e-01
5.877233743667602539e-01
-1.170935988426208496e+00
1.887071490287780762e+00
8.022440075874328613e-01
-9.868961572647094727e-02
1.422485113143920898e-01
1.167333796620368958e-01
1.570556282997131348e+00
2.101513624191284180e+00
-6.280377507209777832e-01
-1.047855734825134277e+00
-2.769283771514892578e+00
-1.197176814079284668e+00
-4.326938092708587646e-01
6.240463852882385254e-01
9.319716691970825195e-01
9.527543783187866211e-01
-7.327039241790771484e-01
2.889639437198638916e-01
-9.195715188980102539e-01
3.989486098289489746e-01
-2.612106323242187500e+00
-4.370277523994445801e-01
-2.236462831497192383e+00
7.287007570266723633e-01
-3.714090585708618164e-01
-1.099635213613510132e-01
7.150783538818359375e-01
-2.200939416885375977e+00
5.995024368166923523e-02
-4.142166376113891602e-01
1.070489764213562012e+00
-8.638219833374023438e-01
-8.313584923744201660e-01
-1.113901972770690918e+00
-1.312154889106750488e+00
-1.407269716262817383e+00
-2.125076055526733398e-01
5.287059545516967773e-01
-8.859128504991531372e-02
-1.403868556022644043e+00
-7.140790224075317383e-01
-3.761819899082183838e-01
4.552394747734069824e-01
-1.381556391716003418e+00
9.061732888221740723e-01
1.036341309547424316e+00
8.219287991523742676e-01
1.919103711843490601e-01
-2.250655889511108398e+00
8.884122371673583984e-01
1.536127209663391113e+00
4.816777706146240234e-01
1.839460611343383789e+00
2.223937958478927612e-01
-4.488056004047393799e-01
-6.973336935043334961e-01
1.830216199159622192e-01
-1.091352924704551697e-01
5.334427356719970703e-01
1.313572764396667480e+00
1.526445001363754272e-01
-6.128556132316589355e-01
-5.001443028450012207e-01
-1.451654672622680664e+00
-7.551790475845336914e-01
-4.286751449108123779e-01
5.997281074523925781e-01
-4.140231907367706299e-01
-7.256408929824829102e-01
1.969275593757629395e+00
5.924571156501770020e-01
-1.621814727783203125e+00
-9.067232161760330200e-02
1.441205024719238281e+00
5.771289467811584473e-01
-2.490911632776260376e-01
-6.235756278038024902e-01
-1.354659497737884521e-01
1.327479004859924316e+00
2.151531934738159180e+00
1.597969412803649902e+00
-2.490444928407669067e-01
4.248207807540893555e-01
-8.932835459709167480e-01
8.671237230300903320e-01
-1.635640859603881836e+00
9.553841501474380493e-02
5.126691460609436035e-01
7.809391617774963379e-01
1.215000748634338379e+00
-4.271255061030387878e-02
-4.503714293241500854e-02
-2.564586102962493896e-01
-2.760319411754608154e-01
-1.225382685661315918e+00
8.794851303100585938e-01
2.693922817707061768e-01
1.574083864688873291e-01
-4.946166872978210449e-01
2.521982669830322266e+00
4.652448296546936035e-01
-3.492923676967620850e-01
7.503709197044372559e-01
-2.011326551437377930e+00
-5.580028891563415527e-01
-2.019789934158325195e+00
-2.492991536855697632e-01
-7.659983634948730469e-02
2.858096957206726074e-01
-1.267498433589935303e-01
-1.169629693031311035e+00
2.164443254470825195e+00
-5.419837236404418945e-01
2.083801507949829102e+00
-7.965976595878601074e-01
-3.156817257404327393e-01
-1.199357628822326660e+00
4.055053293704986572e-01
-3.483643829822540283e-01
-6.919967532157897949e-01
-1.016836538910865784e-01
4.831739515066146851e-02
2.005701959133148193e-01
-1.359130620956420898e+00
4.121797382831573486e-01
-6.212745308876037598e-01
4.675757288932800293e-01
-4.282747209072113037e-01
-1.256920218467712402e+00
-2.514442801475524902e-01
-7.259765267372131348e-01
2.318686962127685547e+00
2.155212014913558960e-01
9.752913713455200195e-01
5.118125081062316895e-01
3.449991941452026367e-01
7.704624533653259277e-01
1.080963015556335449e-01
-9.363303184509277344e-01
7.478387951850891113e-01
5.558276176452636719e-01
-7.607148885726928711e-01
1.787416040897369385e-01
1.044182777404785156e+00
-1.802086830139160156e-01
2.652285337448120117e+00
3.985554724931716919e-02
1.596522808074951172e+00
-1.445877552032470703e+00
-6.269064545631408691e-01
9.274259209632873535e-02
1.080454111099243164e+00
1.275768518447875977e+00
-6.799958348274230957e-01
1.477095603942871094e+00
-1.357033401727676392e-01
5.708929300308227539e-01
6.571155190467834473e-01
3.479202985763549805e-01
-1.472200499847531319e-03
-6.309498548507690430e-01
-2.164273500442504883e+00
-1.209148168563842773e+00
-1.279721260070800781e+00
-1.540650606155395508e+00
7.018236517906188965e-01
-8.628266453742980957e-01
2.761128842830657959e-01
-9.318466782569885254e-01
1.042425632476806641e+00
-1.672471165657043457e-01
4.177217483520507812e-01
-4.365667402744293213e-01
-7.216475605964660645e-01
1.739490628242492676e+00
9.276196360588073730e-01
1.749982088804244995e-01
1.643441915512084961e+00
-2.362625002861022949e-01
1.312569260597229004e+00
4.207763671875000000e-01
-2.183392286300659180e+00
3.849131166934967041e-01
-9.212010502815246582e-01
-7.356523275375366211e-01
9.285472035408020020e-01
-2.913929820060729980e-01
-2.885174155235290527e-01
6.670336723327636719e-01
-6.294901967048645020e-01
-4.075064137578010559e-02
-2.905245125293731689e-01
-6.093132123351097107e-02
1.191582456231117249e-01
6.288148164749145508e-01
-6.137934923171997070e-01
-2.413664579391479492e+00
-2.281389951705932617e+00
-1.099874149076640606e-03
8.552460670471191406e-01
-3.672861754894256592e-01
1.532094717025756836e+00
-6.771051883697509766e-01
-6.132342219352722168e-01
6.227754354476928711e-01
-1.333922863006591797e+00
1.584770917892456055e+00
-4.129365384578704834e-01
-2.669857442378997803e-01
2.521825790405273438e+00
-4.825473129749298096e-01
1.326676964759826660e+00
6.877586841583251953e-01
6.755046248435974121e-01
4.387665390968322754e-01
-2.398992180824279785e-01
-8.250763416290283203e-01
1.757771253585815430e+00
-5.407227277755737305e-01
-1.053024649620056152e+00
-4.903798997402191162e-01
8.914785981178283691e-01
-6.970630288124084473e-01
-2.103737592697143555e+00
-1.016140222549438477e+00
1.357150077819824219e-01
1.093666672706604004e+00
-1.432608604431152344e+00
1.358818054199218750e+00
-9.663556814193725586e-01
-1.193277239799499512e+00
1.319759011268615723e+00
-3.688320815563201904e-01
-7.774854898452758789e-01
7.051832228899002075e-02
1.505409002304077148e+00
-2.253893613815307617e-01
1.572569906711578369e-01
5.098567530512809753e-02
6.684904694557189941e-01
2.212474048137664795e-01
3.965522944927215576e-01
6.253364086151123047e-01
-1.827186584472656250e+00
-2.007311582565307617e+00
-8.850200772285461426e-01
1.195355772972106934e+00
