-1.086361408233642578e+00
-4.572072327136993408e-01
-7.623921632766723633e-01
1.884767174720764160e+00
1.612968742847442627e-01
2.442920058965682983e-01
-1.310449719429016113e+00
1.326757818460464478e-01
-7.281425595283508301e-01
3.902339339256286621e-01
4.460980892181396484e-01
2.524532563984394073e-02
-1.082004234194755554e-01
2.186136007308959961e+00
-3.639060854911804199e-01
1.424046516418457031e+00
-2.048105001449584961e-01
-8.107666969299316406e-01
-7.778244614601135254e-01
1.436515897512435913e-01
-5.801066160202026367e-01
2.172234773635864258e+00
7.164424657821655273e-02
-9.875522255897521973e-01
9.107588231563568115e-02
-3.645975887775421143e-01
1.405577510595321655e-01
-9.611570835113525391e-01
1.505677103996276855e-01
7.323933392763137817e-02
-1.890657067298889160e+00
-2.154668271541595459e-01
-1.718267083168029785e+00
9.516258239746093750e-01
1.096279740333557129e+00
-9.115124940872192383e-01
1.894121803343296051e-02
-1.311294555664062500e+00
2.439422756433486938e-01
5.541910231113433838e-02
5.653745532035827637e-01
-1.314314246177673340e+00
-3.085383474826812744e-01
-3.222844600677490234e-01
-1.228993535041809082e+00
7.106743454933166504e-01
-4.767163991928100586e-01
-1.125291824340820312e+00
-1.533946692943572998e-01
1.063274383544921875e+00
1.090730547904968262e+00
-3.087817430496215820e-01
-1.520772576332092285e+00
3.441962003707885742e-01
3.487834334373474121e-01
8.304196596145629883e-02
2.145753502845764160e-01
-3.595449328422546387e-01
1.568407773971557617e+00
-1.916277527809143066e+00
7.397590875625610352e-01
1.000943541526794434e+00
2.799241542816162109e+00
-1.823179364204406738e+00
5.017944574356079102e-01
-9.444286674261093140e-02
4.603233933448791504e-01
2.569450810551643372e-02
1.543778061866760254e+00
2.803056538105010986e-01
1.134006857872009277e+00
-1.597356200218200684e-01
-3.233558535575866699e-01
-8.193809390068054199e-01
-1.721716880798339844e+00
-1.189607977867126465e+00
-6.723979711532592773e-01
-1.174844130873680115e-01
-1.454837918281555176e+00
-1.787245750427246094e+00
5.953495949506759644e-02
-1.863557547330856323e-01
3.412434160709381104e-01
5.424205660820007324e-01
-1.358762741088867188e+00
-5.771042406558990479e-02
-1.368033587932586670e-01
-3.610104620456695557e-01
-7.023052573204040527e-01
7.818117737770080566e-02
-2.068869918584823608e-01
2.437744855880737305e+00
1.277965784072875977e+00
1.224782109260559082e+00
8.377879858016967773e-01
-8.961030244827270508e-01
1.719922721385955811e-01
1.587406039237976074e+00
1.222705006599426270e+00
-1.171695351600646973e+00
1.628892421722412109e-01
-4.165734350681304932e-01
1.079760074615478516e+00
-1.671042799949645996e+00
-1.533088684082031250e+00
-8.873805999755859375e-01
1.147198081016540527e+00
-2.045901566743850708e-01
2.839261293411254883e-01
-3.573060631752014160e-01
1.605504512786865234e+00
1.326743841171264648e+00
1.861613541841506958e-01
-1.236085146665573120e-01
1.767777502536773682e-01
8.730462193489074707e-01
-1.479524523019790649e-01
-5.238743424415588379e-01
7.830730080604553223e-01
-2.070091068744659424e-01
3.597464859485626221e-01
-1.080352425575256348e+00
4.948904812335968018e-01
-2.202207148075103760e-01
6.565721035003662109e-01
-2.409540265798568726e-01
1.724982380867004395e+00
3.074903041124343872e-02
4.778616726398468018e-01
-3.813654184341430664e-01
-1.276929140090942383e+00
-5.500416159629821777e-01
2.246307432651519775e-01
-2.307490110397338867e-01
1.182393908500671387e+00
5.881805419921875000e-01
-1.389101982116699219e+00
-7.120249867439270020e-01
2.059025466442108154e-01
-3.065657913684844971e-01
-3.906316757202148438e-01
-9.134274721145629883e-01
-1.581168532371520996e+00
8.544987440109252930e-01
-3.090634047985076904e-01
-5.216109752655029297e-01
1.388905048370361328e+00
1.980183362960815430e+00
-2.022181302309036255e-01
2.564076185226440430e-01
-9.357147812843322754e-01
-6.012436151504516602e-01
1.250439524650573730e+00
8.625032901763916016e-01
2.972414493560791016e-01
-1.219753623008728027e+00
-7.385892271995544434e-01
2.354764640331268311e-01
1.181465029716491699e+00
6.694163680076599121e-01
2.988243997097015381e-01
1.322838187217712402e+00
9.430967569351196289e-01
7.012531757354736328e-01
-1.265971183776855469e+00
-1.073098421096801758e+00
2.228778898715972900e-01
-2.585773169994354248e-01
5.579492449760437012e-01
3.641641139984130859e-01
-6.640399694442749023e-01
1.025420188903808594e+00
1.499258279800415039e-01
-2.929894924163818359e-01
2.742194533348083496e-01
-9.088072776794433594e-01
7.065083980560302734e-01
1.422470808029174805e+00
-1.455113440752029419e-01
3.194773197174072266e-01
-1.655835509300231934e-01
-5.266528725624084473e-01
7.366070747375488281e-01
-9.082509875297546387e-01
4.781534671783447266e-01
-5.554323196411132812e-01
2.204253435134887695e+00
6.005011200904846191e-01
1.905061602592468262e-01
1.946137547492980957e+00
7.601517438888549805e-01
-1.069086551666259766e+00
-5.433307290077209473e-01
7.619891166687011719e-01
-1.814202219247817993e-01
-4.533418715000152588e-01
-8.000386953353881836e-01
-7.437929511070251465e-01
6.671855449676513672e-01
1.199711203575134277e+00
-4.852875173091888428e-01
-1.723235398530960083e-01
-8.750229477882385254e-01
-3.221103847026824951e-01
2.083361864089965820e+00
6.271938085556030273e-01
-4.356895089149475098e-01
7.479867897927761078e-03
1.765072703361511230e+00
1.211898922920227051e+00
2.765433192253112793e-01
7.716109603643417358e-02
-8.140672445297241211e-01
-6.014017462730407715e-01
1.061870694160461426e+00
-2.743271887302398682e-01
-2.042521685361862183e-01
-2.044481039047241211e+00
-4.210738241672515869e-01
-5.141682624816894531e-01
-2.465812861919403076e-01
-6.103696227073669434e-01
-3.005666136741638184e-01
-5.169404745101928711e-01
-4.475596845149993896e-01
-4.525415301322937012e-01
-9.053786993026733398e-01
-1.074167013168334961e+00
9.541967511177062988e-01
4.074298143386840820e-01
9.871122837066650391e-01
2.320625066757202148e+00
-2.212409734725952148e+00
1.043872952461242676e+00
-1.889904737472534180e-01
1.249531209468841553e-01
7.463858127593994141e-01
1.120277568697929382e-01
-4.901361167430877686e-01
-1.399444341659545898e-01
-4.037848711013793945e-01
1.238848447799682617e+00
1.153538584709167480e+00
5.423923134803771973e-01
-7.965433001518249512e-01
-1.001029729843139648e+00
-8.450689911842346191e-01
-1.156080603599548340e+00
-2.103801250457763672e+00
3.622374236583709717e-01
-1.629091948270797729e-01
-5.459180474281311035e-01
-6.368123292922973633e-01
9.900130629539489746e-01
7.667618989944458008e-01
1.115128397941589355e+00
-1.617981076240539551e+00
-1.301591753959655762e+00
-5.146443843841552734e-01
-2.191395998001098633e+00
-2.845098972320556641e-01
-7.168688625097274780e-02
6.563631892204284668e-01
-5.047091245651245117e-01
1.964719593524932861e-01
1.142886638641357422e+00
-2.027083635330200195e-01
-7.554286122322082520e-01
-4.211424887180328369e-01
4.551868438720703125e-01
-5.611100196838378906e-01
1.944381296634674072e-01
-1.209937453269958496e+00
1.411162614822387695e+00
-2.181871235370635986e-01
5.293839797377586365e-02
-7.654193639755249023e-01
-1.134968757629394531e+00
6.297329664230346680e-01
2.399995476007461548e-01
-3.565708696842193604e-01
-5.396074056625366211e-01
-1.203480958938598633e+00
3.515855371952056885e-01
-1.397570848464965820e+00
1.157034397125244141e+00
-1.428599283099174500e-02
-1.961419880390167236e-01
5.976124405860900879e-01
-9.620000123977661133e-01
-1.143452167510986328e+00
-1.291934967041015625e+00
7.125359028577804565e-02
-7.413685917854309082e-01
-6.895755976438522339e-02
4.986814782023429871e-02
1.115952014923095703e+00
-9.277424216270446777e-01
-1.366972327232360840e+00
-1.449492216110229492e+00
7.694135904312133789e-01
-2.032071590423583984e+00
-2.948843836784362793e-01
-1.635322809219360352e+00
3.369061350822448730e-01
7.707310914993286133e-01
-4.009977728128433228e-02
3.916558623313903809e-02
-1.488946080207824707e+00
5.003870725631713867e-01
1.312669992446899414e+00
-2.325611114501953125e-01
-2.894564867019653320e+00
-1.964110285043716431e-01
-1.099633872509002686e-01
-1.342430353164672852e+00
3.598004281520843506e-01
-8.908741474151611328e-01
4.610731005668640137e-01
-3.851962983608245850e-01
-2.628246843814849854e-01
-1.379491209983825684e+00
-1.035451237112283707e-02
-1.342174649238586426e+00
6.501517295837402344e-01
-4.478103220462799072e-01
1.468248963356018066e+00
-2.024606227874755859e+00
-9.578135609626770020e-01
1.682178616523742676e+00
1.433180212974548340e+00
3.969100862741470337e-02
-1.183664917945861816e+00
-2.169705152511596680e+00
4.097324311733245850e-01
-2.513932287693023682e-01
-1.198785066604614258e+00
6.043205857276916504e-01
5.807976722717285156e-01
1.000801205635070801e+00
2.447248697280883789e-01
3.290726244449615479e-01
-1.063796043395996094e+00
-3.308539986610412598e-01
-5.209026336669921875e-01
-1.256880313158035278e-01
-9.500397443771362305e-01
4.360411465167999268e-01
-8.201539516448974609e-01
6.598182916641235352e-01
-4.957458078861236572e-01
1.434060692787170410e+00
1.234987020492553711e+00
8.553125262260437012e-01
-7.021077275276184082e-01
-1.084457516670227051e+00
-7.839860320091247559e-01
2.846992015838623047e+00
2.478154301643371582e-01
1.031075000762939453e+00
-7.317442297935485840e-01
9.161256551742553711e-01
1.750837564468383789e+00
2.136495351791381836e+00
2.770488560199737549e-01
7.249679565429687500e-01
1.534539341926574707e+00
-1.528624534606933594e+00
7.176857590675354004e-01
5.919387936592102051e-01
-7.893397808074951172e-01
3.189003169536590576e-01
-4.950414001941680908e-01
-5.815031751990318298e-02
-1.177941113710403442e-01
-3.798454403877258301e-01
8.529310822486877441e-01
-8.463572710752487183e-02
-8.594403862953186035e-01
7.773790359497070312e-01
-1.636082887649536133e+00
-6.911675333976745605e-01
-4.423369765281677246e-01
-9.871800541877746582e-01
3.066884279251098633e-01
1.278329730033874512e+00
5.281028747558593750e-01
-4.005243182182312012e-01
-6.875663995742797852e-01
1.463654398918151855e+00
-7.091395258903503418e-01
2.405020408332347870e-02
1.130293726921081543e+00
1.024407267570495605e+00
-1.006189346313476562e+00
-9.341632723808288574e-01
6.502291560173034668e-01
1.022248625755310059e+00
5.700948834419250488e-01
8.087556064128875732e-02
-5.604910850524902344e-01
-5.452389828860759735e-03
3.709080219268798828e-01
-2.401499003171920776e-01
2.969584167003631592e-01
1.816761791706085205e-01
-1.354381203651428223e+00
1.094341158866882324e+00
-1.536902338266372681e-01
1.557063221931457520e+00
1.215093016624450684e+00
4.411039948463439941e-01
-9.928595274686813354e-03
-6.609843373298645020e-01
4.535890817642211914e-01
1.647152543067932129e+00
5.929983258247375488e-01
-2.835112810134887695e-02
-3.630340993404388428e-01
-1.071218132972717285e+00
1.237137079238891602e+00
2.567327320575714111e-01
1.617101073265075684e+00
-1.210759997367858887e+00
7.654204964637756348e-01
8.113324642181396484e-01
6.127536296844482422e-01
7.700197100639343262e-01
4.917797446250915527e-01
-1.613013029098510742e+00
-3.192970156669616699e-02
-5.007572770118713379e-01
2.531363964080810547e-01
2.048164606094360352e+00
8.871302008628845215e-03
-1.194733306765556335e-01
1.542264699935913086e+00
2.017736911773681641e+00
7.206174135208129883e-01
3.342589139938354492e-01
-8.679833412170410156e-01
-1.606573343276977539e+00
3.559629917144775391e-01
-1.698904484510421753e-01
9.910611063241958618e-02
-7.651920318603515625e-01
-5.498687624931335449e-01
3.323327004909515381e-02
5.543363094329833984e-01
1.089647054672241211e+00
1.069972634315490723e+00
1.341314911842346191e-01
1.238389253616333008e+00
3.188835978507995605e-01
9.206041097640991211e-01
-1.441091746091842651e-01
6.361095905303955078e-01
3.427950665354728699e-02
9.639613032341003418e-01
-6.623465418815612793e-01
-3.683084547519683838e-01
-4.911253452301025391e-01
1.234821677207946777e+00
-1.007253751158714294e-01
-7.152406126260757446e-02
4.101499617099761963e-01
-1.171192303299903870e-01
-9.945499897003173828e-01
5.992684960365295410e-01
-5.592829585075378418e-01
-3.643822073936462402e-01
-5.575993657112121582e-01
2.659666538238525391e+00
5.334632396697998047e-01
-4.414437804371118546e-03
-2.010829210281372070e+00
6.294042468070983887e-01
3.299667239189147949e-01
-1.179844439029693604e-01
4.389134645462036133e-01
-3.306412994861602783e-01
1.262412786483764648e+00
1.882314443588256836e+00
1.496882557868957520e+00
9.602468609809875488e-01
5.410664081573486328e-01
-1.072391629219055176e+00
-2.223107814788818359e+00
-4.243135452270507812e-01
-6.886945366859436035e-01
4.271653294563293457e-01
-5.632945299148559570e-01
-1.890872836112976074e+00
-4.342837631702423096e-01
2.061831235885620117e+00
-6.637474894523620605e-01
-1.756212860345840454e-01
-4.785727262496948242e-01
-1.228092312812805176e+00
-3.286692500114440918e-01
7.294059991836547852e-01
-2.499250769615173340e-01
4.985324442386627197e-01
-3.306999104097485542e-03
6.658411622047424316e-01
1.540487170219421387e+00
5.733991265296936035e-01
4.171262979507446289e-01
-4.338660091161727905e-02
-4.681305289268493652e-01
-5.228380560874938965e-01
3.351794183254241943e-01
2.020970135927200317e-01
-2.184549421072006226e-01
6.992417573928833008e-01
-2.261686921119689941e-01
-1.354236751794815063e-01
1.218191385269165039e-01
1.566328406333923340e+00
-5.924742668867111206e-02
-6.165682673454284668e-01
1.790780544281005859e+00
-7.400906085968017578e-01
-1.703580856323242188e+00
-8.746457099914550781e-01
-3.211331665515899658e-01
5.278925299644470215e-01
1.345542907714843750e+00
1.055620193481445312e+00
1.018837809562683105e+00
5.442507863044738770e-01
7.396181225776672363e-01
5.316547155380249023e-01
-2.905353605747222900e-01
-2.998247444629669189e-01
-3.188501000404357910e-01
-4.209658801555633545e-01
1.199082016944885254e+00
-9.306294471025466919e-02
1.043281555175781250e+00
1.013661026954650879e+00
2.188181400299072266e+00
-1.216215014457702637e+00
2.910079061985015869e-01
-6.428775787353515625e-01
2.297314405441284180e+00
-1.791482210159301758e+00
1.887073516845703125e-01
1.214822888374328613e+00
-5.119754672050476074e-01
-6.941980719566345215e-01
4.475352168083190918e-01
1.640339732170104980e+00
-3.232868015766143799e-01
-1.265853762626647949e+00
-7.516029477119445801e-01
-4.505332410335540771e-01
7.604303359985351562e-01
-7.244934439659118652e-01
1.362174283713102341e-02
1.783390194177627563e-01
-7.440514564514160156e-01
5.715323239564895630e-02
5.485315918922424316e-01
-1.110286593437194824e+00
-4.784619808197021484e-01
2.021213769912719727e+00
-1.209113359451293945e+00
6.579746603965759277e-01
-2.599705569446086884e-02
-3.499138355255126953e-02
1.065666228532791138e-01
-2.831052541732788086e-01
-9.650693535804748535e-01
5.926598608493804932e-02
-6.987371444702148438e-01
-5.091880559921264648e-01
-5.776699781417846680e-01
4.503201842308044434e-01
8.561996221542358398e-01
-5.677826404571533203e-01
-1.305730938911437988e+00
1.572145342826843262e+00
6.522116065025329590e-01
1.504905343055725098e+00
7.637102603912353516e-01
1.243450492620468140e-01
-5.925570726394653320e-01
5.426909327507019043e-01
-9.263156354427337646e-02
1.233595132827758789e+00
3.808480203151702881e-01
4.183314144611358643e-01
-5.774748325347900391e-02
1.011415243148803711e+00
4.791828095912933350e-01
-1.014682173728942871e+00
7.386919856071472168e-01
2.242364436388015747e-01
6.850457787513732910e-01
-5.874976143240928650e-02
-7.748575210571289062e-01
-3.388943672180175781e-01
-1.108420610427856445e+00
8.693354129791259766e-01
1.408001303672790527e+00
-9.195354580879211426e-01
5.617974400520324707e-01
-6.290026307106018066e-01
1.093295454978942871e+00
2.105242013931274414e+00
2.318076133728027344e+00
-8.965660929679870605e-01
3.787738084793090820e-01
1.858315110206604004e+00
1.115449190139770508e+00
-6.666414141654968262e-01
-1.841124653816223145e+00
-8.065105229616165161e-02
1.025179624557495117e+00
2.060542106628417969e+00
-2.301831722259521484e+00
1.068310856819152832e+00
2.045901268720626831e-01
-2.278591133654117584e-02
3.286645114421844482e-01
1.177455261349678040e-01
-7.745739817619323730e-02
-4.780127704143524170e-01
1.058941960334777832e+00
-7.786386609077453613e-01
-9.615839719772338867e-01
8.780308365821838379e-01
-4.401750564575195312e-01
-1.411909103393554688e+00
-8.499163389205932617e-01
2.933017015457153320e-01
-4.785007238388061523e-01
-4.848877489566802979e-01
2.400830946862697601e-02
6.615984439849853516e-01
4.422365427017211914e-01
7.568662166595458984e-01
-1.754909396171569824e+00
6.740645170211791992e-01
-2.042485028505325317e-01
-1.396275609731674194e-01
-1.997343301773071289e+00
1.800862669944763184e+00
7.840447425842285156e-01
6.937878727912902832e-01
4.711281955242156982e-01
1.145687937736511230e+00
1.612861305475234985e-01
1.908775418996810913e-01
-1.826517224311828613e+00
-1.917294144630432129e+00
5.284318327903747559e-01
-3.934594690799713135e-01
2.630555033683776855e-01
6.795499920845031738e-01
-1.232821419835090637e-01
3.107461333274841309e-01
8.715063333511352539e-01
6.607180833816528320e-01
6.304209232330322266e-01
1.121397018432617188e+00
2.586678862571716309e-01
-4.336835145950317383e-01
2.662122249603271484e-01
-1.238846659660339355e+00
7.922952771186828613e-01
6.065046414732933044e-02
-1.061135053634643555e+00
-6.296377629041671753e-02
9.712765812873840332e-01
-1.608543038368225098e+00
-1.299725651741027832e+00
-9.278491884469985962e-02
1.480778574943542480e+00
-6.203575730323791504e-01
-6.096841096878051758e-01
8.406411409378051758e-01
1.555005550384521484e+00
-3.166448697447776794e-02
2.256799459457397461e+00
-1.328993678092956543e+00
4.749146997928619385e-01
-1.281963467597961426e+00
-2.269584685564041138e-01
-3.673020899295806885e-01
-6.268219351768493652e-01
6.522383093833923340e-01
1.916631698608398438e+00
-4.268612265586853027e-01
6.631786227226257324e-01
5.050528049468994141e-01
-2.912052869796752930e-01
-1.039941668510437012e+00
-2.960252046585083008e+00
-1.242898225784301758e+00
1.868585795164108276e-01
-4.620338082313537598e-01
3.131714463233947754e-01
8.341678380966186523e-01
-4.760091900825500488e-01
1.065787315368652344e+00
3.660595417022705078e-01
-7.285556793212890625e-01
-3.018318712711334229e-01
-6.819459795951843262e-02
-1.849780321121215820e+00
-2.201069742441177368e-01
-3.104085922241210938e-01
-3.389831632375717163e-02
1.409286499023437500e+00
-4.845760390162467957e-02
4.434289038181304932e-01
-1.527207136154174805e+00
8.160389661788940430e-01
3.383149802684783936e-01
2.939925909042358398e+00
-9.371944665908813477e-01
-9.734653830528259277e-01
1.277501106262207031e+00
-1.659766584634780884e-01
-1.918178439140319824e+00
-5.203988552093505859e-01
-2.043834209442138672e+00
7.696278691291809082e-01
5.225372910499572754e-01
-1.655485272407531738e+00
-2.643519639968872070e-01
-3.714461028575897217e-01
-1.697601675987243652e+00
-8.670542836189270020e-01
1.178777813911437988e+00
1.195139288902282715e+00
-5.000311732292175293e-01
1.717790722846984863e+00
1.052376255393028259e-01
4.316036999225616455e-01
-3.585627079010009766e-01
-7.899428606033325195e-01
-4.371390342712402344e-01
8.002628087997436523e-01
-4.698325991630554199e-01
-5.136536955833435059e-01
5.259924754500389099e-02
-1.336681604385375977e+00
-1.621257305145263672e+00
8.617639541625976562e-01
8.544264435768127441e-01
-2.167537659406661987e-01
-1.496498137712478638e-01
6.051095128059387207e-01
-5.526596903800964355e-01
1.478588324971497059e-03
4.732007626444101334e-03
-9.443910121917724609e-01
7.871668934822082520e-01
1.295749187469482422e+00
-2.663110792636871338e-01
-1.446270704269409180e+00
-7.673208117485046387e-01
1.883992925286293030e-02
2.510182559490203857e-01
1.984948962926864624e-01
-1.887247338891029358e-02
-2.077049389481544495e-02
7.633087038993835449e-01
1.991975545883178711e+00
8.213818073272705078e-01
6.333915591239929199e-01
2.223059892654418945e+00
-9.404965043067932129e-01
3.574557974934577942e-02
4.683556556701660156e-01
-7.657746672630310059e-01
1.486688017845153809e+00
-8.228544592857360840e-01
6.681209802627563477e-01
1.050308570265769958e-01
-2.644637227058410645e-01
5.690689682960510254e-01
-1.147274851799011230e+00
9.139962792396545410e-01
8.857479691505432129e-01
3.691685153171420097e-03
-6.797403693199157715e-01
-7.241998314857482910e-01
7.692502737045288086e-01
-7.776474356651306152e-01
-5.366651415824890137e-01
2.781511545181274414e+00
1.386398673057556152e+00
2.647947072982788086e-01
3.549064099788665771e-01
-1.134274601936340332e+00
1.661399364471435547e+00
