7.000070810317993164e-02
-6.468936204910278320e-01
-3.917163312435150146e-01
5.148003995418548584e-02
4.175053834915161133e-01
1.349669247865676880e-01
7.757582068443298340e-01
-3.056264221668243408e-01
-1.938477039337158203e+00
7.195571064949035645e-01
-4.538225233554840088e-01
3.817327022552490234e-01
-1.550523638725280762e+00
8.971338868141174316e-01
8.938521742820739746e-01
4.700939059257507324e-01
2.564120292663574219e-01
-9.575144648551940918e-01
4.586856663227081299e-01
-1.418591380119323730e+00
-7.765048742294311523e-01
1.710921049118041992e+00
-4.456218481063842773e-01
-5.139207839965820312e-01
-4.210449382662773132e-02
2.476796060800552368e-01
-1.693961918354034424e-01
-8.342380523681640625e-01
-1.961124181747436523e+00
-6.172869205474853516e-01
2.089487314224243164e+00
-4.760517776012420654e-01
-2.703709602355957031e-01
-2.049149572849273682e-01
7.996832728385925293e-01
-1.201813459396362305e+00
3.932021558284759521e-01
-1.190136313438415527e+00
2.045269727706909180e+00
8.236108422279357910e-01
-9.577315449714660645e-01
-7.912689447402954102e-01
6.060421466827392578e-01
-3.225409388542175293e-01
8.315916657447814941e-01
1.984889507293701172e+00
2.308553308248519897e-01
-5.645987987518310547e-01
-2.212448596954345703e+00
3.399465084075927734e-01
5.921465810388326645e-03
1.246764779090881348e+00
1.421373486518859863e+00
1.849675178527832031e-01
-4.734898507595062256e-01
2.520485639572143555e+00
-1.268962025642395020e+00
8.063209056854248047e-01
-9.542342424392700195e-01
4.706237912178039551e-01
1.030425906181335449e+00
-1.804090619087219238e+00
1.849062554538249969e-02
7.857178449630737305e-01
2.612250447273254395e-01
2.030028104782104492e+00
4.228885769844055176e-01
4.419668614864349365e-01
1.079850316047668457e+00
1.871186196804046631e-01
-1.281204074621200562e-01
3.362444937229156494e-01
1.078722715377807617e+00
1.913895159959793091e-01
1.083817958831787109e+00
-4.964581429958343506e-01
-7.114470005035400391e-01
-6.993389725685119629e-01
4.142402857542037964e-02
4.430890977382659912e-01
1.099885851144790649e-01
-5.999579429626464844e-01
-1.075377106666564941e+00
-5.637182593345642090e-01
-9.825405478477478027e-01
-4.084760546684265137e-01
3.744083046913146973e-01
1.416731595993041992e+00
2.191741317510604858e-01
-1.545987367630004883e+00
-5.390086174011230469e-01
4.192179441452026367e-01
1.279669165611267090e+00
-1.265221714973449707e+00
-2.127511501312255859e+00
1.724455356597900391e+00
1.909587532281875610e-01
-2.864140272140502930e-01
-6.412658095359802246e-01
2.122036963701248169e-01
8.465083837509155273e-01
-1.888408899307250977e+00
-3.382457733154296875e+00
-5.111268758773803711e-01
1.200838923454284668e+00
-1.219278216361999512e+00
-8.357045054435729980e-01
-1.084393501281738281e+00
-5.023386478424072266e-01
-3.855774104595184326e-01
2.844587564468383789e-01
-8.723036050796508789e-01
-3.817125856876373291e-01
9.486430287361145020e-01
-1.603557705879211426e+00
8.142548203468322754e-01
-4.450140893459320068e-01
-4.006226956844329834e-01
1.969893574714660645e-01
3.456304371356964111e-01
-1.650225371122360229e-01
-1.059039592742919922e+00
1.231295585632324219e+00
4.158660471439361572e-01
-5.681025385856628418e-01
-2.285023033618927002e-01
1.096827864646911621e+00
-2.530312240123748779e-01
7.669879794120788574e-01
-1.941009312868118286e-01
1.034042015671730042e-01
2.151517391204833984e+00
5.260141193866729736e-02
-3.298898935317993164e+00
6.161091923713684082e-01
9.804003834724426270e-01
-4.838655591011047363e-01
5.834949016571044922e-01
9.797540307044982910e-01
-1.354038953781127930e+00
-8.987739086151123047e-01
1.795349240303039551e+00
-4.762174785137176514e-01
-1.363698244094848633e+00
5.902565121650695801e-01
1.150073558092117310e-01
-1.641551613807678223e+00
9.986876845359802246e-01
-2.966426312923431396e-01
-6.690242290496826172e-01
5.359468460083007812e-01
-1.176027655601501465e+00
-9.922487735748291016e-01
1.705189943313598633e+00
5.975654125213623047e-01
1.138242363929748535e+00
1.213765978813171387e+00
8.137345314025878906e-01
-4.843935668468475342e-01
6.763660311698913574e-01
-1.285077810287475586e+00
-2.453931570053100586e-01
1.175638437271118164e+00
7.229886651039123535e-01
-1.010879635810852051e+00
-1.326277852058410645e+00
-3.739126920700073242e-01
-8.743893504142761230e-01
-1.284522771835327148e+00
-9.783732295036315918e-01
2.123388290405273438e+00
-9.207087010145187378e-02
1.813205599784851074e+00
2.371479511260986328e+00
1.134693980216979980e+00
-2.064343988895416260e-01
1.572801589965820312e+00
2.000892877578735352e+00
3.709453344345092773e-01
-1.792320966720581055e+00
-4.413626790046691895e-01
-1.436704754829406738e+00
2.386430799961090088e-01
1.205011680722236633e-01
-1.068547964096069336e+00
-1.159504055976867676e+00
-2.856640517711639404e-01
1.232842206954956055e+00
-8.561827540397644043e-01
3.868393898010253906e-01
9.401248395442962646e-02
1.382491588592529297e+00
-4.301043599843978882e-02
-3.180303275585174561e-01
-2.619257867336273193e-01
1.116917610168457031e+00
-7.239037752151489258e-01
-1.158720970153808594e+00
2.541601359844207764e-01
1.592282950878143311e-01
-7.698833942413330078e-01
2.093438625335693359e+00
-1.329306811094284058e-01
8.614139556884765625e-01
1.455031991004943848e+00
9.461693763732910156e-01
-1.542076021432876587e-01
-5.766460299491882324e-01
6.710812449455261230e-01
-3.960446715354919434e-01
-1.269173622131347656e-01
-1.369626522064208984e+00
-1.471061110496520996e-01
-1.183029651641845703e+00
1.599974155426025391e+00
-3.046942949295043945e-01
4.000726342201232910e-01
-7.801899313926696777e-01
-1.164731740951538086e+00
1.249070763587951660e+00
-1.263784050941467285e+00
-7.003403902053833008e-01
4.220122098922729492e-01
1.229132175445556641e+00
4.473457038402557373e-01
6.372263431549072266e-01
-1.352557659149169922e+00
-6.217139214277267456e-02
7.861806750297546387e-01
-4.663980901241302490e-01
9.156035184860229492e-01
-1.867140978574752808e-01
-4.222877025604248047e-01
-5.070039033889770508e-01
8.030001521110534668e-01
2.403340488672256470e-01
-1.694514870643615723e+00
1.802432656288146973e+00
-1.123861670494079590e+00
7.524932622909545898e-01
-1.127881646156311035e+00
2.575000524520874023e+00
-2.096967458724975586e+00
-1.939178466796875000e+00
-1.478310704231262207e+00
-5.513682365417480469e-01
3.259230777621269226e-02
-8.229640722274780273e-01
1.775649487972259521e-01
-1.775760173797607422e+00
-1.716952919960021973e+00
5.185858607292175293e-01
2.244439840316772461e+00
-1.311143994331359863e+00
-8.784955367445945740e-03
1.750871419906616211e+00
-3.326730430126190186e-01
6.576051712036132812e-01
6.230056881904602051e-01
-1.321625947952270508e+00
-2.247429788112640381e-01
-5.222676396369934082e-01
1.113487720489501953e+00
-2.401565313339233398e-01
-3.701654970645904541e-01
-3.677244298160076141e-03
3.747415542602539062e-01
-2.887389659881591797e-01
-2.113900184631347656e-01
-7.120776772499084473e-01
-7.161613106727600098e-01
4.243963584303855896e-02
-8.123120665550231934e-01
-4.853724539279937744e-01
-8.658214807510375977e-01
2.163980722427368164e+00
-1.190153121948242188e+00
7.398102879524230957e-01
-3.337495625019073486e-01
6.912741065025329590e-01
-8.274337649345397949e-01
5.768730044364929199e-01
-1.219296813011169434e+00
1.013792395591735840e+00
5.180648565292358398e-01
-1.422694325447082520e+00
-2.320411950349807739e-01
5.478494986891746521e-02
-4.560668766498565674e-01
-5.988397598266601562e-01
1.773268938064575195e+00
8.179084658622741699e-01
1.212991833686828613e+00
7.328803539276123047e-01
1.940743088722229004e+00
-5.271977186203002930e-01
9.379028081893920898e-01
8.083364367485046387e-01
6.642581224441528320e-01
1.304038405418395996e+00
-5.409739613533020020e-01
-7.372129559516906738e-01
4.544161632657051086e-02
2.106846272945404053e-01
-3.452565968036651611e-01
-1.028307676315307617e+00
1.913342237472534180e+00
-1.403952717781066895e+00
-1.438199996948242188e+00
-1.351536154747009277e+00
2.455804198980331421e-01
8.011982440948486328e-01
7.571611404418945312e-01
-7.716427445411682129e-01
4.671544730663299561e-01
-1.176374197006225586e+00
-3.693392276763916016e-01
1.359462380409240723e+00
-2.173150300979614258e+00
-2.194387167692184448e-01
-1.277272701263427734e-01
-6.496258378028869629e-01
-1.100649118423461914e+00
-2.035310745239257812e+00
8.888896554708480835e-02
-1.573763787746429443e-01
-1.040263175964355469e+00
4.151043891906738281e-01
-1.668525338172912598e+00
-6.275748014450073242e-01
1.499145627021789551e+00
1.285279393196105957e+00
-2.849680185317993164e-01
-1.201025694608688354e-01
4.775314927101135254e-01
-9.047242999076843262e-01
-8.694086670875549316e-01
-1.715284228324890137e+00
2.113986946642398834e-02
-9.356630444526672363e-01
-1.431165695190429688e+00
-2.805259823799133301e-02
-1.553856283426284790e-01
1.138536557555198669e-01
-6.531653404235839844e-01
-9.687855243682861328e-01
2.416359484195709229e-01
-8.177601695060729980e-01
-8.335583843290805817e-03
4.154745638370513916e-01
1.807933211326599121e+00
1.206175088882446289e+00
-8.713170289993286133e-01
-3.241208076477050781e+00
-4.576671421527862549e-01
-2.022808790206909180e-01
-2.079860210418701172e+00
6.407606005668640137e-01
-5.352633818984031677e-02
1.871632933616638184e-01
6.188085675239562988e-01
2.325263172388076782e-01
2.111247330904006958e-01
1.047583460807800293e+00
1.875994205474853516e-01
-7.278401851654052734e-01
6.088733077049255371e-01
-5.095546841621398926e-01
-3.062532544136047363e-01
5.275464057922363281e-01
1.429131925106048584e-01
-3.244470357894897461e-01
-1.172418355941772461e+00
-5.987672209739685059e-01
-5.648655295372009277e-01
1.044243454933166504e+00
1.870728135108947754e+00
1.434090971946716309e+00
1.911598682403564453e+00
-4.192310869693756104e-01
-1.051655769348144531e+00
-1.844863295555114746e-01
1.711591720581054688e+00
-1.971692591905593872e-02
-4.461235105991363525e-01
-1.094121336936950684e+00
1.108339548110961914e+00
4.594393670558929443e-01
-1.780864238739013672e+00
-4.636683166027069092e-01
-2.219522476196289062e+00
6.605453323572874069e-03
1.430502772331237793e+00
7.599882483482360840e-01
1.963489413261413574e+00
-5.000435113906860352e-01
1.415582656860351562e+00
1.405677556991577148e+00
-8.274559974670410156e-01
-6.062366813421249390e-02
-3.743076324462890625e-01
-5.402103662490844727e-01
-1.620806306600570679e-01
1.071546912193298340e+00
-1.483026146888732910e-01
-1.229044914245605469e+00
6.117882728576660156e-01
2.628168463706970215e-02
-9.394275546073913574e-01
-2.034292966127395630e-01
-1.573607921600341797e+00
6.885636597871780396e-02
-1.677828192710876465e+00
-1.600909531116485596e-01
-1.491572618484497070e+00
1.716849356889724731e-01
-2.120734155178070068e-01
-1.879616975784301758e-01
9.573662877082824707e-01
1.007132887840270996e+00
4.221560955047607422e-01
2.686791308224201202e-02
-1.123417317867279053e-01
1.496270895004272461e+00
-1.468101143836975098e+00
-9.759745001792907715e-01
-5.583315491676330566e-01
5.154739618301391602e-01
4.367488622665405273e-01
1.875350922346115112e-01
2.402020841836929321e-01
-8.449511528015136719e-01
1.852288842201232910e-01
-4.196080565452575684e-01
-4.101966619491577148e-01
5.450073480606079102e-01
2.158198118209838867e+00
-2.784562408924102783e-01
2.697749137878417969e+00
-1.113183200359344482e-01
8.064283728599548340e-01
4.606656357645988464e-02
-4.074456989765167236e-01
1.477720141410827637e-01
-1.622342944145202637e+00
-1.367617845535278320e+00
1.609003543853759766e+00
-1.926729679107666016e+00
-2.721744775772094727e-01
4.479821920394897461e-01
-9.355930089950561523e-01
3.417192399501800537e-01
2.039469957351684570e+00
8.469120860099792480e-01
-6.259307861328125000e-01
-8.347165584564208984e-01
-1.523997902870178223e+00
-1.632688939571380615e-01
-1.272081136703491211e+00
1.075058221817016602e+00
-1.399555802345275879e+00
9.332996606826782227e-01
1.038979768753051758e+00
-9.142152667045593262e-01
-9.866548776626586914e-01
4.746197462081909180e-01
1.512593388557434082e+00
1.217280149459838867e+00
3.320453688502311707e-02
-2.541107416152954102e+00
9.675902724266052246e-01
9.821953177452087402e-01
2.715832293033599854e-01
-7.289975881576538086e-01
-3.985314965248107910e-01
-1.394916892051696777e+00
5.150849819183349609e-01
-5.556774139404296875e-01
1.532804608345031738e+00
-7.412049770355224609e-01
-8.180871605873107910e-01
-1.143503427505493164e+00
-6.053760647773742676e-01
-4.937282502651214600e-01
6.450850367546081543e-01
6.954774856567382812e-01
4.399796202778816223e-02
4.098941087722778320e-01
1.603956103324890137e+00
6.615366339683532715e-01
9.142819643020629883e-01
-2.266025096178054810e-01
9.172847270965576172e-01
-2.778297066688537598e-01
1.173605442047119141e+00
1.478087902069091797e+00
-1.730196595191955566e+00
4.015188515186309814e-01
1.870594263076782227e+00
-7.180709242820739746e-01
-1.047878026962280273e+00
-1.006010770797729492e+00
-6.873864531517028809e-01
1.673546195030212402e+00
-2.364611864089965820e+00
6.083218455314636230e-01
2.109834671020507812e+00
9.658024907112121582e-01
2.146222352981567383e+00
2.242796421051025391e-01
-6.437894701957702637e-01
1.493714094161987305e+00
-4.670953750610351562e-01
-6.463370323181152344e-01
2.206154465675354004e-01
-9.480679631233215332e-01
1.340162158012390137e+00
1.608064770698547363e+00
3.600356578826904297e-01
2.147057652473449707e-01
3.030876815319061279e-01
-8.575108647346496582e-01
-5.199706554412841797e-01
-1.398929476737976074e+00
-6.170020699501037598e-01
-1.752125173807144165e-01
6.498651504516601562e-01
4.986622929573059082e-01
-6.900748014450073242e-01
4.722777903079986572e-01
-1.051492333412170410e+00
-1.358304500579833984e+00
-4.165268242359161377e-01
-6.949729919433593750e-01
-4.869928956031799316e-01
-8.799099177122116089e-02
-8.121429085731506348e-01
1.692871302366256714e-01
-1.191758751869201660e+00
1.934143006801605225e-01
-1.475762128829956055e+00
8.652709126472473145e-01
5.958638191223144531e-01
2.075037956237792969e-01
-3.079269230365753174e-01
-3.562667071819305420e-01
-1.154372930526733398e+00
1.373100638389587402e+00
7.723028063774108887e-01
-2.573178112506866455e-01
3.366123139858245850e-01
2.840886712074279785e-01
-5.846226215362548828e-02
1.561410546302795410e+00
9.932819604873657227e-01
-1.575731396675109863e+00
-2.224316358566284180e+00
-1.104243993759155273e-01
5.182409286499023438e-01
8.148564100265502930e-01
2.353097200393676758e-01
2.928755879402160645e-01
-7.743760347366333008e-01
-1.959004163742065430e+00
-2.151011705398559570e+00
-5.309101343154907227e-01
1.199976444244384766e+00
3.647685050964355469e-02
-8.046466857194900513e-03
2.001744985580444336e+00
-6.787742376327514648e-01
-3.581403493881225586e-01
1.726178526878356934e+00
1.536776900291442871e+00
9.265738129615783691e-01
5.423524975776672363e-01
1.181666970252990723e+00
5.445910096168518066e-01
-8.878860473632812500e-01
-5.805611610412597656e-01
-1.040613129734992981e-01
1.308976888656616211e+00
-7.241722941398620605e-01
-1.344658732414245605e+00
9.741115570068359375e-01
-1.733188390731811523e+00
1.926812291145324707e+00
2.092225253582000732e-01
4.068501293659210205e-01
-2.287780046463012695e+00
-5.989200472831726074e-01
1.801660954952239990e-01
-1.027890205383300781e+00
7.128778696060180664e-01
-9.617843478918075562e-02
-2.137357145547866821e-01
-1.506292074918746948e-01
-1.703946352005004883e+00
9.534045457839965820e-01
-1.918682932853698730e+00
-1.648373529314994812e-02
8.710166215896606445e-01
-5.331595540046691895e-01
-7.997111082077026367e-01
-1.443241000175476074e+00
2.447461336851119995e-02
4.121372997760772705e-01
-5.514003038406372070e-01
6.927352547645568848e-01
2.908480167388916016e-01
-9.779656529426574707e-01
-4.834644496440887451e-01
2.731668233871459961e+00
-3.876774311065673828e-01
7.724077105522155762e-01
-1.853648722171783447e-01
-3.038234710693359375e+00
-8.641316294670104980e-01
-6.820139288902282715e-01
-1.096489191055297852e+00
-4.353543221950531006e-01
2.317066192626953125e-01
-7.812395691871643066e-01
3.885635733604431152e-02
4.358420670032501221e-01
-5.222513675689697266e-01
-5.982701480388641357e-02
1.541076898574829102e+00
-1.389699578285217285e+00
-1.817130744457244873e-01
-6.091235876083374023e-01
3.020546913146972656e+00
1.718639492988586426e+00
5.473964810371398926e-01
-1.160987138748168945e+00
-9.529058337211608887e-01
1.693266630172729492e+00
-2.195901155471801758e+00
-8.185893297195434570e-01
-1.185617804527282715e+00
5.414273142814636230e-01
-1.103339433670043945e+00
-1.271109580993652344e+00
1.085127353668212891e+00
1.716440796852111816e+00
4.126483500003814697e-01
1.688489079475402832e+00
1.881490230560302734e+00
2.050901174545288086e+00
1.814277172088623047e+00
2.921947240829467773e-01
2.945377826690673828e-01
2.052765369415283203e+00
-1.635982394218444824e+00
1.718633651733398438e+00
7.308003306388854980e-01
-9.546061158180236816e-01
-1.103350639343261719e+00
-7.074306011199951172e-01
3.206922709941864014e-01
2.053870260715484619e-01
-5.798723697662353516e-01
-1.488712787628173828e+00
1.143647670745849609e+00
1.810757398605346680e+00
8.109297752380371094e-01
-9.680957794189453125e-01
-3.993116319179534912e-01
-1.585034847259521484e+00
2.496552653610706329e-02
4.660506173968315125e-02
-9.785843491554260254e-01
4.673337340354919434e-01
-6.284931302070617676e-01
-1.391429066658020020e+00
1.508354842662811279e-01
1.010231733322143555e+00
-2.019870042800903320e+00
-1.393476575613021851e-01
1.117507100105285645e+00
-1.317637681961059570e+00
4.919907748699188232e-01
5.493962168693542480e-01
-1.718804121017456055e+00
6.503781080245971680e-01
1.606396794319152832e+00
9.952090978622436523e-01
-8.356584906578063965e-01
3.552597463130950928e-01
-1.183729544281959534e-01
-1.320052742958068848e+00
-4.994210302829742432e-01
-1.092289805412292480e+00
5.741147994995117188e-01
1.221982836723327637e+00
-5.897495746612548828e-01
6.704391241073608398e-01
1.279862284660339355e+00
-2.145260125398635864e-01
-1.497952461242675781e+00
1.403826117515563965e+00
2.010465145111083984e+00
5.354437232017517090e-01
1.221429705619812012e+00
-5.583069920539855957e-01
7.265124917030334473e-01
-7.062124013900756836e-01
-9.516406059265136719e-01
1.335602521896362305e+00
-9.528218954801559448e-02
1.273399829864501953e+00
-2.333374768495559692e-01
1.612029671669006348e-01
1.136764049530029297e+00
-2.181283712387084961e+00
3.404919803142547607e-01
1.265172123908996582e+00
2.703754425048828125e+00
-8.914846181869506836e-01
-3.253384530544281006e-01
-2.680788040161132812e+00
1.304545998573303223e+00
-2.257804393768310547e+00
3.139458298683166504e-01
5.393236279487609863e-01
-4.602746367454528809e-01
-3.881341218948364258e-01
1.244214653968811035e+00
3.136256337165832520e-01
4.744550883769989014e-01
2.851139068603515625e+00
-3.638973236083984375e-01
2.126275062561035156e+00
-1.421816200017929077e-01
9.102445840835571289e-01
-8.345123529434204102e-01
-2.759505510330200195e-01
1.466362476348876953e+00
-8.988637924194335938e-01
1.124389290809631348e+00
-9.848233461380004883e-01
-9.966287612915039062e-01
-1.005066394805908203e+00
-2.373281419277191162e-01
1.229155302047729492e+00
7.932713255286216736e-03
7.940273880958557129e-01
-3.772832155227661133e-01
-1.559219837188720703e+00
-1.823804974555969238e+00
8.547700047492980957e-01
6.300576925277709961e-01
-1.047174453735351562e+00
7.826430797576904297e-01
-1.430460810661315918e-01
1.138520985841751099e-01
8.486474156379699707e-01
-2.180883437395095825e-01
-3.429194688796997070e-01
1.949383020401000977e+00
2.914583683013916016e-01
-1.124571323394775391e+00
-9.757871031761169434e-01
2.179729938507080078e-01
1.190167546272277832e+00
7.720041275024414062e-01
-2.347244322299957275e-01
-3.701872751116752625e-02
-1.478296637535095215e+00
-1.653603792190551758e+00
-2.461415380239486694e-01
-1.066974282264709473e+00
9.808650612831115723e-01
-2.016343832015991211e+00
-5.382366776466369629e-01
-5.395128130912780762e-01
1.180259108543395996e+00
-1.753211021423339844e+00
6.881076693534851074e-01
-5.609592199325561523e-01
3.522823750972747803e-01
-2.954773604869842529e-01
-1.903539896011352539e-01
6.777322888374328613e-01
-1.073776841163635254e+00
1.371718406677246094e+00
-1.103747487068176270e+00
1.659795880317687988e+00
3.520202040672302246e-01
2.000617265701293945e+00
-7.397864460945129395e-01
9.212959408760070801e-01
2.309962511062622070e+00
8.173257857561111450e-02
3.268367946147918701e-01
1.075172185897827148e+00
4.557098448276519775e-01
-2.384914636611938477e+00
9.726347029209136963e-02
1.341346025466918945e+00
